SDPA-GMP start at Wed Jun  5 23:35:11 2024
*SDP Scan Problem: V = x^2 - 2*x^4 + x^8
* K = 6; eval = -0.9547738693467327; Domain = R+ with BCs: Neumann
data      is /Users/gorg/qmBoot/data/K=6_BC-Neumann_V_0.0_0.0_1.0_0.0_-2.0_0.0_0.0_0.0_1.0/e=-0.9547738693467327_K=6_D=R+.dat
parameter is ./param.sdpa
out       is /Users/gorg/qmBoot/data/K=6_BC-Neumann_V_0.0_0.0_1.0_0.0_-2.0_0.0_0.0_0.0_1.0/e=-0.9547738693467327_K=6_D=R+.out
DENSE computation
   mu      thetaP  thetaD  objP      objD      alphaP  alphaD  beta 
 0 1.0e+20 1.0e+00 1.0e+00 +0.00e+00 -1.02e+10 1.0e+00 9.0e-01 3.00e-01
 1 1.6e+19 8.6e-88 1.0e-01 +1.60e+10 -1.02e+09 9.0e-01 9.0e-01 3.00e-01
 2 2.5e+18 8.6e-88 1.0e-02 +2.46e+10 -1.02e+08 9.0e-01 9.0e-01 3.00e-01
 3 3.8e+17 3.5e-87 1.0e-03 +3.79e+10 -1.02e+07 9.0e-01 9.0e-01 3.00e-01
 4 5.8e+16 4.3e-87 1.0e-04 +5.84e+10 -1.02e+06 9.0e-01 9.0e-01 3.00e-01
 5 9.0e+15 5.2e-87 1.0e-05 +9.00e+10 -1.02e+05 9.0e-01 9.0e-01 3.00e-01
 6 1.4e+15 6.0e-87 1.0e-06 +1.39e+11 -1.02e+04 9.0e-01 9.0e-01 3.00e-01
 7 2.1e+14 6.9e-87 1.0e-07 +2.13e+11 -1.02e+03 9.0e-01 9.0e-01 3.00e-01
 8 3.3e+13 8.6e-87 1.0e-08 +3.29e+11 -1.02e+02 9.0e-01 9.0e-01 3.00e-01
 9 5.1e+12 1.0e-86 1.0e-09 +5.05e+11 -1.03e+01 9.0e-01 9.0e-01 3.00e-01
10 8.2e+11 1.2e-86 9.9e-11 +7.68e+11 -1.11e+00 9.1e-01 9.1e-01 3.00e-01
11 1.8e+11 1.3e-86 8.5e-12 +1.05e+12 -1.94e-01 1.6e+00 1.0e+00 3.00e-01
12 3.9e+10 9.5e-87 3.2e-94 +4.69e+11 -1.24e-01 9.7e-01 9.7e-01 1.00e-01
13 4.9e+09 7.8e-87 2.2e-94 +5.87e+10 -1.27e-01 9.9e-01 9.9e-01 1.00e-01
14 5.2e+08 6.9e-87 7.4e-94 +6.22e+09 -1.30e-01 1.0e+00 1.0e+00 1.00e-01
15 5.2e+07 7.8e-87 1.7e-93 +6.24e+08 -1.32e-01 1.0e+00 1.0e+00 1.00e-01
16 5.2e+06 8.6e-87 5.6e-93 +6.24e+07 -1.34e-01 1.0e+00 1.0e+00 1.00e-01
17 5.2e+05 1.0e-86 2.0e-92 +6.24e+06 -1.36e-01 1.0e+00 1.0e+00 1.00e-01
18 5.2e+04 1.0e-86 6.4e-92 +6.24e+05 -1.38e-01 1.0e+00 1.0e+00 1.00e-01
19 5.2e+03 9.5e-87 1.7e-91 +6.24e+04 -1.39e-01 1.0e+00 1.0e+00 1.00e-01
20 5.2e+02 9.5e-87 4.8e-91 +6.24e+03 -1.41e-01 1.0e+00 1.0e+00 1.00e-01
21 5.2e+01 1.1e-86 2.5e-90 +6.24e+02 -1.42e-01 1.0e+00 1.0e+00 1.00e-01
22 5.2e+00 1.1e-86 4.5e-90 +6.26e+01 -1.43e-01 1.0e+00 4.5e+01 1.00e-01
23 5.4e-01 1.2e-86 2.5e-87 +6.40e+00 -4.75e-02 9.7e-01 1.3e+01 1.00e-01
24 6.7e-02 1.1e-86 2.8e-86 +7.65e-01 -4.24e-02 8.7e-01 1.0e+00 1.00e-01
25 1.3e-02 1.1e-86 1.1e-87 +1.95e-01 +3.31e-02 8.6e-01 8.6e-01 1.00e-01
26 3.1e-03 1.1e-86 1.1e-88 +1.23e-01 +8.65e-02 9.3e-01 8.1e-01 1.00e-01
27 6.9e-04 1.1e-86 2.0e-89 +1.11e-01 +1.02e-01 9.4e-01 9.6e-01 1.00e-01
28 1.0e-04 1.1e-86 3.9e-90 +1.08e-01 +1.07e-01 9.7e-01 9.8e-01 1.00e-01
29 1.2e-05 1.1e-86 9.3e-90 +1.08e-01 +1.08e-01 9.9e-01 1.0e+00 1.00e-01
30 1.3e-06 1.1e-86 7.0e-91 +1.08e-01 +1.08e-01 9.9e-01 1.0e+00 1.00e-01
31 1.3e-07 1.1e-86 6.8e-91 +1.08e-01 +1.08e-01 9.9e-01 1.0e+00 1.00e-01
32 1.3e-08 1.1e-86 1.1e-88 +1.08e-01 +1.08e-01 9.9e-01 1.0e+00 1.00e-01
33 1.3e-09 1.1e-86 3.4e-88 +1.08e-01 +1.08e-01 9.9e-01 1.0e+00 1.00e-01
34 1.3e-10 1.1e-86 2.5e-88 +1.08e-01 +1.08e-01 9.9e-01 1.0e+00 1.00e-01
35 1.3e-11 1.1e-86 3.1e-88 +1.08e-01 +1.08e-01 9.9e-01 1.0e+00 1.00e-01
36 1.3e-12 1.1e-86 3.4e-88 +1.08e-01 +1.08e-01 9.9e-01 1.0e+00 1.00e-01
37 1.3e-13 1.1e-86 7.1e-88 +1.08e-01 +1.08e-01 9.9e-01 1.0e+00 1.00e-01
38 1.3e-14 1.1e-86 6.2e-88 +1.08e-01 +1.08e-01 9.9e-01 1.0e+00 1.00e-01
39 1.3e-15 1.1e-86 6.8e-88 +1.08e-01 +1.08e-01 9.9e-01 1.0e+00 1.00e-01
40 1.3e-16 1.1e-86 7.0e-88 +1.08e-01 +1.08e-01 9.9e-01 1.0e+00 1.00e-01
41 1.3e-17 1.1e-86 7.3e-88 +1.08e-01 +1.08e-01 9.9e-01 1.0e+00 1.00e-01
42 1.3e-18 1.1e-86 7.7e-88 +1.08e-01 +1.08e-01 9.9e-01 1.0e+00 1.00e-01
43 1.3e-19 1.1e-86 6.9e-88 +1.08e-01 +1.08e-01 9.9e-01 1.0e+00 1.00e-01
44 1.3e-20 1.1e-86 7.4e-88 +1.08e-01 +1.08e-01 9.9e-01 1.0e+00 1.00e-01
45 1.3e-21 1.1e-86 3.1e-85 +1.08e-01 +1.08e-01 9.9e-01 1.0e+00 1.00e-01
46 1.3e-22 1.1e-86 5.7e-85 +1.08e-01 +1.08e-01 9.9e-01 1.0e+00 1.00e-01
47 1.3e-23 1.1e-86 2.5e-85 +1.08e-01 +1.08e-01 9.9e-01 1.0e+00 1.00e-01
48 1.3e-24 1.1e-86 5.6e-85 +1.08e-01 +1.08e-01 9.9e-01 1.0e+00 1.00e-01
49 1.3e-25 1.1e-86 2.8e-84 +1.08e-01 +1.08e-01 9.9e-01 1.0e+00 1.00e-01
50 1.3e-26 1.1e-86 5.1e-84 +1.08e-01 +1.08e-01 9.9e-01 1.0e+00 1.00e-01
51 1.3e-27 1.1e-86 2.4e-86 +1.08e-01 +1.08e-01 9.9e-01 1.0e+00 1.00e-01
52 1.3e-28 1.1e-86 6.4e-88 +1.08e-01 +1.08e-01 9.9e-01 1.0e+00 1.00e-01
53 1.3e-29 1.1e-86 7.7e-88 +1.08e-01 +1.08e-01 9.9e-01 1.0e+00 1.00e-01
54 1.3e-30 1.1e-86 7.6e-88 +1.08e-01 +1.08e-01 9.9e-01 1.0e+00 1.00e-01
55 1.3e-31 1.1e-86 7.3e-88 +1.08e-01 +1.08e-01 9.9e-01 1.0e+00 1.00e-01
56 1.3e-32 1.1e-86 1.3e-87 +1.08e-01 +1.08e-01 9.9e-01 1.0e+00 1.00e-01

phase.value = pdOPT     
   Iteration = 56
          mu = 1.2688094965588786e-32
relative gap = 1.5225713958706543e-31
         gap = 1.5225713958706543e-31
      digits = 2.9849290025485271e+01
objValPrimal = 1.0761373181105490e-01
objValDual   = 1.0761373181105490e-01
p.feas.error = 1.1314814775620620e-76
d.feas.error = 1.5937688107392492e-76
relative eps = 8.6361685550944446e-78
total time   = 0.110


Parameters are
maxIteration =    200
epsilonStar  = 1.000e-30
lambdaStar   = 1.000e+10
omegaStar    = 2.000e+00
lowerBound   = -1.000e+05
upperBound   = 1.000e+05
betaStar     = 1.000e-01
betaBar      = 3.000e-01
gammaStar    = 9.000e-01
epsilonDash  = 1.000e-30
precision    =    200

                         Time(sec)  Ratio(% : MainLoop) 
 Predictor time  =       0.050000,  45.454545
 Corrector time  =       0.010000,  9.090909
 Make bMat time  =       0.040000,  36.363636
 Make bDia time  =       0.000000,  0.000000
 Make bF1  time  =       0.030000,  27.272727
 Make bF2  time  =       0.010000,  9.090909
 Make bF3  time  =       0.000000,  0.000000
 Make bPRE time  =       0.030000,  27.272727
 Make rMat time  =       0.000000,  0.000000
 Make gVec Mul   =       0.000000,  0.000000
 Make gVec time  =       0.000000,  0.000000
 Cholesky bMat   =       0.010000,  9.090909
 Ste Pre time    =       0.000000,  0.000000
 Ste Cor time    =       0.030000,  27.272727
 solve           =       0.000000,  0.000000
 sumDz           =       0.000000,  0.000000
 makedX          =       0.010000,  9.090909
 symmetriseDx    =       0.000000,  0.000000
 makedXdZ        =       0.010000,  9.090909
 xMatTime        =       0.010000,  9.090909
 zMatTime        =       0.010000,  9.090909
 invzMatTime     =       0.000000,  0.000000
 xMatzMatTime    =       0.000000,  0.000000
 EigxMatTime     =       0.010000,  9.090909
 EigzMatTime     =       0.020000,  18.181818
 EigxMatzMatTime =       0.000000,  0.000000
 updateRes       =       0.000000,  0.000000
 EigTime         =       0.030000,  27.272727
 sub_total_bMat  =       0.070000,  63.636364
 Main Loop       =       0.110000,  100.000000
 File Check      =       0.000000,  0.000000
 File Change     =       0.000000,  0.000000
 File Read       =       0.000000,  0.000000
 Total           =       0.110000,  100.000000

xVec = 
{-1.076137318111e-01,+3.698002364989e-01,+2.690677306460e-01,+2.344020622147e-01,+2.838488099128e-01,+1.346265895548e-01,+1.339177700565e-01,+9.963894827717e-02}
xMat = 
{
{ {+1.107613731811e+00,+3.698002364989e-01,+2.690677306460e-01,+2.344020622147e-01,+2.838488099128e-01,+1.346265895548e-01 },
  {+3.698002364989e-01,+3.766814624571e-01,+2.344020622147e-01,+2.838488099128e-01,+1.346265895548e-01,+1.339177700565e-01 },
  {+2.690677306460e-01,+2.344020622147e-01,+3.914625417238e-01,+1.346265895548e-01,+1.339177700565e-01,+9.963894827717e-02 },
  {+2.344020622147e-01,+2.838488099128e-01,+1.346265895548e-01,+2.415315018675e-01,+9.963894827717e-02,+4.203670576758e-02 },
  {+2.838488099128e-01,+1.346265895548e-01,+1.339177700565e-01,+9.963894827717e-02,+1.496504375786e-01,-2.584587432394e-02 },
  {+1.346265895548e-01,+1.339177700565e-01,+9.963894827717e-02,+4.203670576758e-02,-2.584587432394e-02,+2.409117240965e-01 }   }
{ {+4.774139683100e-01,+2.690677306460e-01,+2.344020622147e-01,+2.838488099128e-01,+1.346265895548e-01,+1.339177700565e-01 },
  {+2.690677306460e-01,+3.420157940257e-01,+2.838488099128e-01,+1.346265895548e-01,+1.339177700565e-01,+9.963894827717e-02 },
  {+2.344020622147e-01,+2.838488099128e-01,+2.422403213659e-01,+1.339177700565e-01,+9.963894827717e-02,+4.203670576758e-02 },
  {+2.838488099128e-01,+1.346265895548e-01,+1.339177700565e-01,+2.072526800882e-01,+4.203670576758e-02,-2.584587432394e-02 },
  {+1.346265895548e-01,+1.339177700565e-01,+9.963894827717e-02,+4.203670576758e-02,+8.176785748712e-02,+1.332979922854e-01 },
  {+1.339177700565e-01,+9.963894827717e-02,+4.203670576758e-02,-2.584587432394e-02,+1.332979922854e-01,+3.383802311675e-01 }   }
}
yMat = 
{
{ {+3.087704356397e-32,+2.843704682928e-23,-2.496008501686e-24,-2.723030897288e-23,-7.080709253956e-24,-1.078345558116e-23 },
  {+2.843704682928e-23,+7.399749516973e-02,-6.494991517354e-03,-7.085738082140e-02,-1.842507579992e-02,-2.806018166560e-02 },
  {-2.496008501686e-24,-6.494991517354e-03,+5.700857132224e-04,+6.219373862876e-03,+1.617226512230e-03,+2.462929879930e-03 },
  {-2.723030897288e-23,-7.085738082140e-02,+6.219373862876e-03,+6.785051852570e-02,+1.764320007891e-02,+2.686943623749e-02 },
  {-7.080709253956e-24,-1.842507579992e-02,+1.617226512230e-03,+1.764320007891e-02,+4.587769051561e-03,+6.986871284796e-03 },
  {-1.078345558116e-23,-2.806018166560e-02,+2.462929879930e-03,+2.686943623749e-02,+6.986871284796e-03,+1.064054659284e-02 }   }
{ {+1.527888538044e-01,+7.397296296550e-02,-5.618613809432e-02,-1.896442613301e-01,-1.688849007943e-01,-2.322639883772e-02 },
  {+7.397296296550e-02,+6.696848483150e-02,-7.634556524578e-02,-8.927724283292e-02,-4.755692739913e-02,-2.759574045654e-02 },
  {-5.618613809432e-02,-7.634556524578e-02,+1.028389324489e-01,+6.619710969735e-02,-5.912586149413e-03,+3.932665391961e-02 },
  {-1.896442613301e-01,-8.927724283292e-02,+6.619710969735e-02,+2.356429200269e-01,+2.110131332444e-01,+2.799303314977e-02 },
  {-1.688849007943e-01,-4.755692739913e-02,-5.912586149413e-03,+2.110131332444e-01,+2.666494517453e-01,-7.347534595396e-03 },
  {-2.322639883772e-02,-2.759574045654e-02,+3.932665391961e-02,+2.799303314977e-02,-7.347534595396e-03,+1.746494208993e-02 }   }
}
    main loop time = 0.110000
        total time = 0.110000
  file   read time = 0.000000
