SDPA-GMP start at Wed Jun  5 23:35:12 2024
*SDP Scan Problem: V = x^2 - 2*x^4 + x^8
* K = 6; eval = -0.4522613065326624; Domain = R+ with BCs: Neumann
data      is /Users/gorg/qmBoot/data/K=6_BC-Neumann_V_0.0_0.0_1.0_0.0_-2.0_0.0_0.0_0.0_1.0/e=-0.4522613065326624_K=6_D=R+.dat
parameter is ./param.sdpa
out       is /Users/gorg/qmBoot/data/K=6_BC-Neumann_V_0.0_0.0_1.0_0.0_-2.0_0.0_0.0_0.0_1.0/e=-0.4522613065326624_K=6_D=R+.out
DENSE computation
   mu      thetaP  thetaD  objP      objD      alphaP  alphaD  beta 
 0 1.0e+20 1.0e+00 1.0e+00 +0.00e+00 -1.12e+10 1.0e+00 9.0e-01 3.00e-01
 1 1.6e+19 8.6e-88 1.0e-01 +1.60e+10 -1.12e+09 9.0e-01 9.0e-01 3.00e-01
 2 2.5e+18 1.7e-87 1.0e-02 +2.46e+10 -1.12e+08 9.0e-01 9.0e-01 3.00e-01
 3 3.8e+17 3.5e-87 1.0e-03 +3.79e+10 -1.12e+07 9.0e-01 9.0e-01 3.00e-01
 4 5.8e+16 5.2e-87 1.0e-04 +5.84e+10 -1.12e+06 9.0e-01 9.0e-01 3.00e-01
 5 9.0e+15 4.3e-87 1.0e-05 +9.00e+10 -1.12e+05 9.0e-01 9.0e-01 3.00e-01
 6 1.4e+15 6.0e-87 1.0e-06 +1.39e+11 -1.12e+04 9.0e-01 9.0e-01 3.00e-01
 7 2.1e+14 7.8e-87 1.0e-07 +2.13e+11 -1.12e+03 9.0e-01 9.0e-01 3.00e-01
 8 3.3e+13 9.5e-87 1.0e-08 +3.29e+11 -1.12e+02 9.0e-01 9.0e-01 3.00e-01
 9 5.1e+12 1.0e-86 1.0e-09 +5.05e+11 -1.13e+01 9.0e-01 9.0e-01 3.00e-01
10 8.3e+11 1.2e-86 9.9e-11 +7.68e+11 -1.22e+00 9.1e-01 9.1e-01 3.00e-01
11 1.8e+11 1.2e-86 9.1e-12 +1.04e+12 -2.15e-01 1.5e+00 1.0e+00 3.00e-01
12 4.4e+10 1.3e-86 2.0e-94 +5.27e+11 -1.38e-01 9.7e-01 9.7e-01 1.00e-01
13 5.4e+09 1.3e-86 3.5e-94 +6.46e+10 -1.43e-01 9.9e-01 9.9e-01 1.00e-01
14 5.8e+08 1.1e-86 8.2e-94 +6.95e+09 -1.47e-01 1.0e+00 1.0e+00 1.00e-01
15 5.8e+07 1.1e-86 2.2e-93 +7.01e+08 -1.51e-01 1.0e+00 1.0e+00 1.00e-01
16 5.9e+06 8.6e-87 5.9e-93 +7.04e+07 -1.55e-01 1.0e+00 1.0e+00 1.00e-01
17 5.9e+05 6.9e-87 1.5e-92 +7.04e+06 -1.58e-01 1.0e+00 1.0e+00 1.00e-01
18 5.9e+04 7.8e-87 4.8e-92 +7.04e+05 -1.61e-01 1.0e+00 1.0e+00 1.00e-01
19 5.9e+03 7.8e-87 2.2e-91 +7.04e+04 -1.63e-01 1.0e+00 1.0e+00 1.00e-01
20 5.9e+02 7.9e-87 5.3e-91 +7.04e+03 -1.66e-01 1.0e+00 1.0e+00 1.00e-01
21 5.9e+01 9.5e-87 2.0e-90 +7.04e+02 -1.68e-01 1.0e+00 1.0e+00 1.00e-01
22 5.9e+00 9.6e-87 5.7e-90 +7.05e+01 -1.69e-01 1.0e+00 8.5e+01 1.00e-01
23 6.0e-01 1.1e-86 3.8e-87 +7.10e+00 -1.01e-01 9.8e-01 9.0e+00 1.00e-01
24 6.9e-02 1.0e-86 2.8e-86 +7.49e-01 -8.02e-02 9.3e-01 1.1e+00 1.00e-01
25 1.0e-02 9.7e-87 4.2e-87 +9.80e-02 -2.71e-02 8.0e-01 9.5e-01 1.00e-01
26 2.6e-03 9.7e-87 1.2e-88 +3.37e-02 +3.03e-03 7.9e-01 8.9e-01 1.00e-01
27 6.1e-04 9.7e-87 1.8e-88 +2.39e-02 +1.66e-02 9.3e-01 9.4e-01 1.00e-01
28 9.7e-05 9.7e-87 1.9e-89 +2.14e-02 +2.02e-02 9.5e-01 9.2e-01 1.00e-01
29 1.6e-05 9.7e-87 2.6e-90 +2.11e-02 +2.09e-02 9.8e-01 9.8e-01 1.00e-01
30 1.9e-06 9.7e-87 2.8e-90 +2.10e-02 +2.10e-02 9.9e-01 9.7e-01 1.00e-01
31 2.3e-07 9.7e-87 1.6e-90 +2.10e-02 +2.10e-02 1.0e+00 9.9e-01 1.00e-01
32 2.4e-08 9.7e-87 3.8e-89 +2.10e-02 +2.10e-02 1.0e+00 1.0e+00 1.00e-01
33 2.4e-09 9.7e-87 8.2e-89 +2.10e-02 +2.10e-02 1.0e+00 1.0e+00 1.00e-01
34 2.4e-10 9.7e-87 4.7e-88 +2.10e-02 +2.10e-02 1.0e+00 1.0e+00 1.00e-01
35 2.4e-11 9.7e-87 4.7e-88 +2.10e-02 +2.10e-02 1.0e+00 1.0e+00 1.00e-01
36 2.4e-12 9.7e-87 6.7e-88 +2.10e-02 +2.10e-02 1.0e+00 1.0e+00 1.00e-01
37 2.4e-13 9.7e-87 7.5e-88 +2.10e-02 +2.10e-02 1.0e+00 1.0e+00 1.00e-01
38 2.4e-14 9.7e-87 9.5e-88 +2.10e-02 +2.10e-02 1.0e+00 1.0e+00 1.00e-01
39 2.4e-15 9.7e-87 8.7e-88 +2.10e-02 +2.10e-02 1.0e+00 1.0e+00 1.00e-01
40 2.4e-16 9.7e-87 7.9e-88 +2.10e-02 +2.10e-02 1.0e+00 1.0e+00 1.00e-01
41 2.4e-17 9.7e-87 9.9e-88 +2.10e-02 +2.10e-02 1.0e+00 1.0e+00 1.00e-01
42 2.4e-18 9.7e-87 9.5e-88 +2.10e-02 +2.10e-02 1.0e+00 1.0e+00 1.00e-01
43 2.4e-19 9.7e-87 8.7e-88 +2.10e-02 +2.10e-02 1.0e+00 1.0e+00 1.00e-01
44 2.4e-20 9.7e-87 8.8e-88 +2.10e-02 +2.10e-02 1.0e+00 1.0e+00 1.00e-01
45 2.4e-21 9.7e-87 7.6e-84 +2.10e-02 +2.10e-02 1.0e+00 1.0e+00 1.00e-01
46 2.4e-22 9.7e-87 4.2e-83 +2.10e-02 +2.10e-02 1.0e+00 1.0e+00 1.00e-01
47 2.4e-23 9.7e-87 8.4e-83 +2.10e-02 +2.10e-02 1.0e+00 1.0e+00 1.00e-01
48 2.4e-24 9.7e-87 8.3e-84 +2.10e-02 +2.10e-02 1.0e+00 1.0e+00 1.00e-01
49 2.4e-25 9.7e-87 3.2e-84 +2.10e-02 +2.10e-02 1.0e+00 1.0e+00 1.00e-01
50 2.4e-26 9.7e-87 1.1e-83 +2.10e-02 +2.10e-02 1.0e+00 1.0e+00 1.00e-01
51 2.4e-27 9.7e-87 7.8e-83 +2.10e-02 +2.10e-02 1.0e+00 1.0e+00 1.00e-01
52 2.4e-28 9.7e-87 1.0e-81 +2.10e-02 +2.10e-02 1.0e+00 1.0e+00 1.00e-01
53 2.4e-29 9.7e-87 5.5e-81 +2.10e-02 +2.10e-02 1.0e+00 1.0e+00 1.00e-01
54 2.4e-30 9.7e-87 4.9e-80 +2.10e-02 +2.10e-02 1.0e+00 1.0e+00 1.00e-01
55 2.4e-31 9.7e-87 1.3e-82 +2.10e-02 +2.10e-02 1.0e+00 1.0e+00 1.00e-01
56 2.4e-32 9.7e-87 3.4e-85 +2.10e-02 +2.10e-02 1.0e+00 1.0e+00 1.00e-01

phase.value = pdOPT     
   Iteration = 56
          mu = 2.3659064353873378e-32
relative gap = 2.8390877224648054e-31
         gap = 2.8390877224648054e-31
      digits = 2.8869446636614633e+01
objValPrimal = 2.1019648448886383e-02
objValDual   = 2.1019648448886383e-02
p.feas.error = 9.7174052679508802e-77
d.feas.error = 4.1013164468143518e-74
relative eps = 8.6361685550944446e-78
total time   = 0.100


Parameters are
maxIteration =    200
epsilonStar  = 1.000e-30
lambdaStar   = 1.000e+10
omegaStar    = 2.000e+00
lowerBound   = -1.000e+05
upperBound   = 1.000e+05
betaStar     = 1.000e-01
betaBar      = 3.000e-01
gammaStar    = 9.000e-01
epsilonDash  = 1.000e-30
precision    =    200

                         Time(sec)  Ratio(% : MainLoop) 
 Predictor time  =       0.020000,  20.000000
 Corrector time  =       0.020000,  20.000000
 Make bMat time  =       0.010000,  10.000000
 Make bDia time  =       0.000000,  0.000000
 Make bF1  time  =       0.010000,  10.000000
 Make bF2  time  =       0.000000,  0.000000
 Make bF3  time  =       0.000000,  0.000000
 Make bPRE time  =       0.010000,  10.000000
 Make rMat time  =       0.010000,  10.000000
 Make gVec Mul   =       0.000000,  0.000000
 Make gVec time  =       0.000000,  0.000000
 Cholesky bMat   =       0.010000,  10.000000
 Ste Pre time    =       0.000000,  0.000000
 Ste Cor time    =       0.040000,  40.000000
 solve           =       0.000000,  0.000000
 sumDz           =       0.000000,  0.000000
 makedX          =       0.010000,  10.000000
 symmetriseDx    =       0.000000,  0.000000
 makedXdZ        =       0.010000,  10.000000
 xMatTime        =       0.010000,  10.000000
 zMatTime        =       0.010000,  10.000000
 invzMatTime     =       0.000000,  0.000000
 xMatzMatTime    =       0.000000,  0.000000
 EigxMatTime     =       0.030000,  30.000000
 EigzMatTime     =       0.010000,  10.000000
 EigxMatzMatTime =       0.000000,  0.000000
 updateRes       =       0.000000,  0.000000
 EigTime         =       0.040000,  40.000000
 sub_total_bMat  =       0.090000,  90.000000
 Main Loop       =       0.100000,  100.000000
 File Check      =       0.000000,  0.000000
 File Change     =       0.000000,  0.000000
 File Read       =       0.000000,  0.000000
 Total           =       0.100000,  100.000000

xVec = 
{-2.101964844889e-02,+8.217541186115e-01,+6.847028347468e-01,+5.924183168372e-01,+5.212410066563e-01,+4.367746697790e-01,+3.707142000823e-01,+3.191767577498e-01}
xMat = 
{
{ {+1.021019648449e+00,+8.217541186115e-01,+6.847028347468e-01,+5.924183168372e-01,+5.212410066563e-01,+4.367746697790e-01 },
  {+8.217541186115e-01,+7.057224831956e-01,+5.924183168372e-01,+5.212410066563e-01,+4.367746697790e-01,+3.707142000823e-01 },
  {+6.847028347468e-01,+5.924183168372e-01,+5.422606551052e-01,+4.367746697790e-01,+3.707142000823e-01,+3.191767577498e-01 },
  {+5.924183168372e-01,+5.212410066563e-01,+4.367746697790e-01,+3.917338485312e-01,+3.191767577498e-01,+2.611558127823e-01 },
  {+5.212410066563e-01,+4.367746697790e-01,+3.707142000823e-01,+3.191767577498e-01,+2.821754612312e-01,+2.622212253425e-01 },
  {+4.367746697790e-01,+3.707142000823e-01,+3.191767577498e-01,+2.611558127823e-01,+2.622212253425e-01,+3.343316739218e-01 }   }
{ {+8.427737670604e-01,+6.847028347468e-01,+5.924183168372e-01,+5.212410066563e-01,+4.367746697790e-01,+3.707142000823e-01 },
  {+6.847028347468e-01,+6.134379652861e-01,+5.212410066563e-01,+4.367746697790e-01,+3.707142000823e-01,+3.191767577498e-01 },
  {+5.924183168372e-01,+5.212410066563e-01,+4.577943182279e-01,+3.707142000823e-01,+3.191767577498e-01,+2.611558127823e-01 },
  {+5.212410066563e-01,+4.367746697790e-01,+3.707142000823e-01,+3.401964061987e-01,+2.611558127823e-01,+2.622212253425e-01 },
  {+4.367746697790e-01,+3.707142000823e-01,+3.191767577498e-01,+2.611558127823e-01,+2.832408737914e-01,+3.133120254729e-01 },
  {+3.707142000823e-01,+3.191767577498e-01,+2.611558127823e-01,+2.622212253425e-01,+3.133120254729e-01,+7.091522644270e-01 }   }
}
yMat = 
{
{ {+3.815417980270e-02,-7.058178947009e-02,+9.712386395713e-03,+8.773718333660e-02,-1.008038158661e-01,+2.967337468719e-02 },
  {-7.058178947009e-02,+1.305699409753e-01,-1.796703835279e-02,-1.623058714664e-01,+1.864779624679e-01,-5.489306534351e-02 },
  {+9.712386395713e-03,-1.796703835279e-02,+2.472349031939e-03,+2.233405174067e-02,-2.566024521864e-02,+7.553544123265e-03 },
  {+8.773718333660e-02,-1.623058714664e-01,+2.233405174067e-02,+2.017554401548e-01,-2.318027256622e-01,+6.823520590949e-02 },
  {-1.008038158661e-01,+1.864779624679e-01,-2.566024521864e-02,-2.318027256622e-01,+2.663249307338e-01,-7.839742365213e-02 },
  {+2.967337468719e-02,-5.489306534351e-02,+7.553544123265e-03,+6.823520590949e-02,-7.839742365213e-02,+2.307765937780e-02 }   }
{ {+6.005543065501e-02,+4.516686475989e-02,-1.425871980509e-02,-9.867825447405e-02,-6.577360775439e-02,+1.907535084055e-02 },
  {+4.516686475989e-02,+3.396937878869e-02,-1.072378737546e-02,-7.421456021478e-02,-4.946742723865e-02,+1.434630943889e-02 },
  {-1.425871980509e-02,-1.072378737546e-02,+3.385390601028e-03,+2.342878181132e-02,+1.561636363791e-02,-4.528983971186e-03 },
  {-9.867825447405e-02,-7.421456021478e-02,+2.342878181132e-02,+1.621401728343e-01,+1.080739032736e-01,-3.134308261376e-02 },
  {-6.577360775439e-02,-4.946742723865e-02,+1.561636363791e-02,+1.080739032736e-01,+7.203624101674e-02,-2.089161013882e-02 },
  {+1.907535084055e-02,+1.434630943889e-02,-4.528983971186e-03,-3.134308261376e-02,-2.089161013882e-02,+6.058886027813e-03 }   }
}
    main loop time = 0.100000
        total time = 0.100000
  file   read time = 0.000000
