SDPA-GMP start at Wed Jun  5 23:35:12 2024
*SDP Scan Problem: V = x^2 - 2*x^4 + x^8
* K = 6; eval = -0.5527638190954764; Domain = R+ with BCs: Neumann
data      is /Users/gorg/qmBoot/data/K=6_BC-Neumann_V_0.0_0.0_1.0_0.0_-2.0_0.0_0.0_0.0_1.0/e=-0.5527638190954764_K=6_D=R+.dat
parameter is ./param.sdpa
out       is /Users/gorg/qmBoot/data/K=6_BC-Neumann_V_0.0_0.0_1.0_0.0_-2.0_0.0_0.0_0.0_1.0/e=-0.5527638190954764_K=6_D=R+.out
DENSE computation
   mu      thetaP  thetaD  objP      objD      alphaP  alphaD  beta 
 0 1.0e+20 1.0e+00 1.0e+00 +0.00e+00 -1.10e+10 1.0e+00 9.0e-01 3.00e-01
 1 1.6e+19 8.6e-88 1.0e-01 +1.60e+10 -1.10e+09 9.0e-01 9.0e-01 3.00e-01
 2 2.5e+18 1.7e-87 1.0e-02 +2.46e+10 -1.10e+08 9.0e-01 9.0e-01 3.00e-01
 3 3.8e+17 2.6e-87 1.0e-03 +3.79e+10 -1.10e+07 9.0e-01 9.0e-01 3.00e-01
 4 5.8e+16 5.2e-87 1.0e-04 +5.84e+10 -1.10e+06 9.0e-01 9.0e-01 3.00e-01
 5 9.0e+15 4.3e-87 1.0e-05 +9.00e+10 -1.10e+05 9.0e-01 9.0e-01 3.00e-01
 6 1.4e+15 6.0e-87 1.0e-06 +1.39e+11 -1.10e+04 9.0e-01 9.0e-01 3.00e-01
 7 2.1e+14 7.8e-87 1.0e-07 +2.13e+11 -1.10e+03 9.0e-01 9.0e-01 3.00e-01
 8 3.3e+13 9.5e-87 1.0e-08 +3.29e+11 -1.10e+02 9.0e-01 9.0e-01 3.00e-01
 9 5.1e+12 1.0e-86 1.0e-09 +5.05e+11 -1.11e+01 9.0e-01 9.0e-01 3.00e-01
10 8.3e+11 1.2e-86 9.9e-11 +7.68e+11 -1.20e+00 9.1e-01 9.1e-01 3.00e-01
11 1.8e+11 1.3e-86 9.0e-12 +1.04e+12 -2.11e-01 1.5e+00 1.0e+00 3.00e-01
12 4.3e+10 1.1e-86 3.6e-89 +5.17e+11 -1.35e-01 9.8e-01 9.8e-01 1.00e-01
13 5.2e+09 9.5e-87 8.5e-91 +6.27e+10 -1.40e-01 9.9e-01 9.9e-01 1.00e-01
14 5.6e+08 9.5e-87 8.2e-93 +6.74e+09 -1.44e-01 1.0e+00 1.0e+00 1.00e-01
15 5.7e+07 6.9e-87 5.3e-93 +6.80e+08 -1.47e-01 1.0e+00 1.0e+00 1.00e-01
16 5.7e+06 7.8e-87 9.0e-93 +6.82e+07 -1.51e-01 1.0e+00 1.0e+00 1.00e-01
17 5.7e+05 9.5e-87 3.3e-92 +6.82e+06 -1.54e-01 1.0e+00 1.0e+00 1.00e-01
18 5.7e+04 8.6e-87 1.5e-91 +6.82e+05 -1.56e-01 1.0e+00 1.0e+00 1.00e-01
19 5.7e+03 8.6e-87 3.8e-91 +6.82e+04 -1.59e-01 1.0e+00 1.0e+00 1.00e-01
20 5.7e+02 9.5e-87 1.4e-90 +6.82e+03 -1.61e-01 1.0e+00 1.0e+00 1.00e-01
21 5.7e+01 1.0e-86 3.7e-90 +6.82e+02 -1.63e-01 1.0e+00 1.0e+00 1.00e-01
22 5.7e+00 1.2e-86 1.4e-89 +6.83e+01 -1.64e-01 1.0e+00 7.3e+01 1.00e-01
23 5.8e-01 1.2e-86 2.6e-87 +6.90e+00 -8.93e-02 9.8e-01 9.6e+00 1.00e-01
24 6.8e-02 1.2e-86 2.0e-86 +7.40e-01 -7.63e-02 9.3e-01 1.1e+00 1.00e-01
25 1.1e-02 1.2e-86 2.5e-87 +1.06e-01 -2.08e-02 8.3e-01 9.3e-01 1.00e-01
26 2.4e-03 1.2e-86 9.1e-89 +3.76e-02 +8.22e-03 8.9e-01 8.5e-01 1.00e-01
27 5.4e-04 1.2e-86 2.7e-89 +2.90e-02 +2.25e-02 9.4e-01 8.8e-01 1.00e-01
28 1.0e-04 1.2e-86 8.1e-90 +2.72e-02 +2.60e-02 9.4e-01 9.3e-01 1.00e-01
29 1.7e-05 1.2e-86 8.4e-90 +2.70e-02 +2.68e-02 9.9e-01 9.9e-01 1.00e-01
30 1.8e-06 1.2e-86 5.7e-90 +2.69e-02 +2.69e-02 9.6e-01 1.0e+00 1.00e-01
31 2.0e-07 1.2e-86 8.7e-90 +2.69e-02 +2.69e-02 9.8e-01 1.0e+00 1.00e-01
32 2.0e-08 1.2e-86 1.2e-90 +2.69e-02 +2.69e-02 9.8e-01 1.0e+00 1.00e-01
33 2.0e-09 1.2e-86 1.7e-91 +2.69e-02 +2.69e-02 9.8e-01 1.0e+00 1.00e-01
34 2.0e-10 1.2e-86 7.2e-89 +2.69e-02 +2.69e-02 9.8e-01 1.0e+00 1.00e-01
35 2.0e-11 1.2e-86 1.4e-88 +2.69e-02 +2.69e-02 9.8e-01 1.0e+00 1.00e-01
36 2.0e-12 1.2e-86 2.4e-88 +2.69e-02 +2.69e-02 9.8e-01 1.0e+00 1.00e-01
37 2.0e-13 1.2e-86 3.2e-88 +2.69e-02 +2.69e-02 9.8e-01 1.0e+00 1.00e-01
38 2.0e-14 1.2e-86 4.3e-88 +2.69e-02 +2.69e-02 9.8e-01 1.0e+00 1.00e-01
39 2.0e-15 1.2e-86 3.6e-88 +2.69e-02 +2.69e-02 9.8e-01 1.0e+00 1.00e-01
40 2.0e-16 1.2e-86 3.6e-88 +2.69e-02 +2.69e-02 9.8e-01 1.0e+00 1.00e-01
41 2.0e-17 1.2e-86 4.3e-88 +2.69e-02 +2.69e-02 9.8e-01 1.0e+00 1.00e-01
42 2.0e-18 1.2e-86 4.3e-88 +2.69e-02 +2.69e-02 9.8e-01 1.0e+00 1.00e-01
43 2.0e-19 1.2e-86 5.0e-88 +2.69e-02 +2.69e-02 9.8e-01 1.0e+00 1.00e-01
44 2.0e-20 1.2e-86 5.0e-88 +2.69e-02 +2.69e-02 9.8e-01 1.0e+00 1.00e-01
45 2.0e-21 1.2e-86 5.3e-88 +2.69e-02 +2.69e-02 9.8e-01 1.0e+00 1.00e-01
46 2.0e-22 1.2e-86 1.3e-85 +2.69e-02 +2.69e-02 9.8e-01 1.0e+00 1.00e-01
47 2.0e-23 1.2e-86 2.8e-86 +2.69e-02 +2.69e-02 9.8e-01 1.0e+00 1.00e-01
48 2.0e-24 1.2e-86 4.8e-86 +2.69e-02 +2.69e-02 9.8e-01 1.0e+00 1.00e-01
49 2.0e-25 1.2e-86 2.4e-85 +2.69e-02 +2.69e-02 9.8e-01 1.0e+00 1.00e-01
50 2.0e-26 1.2e-86 2.6e-87 +2.69e-02 +2.69e-02 9.8e-01 1.0e+00 1.00e-01
51 2.0e-27 1.2e-86 5.3e-88 +2.69e-02 +2.69e-02 9.8e-01 1.0e+00 1.00e-01
52 2.0e-28 1.2e-86 6.9e-88 +2.69e-02 +2.69e-02 9.8e-01 1.0e+00 1.00e-01
53 2.0e-29 1.2e-86 5.2e-88 +2.69e-02 +2.69e-02 9.8e-01 1.0e+00 1.00e-01
54 2.0e-30 1.2e-86 6.3e-88 +2.69e-02 +2.69e-02 9.8e-01 1.0e+00 1.00e-01
55 2.0e-31 1.2e-86 5.2e-88 +2.69e-02 +2.69e-02 9.8e-01 1.0e+00 1.00e-01
56 2.0e-32 1.2e-86 3.4e-88 +2.69e-02 +2.69e-02 9.8e-01 1.0e+00 1.00e-01

phase.value = pdOPT     
   Iteration = 56
          mu = 2.0363639709553294e-32
relative gap = 2.4436367651463953e-31
         gap = 2.4436367651463953e-31
      digits = 2.9042102175114369e+01
objValPrimal = 2.6923953120282662e-02
objValDual   = 2.6923953120282662e-02
p.feas.error = 1.2462771393294444e-76
d.feas.error = 4.1024400484717299e-77
relative eps = 8.6361685550944446e-78
total time   = 0.110


Parameters are
maxIteration =    200
epsilonStar  = 1.000e-30
lambdaStar   = 1.000e+10
omegaStar    = 2.000e+00
lowerBound   = -1.000e+05
upperBound   = 1.000e+05
betaStar     = 1.000e-01
betaBar      = 3.000e-01
gammaStar    = 9.000e-01
epsilonDash  = 1.000e-30
precision    =    200

                         Time(sec)  Ratio(% : MainLoop) 
 Predictor time  =       0.040000,  36.363636
 Corrector time  =       0.010000,  9.090909
 Make bMat time  =       0.010000,  9.090909
 Make bDia time  =       0.000000,  0.000000
 Make bF1  time  =       0.010000,  9.090909
 Make bF2  time  =       0.000000,  0.000000
 Make bF3  time  =       0.000000,  0.000000
 Make bPRE time  =       0.010000,  9.090909
 Make rMat time  =       0.000000,  0.000000
 Make gVec Mul   =       0.000000,  0.000000
 Make gVec time  =       0.010000,  9.090909
 Cholesky bMat   =       0.000000,  0.000000
 Ste Pre time    =       0.000000,  0.000000
 Ste Cor time    =       0.050000,  45.454545
 solve           =       0.000000,  0.000000
 sumDz           =       0.000000,  0.000000
 makedX          =       0.030000,  27.272727
 symmetriseDx    =       0.000000,  0.000000
 makedXdZ        =       0.030000,  27.272727
 xMatTime        =       0.000000,  0.000000
 zMatTime        =       0.010000,  9.090909
 invzMatTime     =       0.000000,  0.000000
 xMatzMatTime    =       0.000000,  0.000000
 EigxMatTime     =       0.030000,  27.272727
 EigzMatTime     =       0.010000,  9.090909
 EigxMatzMatTime =       0.000000,  0.000000
 updateRes       =       0.000000,  0.000000
 EigTime         =       0.040000,  36.363636
 sub_total_bMat  =       0.100000,  90.909091
 Main Loop       =       0.110000,  100.000000
 File Check      =       0.000000,  0.000000
 File Change     =       0.000000,  0.000000
 File Read       =       0.000000,  0.000000
 Total           =       0.110000,  100.000000

xVec = 
{-2.692395312028e-02,+8.239032331550e-01,+6.584470028274e-01,+5.682208814714e-01,+4.772572637520e-01,+3.886385655327e-01,+3.138052503782e-01,+2.690312768658e-01}
xMat = 
{
{ {+1.026923953120e+00,+8.239032331550e-01,+6.584470028274e-01,+5.682208814714e-01,+4.772572637520e-01,+3.886385655327e-01 },
  {+8.239032331550e-01,+6.853709559477e-01,+5.682208814714e-01,+4.772572637520e-01,+3.886385655327e-01,+3.138052503782e-01 },
  {+6.584470028274e-01,+5.682208814714e-01,+5.041812168723e-01,+3.886385655327e-01,+3.138052503782e-01,+2.690312768658e-01 },
  {+5.682208814714e-01,+4.772572637520e-01,+3.886385655327e-01,+3.407292034985e-01,+2.690312768658e-01,+1.987771515523e-01 },
  {+4.772572637520e-01,+3.886385655327e-01,+3.138052503782e-01,+2.690312768658e-01,+2.257011046726e-01,+1.946878350791e-01 },
  {+3.886385655327e-01,+3.138052503782e-01,+2.690312768658e-01,+1.987771515523e-01,+1.946878350791e-01,+2.607991543931e-01 }   }
{ {+8.508271862752e-01,+6.584470028274e-01,+5.682208814714e-01,+4.772572637520e-01,+3.886385655327e-01,+3.138052503782e-01 },
  {+6.584470028274e-01,+5.951448345917e-01,+4.772572637520e-01,+3.886385655327e-01,+3.138052503782e-01,+2.690312768658e-01 },
  {+5.682208814714e-01,+4.772572637520e-01,+4.155625186530e-01,+3.138052503782e-01,+2.690312768658e-01,+1.987771515523e-01 },
  {+4.772572637520e-01,+3.886385655327e-01,+3.138052503782e-01,+2.959552299861e-01,+1.987771515523e-01,+1.946878350791e-01 },
  {+3.886385655327e-01,+3.138052503782e-01,+2.690312768658e-01,+1.987771515523e-01,+2.216117881994e-01,+2.338752012728e-01 },
  {+3.138052503782e-01,+2.690312768658e-01,+1.987771515523e-01,+1.946878350791e-01,+2.338752012728e-01,+6.484532175613e-01 }   }
}
yMat = 
{
{ {+4.544170820631e-02,-6.460809943491e-02,+1.426630049167e-02,+7.567834416199e-02,-1.153637760664e-01,+2.374500648275e-02 },
  {-6.460809943491e-02,+9.559263424576e-02,-2.170017229154e-02,-1.080653570821e-01,+1.595417120594e-01,-3.309118490549e-02 },
  {+1.426630049167e-02,-2.170017229154e-02,+5.016299591571e-03,+2.393633718865e-02,-3.451848872946e-02,+7.200885588583e-03 },
  {+7.567834416199e-02,-1.080653570821e-01,+2.393633718865e-02,+1.260927630416e-01,-1.915653258970e-01,+3.946104922116e-02 },
  {-1.153637760664e-01,+1.595417120594e-01,-3.451848872946e-02,-1.915653258970e-01,+2.982515567925e-01,-6.108455940084e-02 },
  {+2.374500648275e-02,-3.309118490549e-02,+7.200885588583e-03,+3.946104922116e-02,-6.108455940084e-02,+1.252751196515e-02 }   }
{ {+9.332599954840e-02,+5.792062437718e-02,-4.708744839118e-02,-1.236529745483e-01,-9.525126795512e-02,+1.671963337325e-02 },
  {+5.792062437718e-02,+3.594709667698e-02,-2.922373641153e-02,-7.674236039894e-02,-5.911549771098e-02,+1.037665397662e-02 },
  {-4.708744839118e-02,-2.922373641153e-02,+2.375787890536e-02,+6.238886361395e-02,+4.805883875592e-02,-8.435857932324e-03 },
  {-1.236529745483e-01,-7.674236039894e-02,+6.238886361395e-02,+1.638349247652e-01,+1.262038731880e-01,-2.215280211264e-02 },
  {-9.525126795512e-02,-5.911549771098e-02,+4.805883875592e-02,+1.262038731880e-01,+9.721625368023e-02,-1.706455099601e-02 },
  {+1.671963337325e-02,+1.037665397662e-02,-8.435857932324e-03,-2.215280211264e-02,-1.706455099601e-02,+2.995372580938e-03 }   }
}
    main loop time = 0.110000
        total time = 0.110000
  file   read time = 0.000000
