SDPA-GMP start at Wed Jun  5 23:35:12 2024
*SDP Scan Problem: V = x^2 - 2*x^4 + x^8
* K = 6; eval = -0.05025125628140614; Domain = R+ with BCs: Neumann
data      is /Users/gorg/qmBoot/data/K=6_BC-Neumann_V_0.0_0.0_1.0_0.0_-2.0_0.0_0.0_0.0_1.0/e=-0.05025125628140614_K=6_D=R+.dat
parameter is ./param.sdpa
out       is /Users/gorg/qmBoot/data/K=6_BC-Neumann_V_0.0_0.0_1.0_0.0_-2.0_0.0_0.0_0.0_1.0/e=-0.05025125628140614_K=6_D=R+.out
DENSE computation
   mu      thetaP  thetaD  objP      objD      alphaP  alphaD  beta 
 0 1.0e+20 1.0e+00 1.0e+00 +0.00e+00 -1.20e+10 1.0e+00 9.0e-01 3.00e-01
 1 1.6e+19 8.6e-88 1.0e-01 +1.60e+10 -1.20e+09 9.0e-01 9.0e-01 3.00e-01
 2 2.5e+18 6.9e-87 1.0e-02 +2.46e+10 -1.20e+08 9.0e-01 9.0e-01 3.00e-01
 3 3.8e+17 5.2e-87 1.0e-03 +3.79e+10 -1.20e+07 9.0e-01 9.0e-01 3.00e-01
 4 5.8e+16 8.6e-87 1.0e-04 +5.84e+10 -1.20e+06 9.0e-01 9.0e-01 3.00e-01
 5 9.0e+15 2.1e-86 1.0e-05 +9.00e+10 -1.20e+05 9.0e-01 9.0e-01 3.00e-01
 6 1.4e+15 2.3e-86 1.0e-06 +1.39e+11 -1.20e+04 9.0e-01 9.0e-01 3.00e-01
 7 2.1e+14 2.5e-86 1.0e-07 +2.13e+11 -1.20e+03 9.0e-01 9.0e-01 3.00e-01
 8 3.3e+13 2.1e-86 1.0e-08 +3.29e+11 -1.21e+02 9.0e-01 9.0e-01 3.00e-01
 9 5.1e+12 1.3e-86 1.0e-09 +5.05e+11 -1.22e+01 9.0e-01 9.0e-01 3.00e-01
10 8.3e+11 1.8e-86 1.0e-10 +7.67e+11 -1.31e+00 9.1e-01 9.1e-01 3.00e-01
11 1.9e+11 1.9e-86 9.4e-12 +1.04e+12 -2.32e-01 1.5e+00 1.0e+00 3.00e-01
12 4.5e+10 1.7e-86 1.2e-88 +5.45e+11 -1.47e-01 9.7e-01 9.7e-01 1.00e-01
13 5.8e+09 2.3e-86 5.3e-89 +7.02e+10 -1.53e-01 9.9e-01 9.9e-01 1.00e-01
14 6.4e+08 2.3e-86 5.6e-91 +7.67e+09 -1.58e-01 1.0e+00 1.0e+00 1.00e-01
15 6.5e+07 2.1e-86 2.8e-92 +7.75e+08 -1.62e-01 1.0e+00 1.0e+00 1.00e-01
16 6.5e+06 1.6e-86 3.3e-92 +7.79e+07 -1.67e-01 1.0e+00 1.0e+00 1.00e-01
17 6.5e+05 1.8e-86 3.0e-91 +7.79e+06 -1.70e-01 1.0e+00 1.0e+00 1.00e-01
18 6.5e+04 1.1e-86 1.0e-90 +7.80e+05 -1.74e-01 1.0e+00 1.0e+00 1.00e-01
19 6.5e+03 9.5e-87 1.8e-90 +7.80e+04 -1.77e-01 1.0e+00 1.0e+00 1.00e-01
20 6.5e+02 1.0e-86 5.8e-90 +7.80e+03 -1.80e-01 1.0e+00 1.0e+00 1.00e-01
21 6.5e+01 1.1e-86 1.2e-89 +7.80e+02 -1.82e-01 1.0e+00 1.0e+00 1.00e-01
22 6.5e+00 1.3e-86 4.7e-89 +7.80e+01 -1.84e-01 1.0e+00 9.0e+01 1.00e-01
23 6.7e-01 1.3e-86 2.0e-86 +7.83e+00 -1.62e-01 9.8e-01 7.4e+00 1.00e-01
24 7.4e-02 1.3e-86 1.1e-85 +8.21e-01 -6.86e-02 9.2e-01 2.0e+00 1.00e-01
25 1.1e-02 1.3e-86 1.1e-85 +1.01e-01 -2.69e-02 8.6e-01 9.9e-01 1.00e-01
26 2.2e-03 1.3e-86 1.6e-87 +2.16e-02 -4.69e-03 8.1e-01 9.0e-01 1.00e-01
27 5.4e-04 1.3e-86 1.1e-86 +8.00e-03 +1.50e-03 7.9e-01 9.4e-01 1.00e-01
28 1.2e-04 1.3e-86 1.2e-86 +5.74e-03 +4.33e-03 9.8e-01 8.8e-01 1.00e-01
29 2.2e-05 1.2e-86 1.5e-87 +5.37e-03 +5.11e-03 9.8e-01 9.1e-01 1.00e-01
30 3.7e-06 1.3e-86 2.7e-88 +5.33e-03 +5.29e-03 1.0e+00 9.4e-01 1.00e-01
31 5.2e-07 1.2e-86 3.1e-89 +5.33e-03 +5.32e-03 1.1e+00 9.7e-01 1.00e-01
32 6.1e-08 1.1e-86 8.1e-88 +5.33e-03 +5.33e-03 1.1e+00 9.8e-01 1.00e-01
33 6.8e-09 1.0e-86 5.0e-88 +5.33e-03 +5.33e-03 1.1e+00 9.9e-01 1.00e-01
34 7.1e-10 1.0e-86 3.4e-87 +5.33e-03 +5.33e-03 1.1e+00 9.9e-01 1.00e-01
35 7.2e-11 9.7e-87 2.3e-87 +5.33e-03 +5.33e-03 1.1e+00 9.9e-01 1.00e-01
36 7.2e-12 9.7e-87 1.0e-87 +5.33e-03 +5.33e-03 1.1e+00 9.9e-01 1.00e-01
37 7.3e-13 9.7e-87 2.0e-87 +5.33e-03 +5.33e-03 1.1e+00 9.9e-01 1.00e-01
38 7.3e-14 9.7e-87 1.4e-87 +5.33e-03 +5.33e-03 1.1e+00 9.9e-01 1.00e-01
39 7.3e-15 9.7e-87 1.3e-87 +5.33e-03 +5.33e-03 1.1e+00 9.9e-01 1.00e-01
40 7.3e-16 9.7e-87 1.5e-87 +5.33e-03 +5.33e-03 1.1e+00 9.9e-01 1.00e-01
41 7.3e-17 9.7e-87 1.1e-87 +5.33e-03 +5.33e-03 1.1e+00 9.9e-01 1.00e-01
42 7.3e-18 9.7e-87 2.6e-87 +5.33e-03 +5.33e-03 1.1e+00 9.9e-01 1.00e-01
43 7.3e-19 9.7e-87 2.7e-87 +5.33e-03 +5.33e-03 1.1e+00 9.9e-01 1.00e-01
44 7.3e-20 9.7e-87 1.5e-87 +5.33e-03 +5.33e-03 1.1e+00 9.9e-01 1.00e-01
45 7.3e-21 9.7e-87 4.2e-81 +5.33e-03 +5.33e-03 1.1e+00 9.9e-01 1.00e-01
46 7.3e-22 9.7e-87 1.4e-80 +5.33e-03 +5.33e-03 1.1e+00 9.9e-01 1.00e-01
47 7.3e-23 9.7e-87 9.7e-81 +5.33e-03 +5.33e-03 1.1e+00 9.9e-01 1.00e-01
48 7.3e-24 9.7e-87 1.1e-80 +5.33e-03 +5.33e-03 1.1e+00 9.9e-01 1.00e-01
49 7.3e-25 9.7e-87 2.6e-81 +5.33e-03 +5.33e-03 1.1e+00 9.9e-01 1.00e-01
50 7.3e-26 9.7e-87 5.7e-82 +5.33e-03 +5.33e-03 1.1e+00 9.9e-01 1.00e-01
51 7.3e-27 9.7e-87 1.4e-82 +5.33e-03 +5.33e-03 1.1e+00 9.9e-01 1.00e-01
52 7.3e-28 9.7e-87 5.8e-82 +5.33e-03 +5.33e-03 1.1e+00 9.9e-01 1.00e-01
53 7.3e-29 9.7e-87 2.4e-80 +5.33e-03 +5.33e-03 1.1e+00 9.9e-01 1.00e-01
54 7.3e-30 9.7e-87 4.6e-79 +5.33e-03 +5.33e-03 1.1e+00 9.9e-01 1.00e-01
55 7.3e-31 9.7e-87 1.8e-78 +5.33e-03 +5.33e-03 1.1e+00 9.9e-01 1.00e-01
56 7.3e-32 9.7e-87 1.6e-77 +5.33e-03 +5.33e-03 1.1e+00 9.9e-01 1.00e-01

phase.value = pdOPT     
   Iteration = 56
          mu = 7.3297181822639618e-32
relative gap = 8.7956618187167542e-31
         gap = 8.7956618187167542e-31
      digits = 2.7782207721247012e+01
objValPrimal = 5.3269208542882934e-03
objValDual   = 5.3269208542882934e-03
p.feas.error = 9.7167505380724400e-77
d.feas.error = 2.2253154518641193e-66
relative eps = 8.6361685550944446e-78
total time   = 0.100


Parameters are
maxIteration =    200
epsilonStar  = 1.000e-30
lambdaStar   = 1.000e+10
omegaStar    = 2.000e+00
lowerBound   = -1.000e+05
upperBound   = 1.000e+05
betaStar     = 1.000e-01
betaBar      = 3.000e-01
gammaStar    = 9.000e-01
epsilonDash  = 1.000e-30
precision    =    200

                         Time(sec)  Ratio(% : MainLoop) 
 Predictor time  =       0.030000,  30.000000
 Corrector time  =       0.030000,  30.000000
 Make bMat time  =       0.020000,  20.000000
 Make bDia time  =       0.000000,  0.000000
 Make bF1  time  =       0.010000,  10.000000
 Make bF2  time  =       0.010000,  10.000000
 Make bF3  time  =       0.000000,  0.000000
 Make bPRE time  =       0.010000,  10.000000
 Make rMat time  =       0.000000,  0.000000
 Make gVec Mul   =       0.000000,  0.000000
 Make gVec time  =       0.000000,  0.000000
 Cholesky bMat   =       0.000000,  0.000000
 Ste Pre time    =       0.000000,  0.000000
 Ste Cor time    =       0.020000,  20.000000
 solve           =       0.000000,  0.000000
 sumDz           =       0.020000,  20.000000
 makedX          =       0.020000,  20.000000
 symmetriseDx    =       0.000000,  0.000000
 makedXdZ        =       0.040000,  40.000000
 xMatTime        =       0.000000,  0.000000
 zMatTime        =       0.010000,  10.000000
 invzMatTime     =       0.000000,  0.000000
 xMatzMatTime    =       0.000000,  0.000000
 EigxMatTime     =       0.010000,  10.000000
 EigzMatTime     =       0.010000,  10.000000
 EigxMatzMatTime =       0.000000,  0.000000
 updateRes       =       0.010000,  10.000000
 EigTime         =       0.020000,  20.000000
 sub_total_bMat  =       0.080000,  80.000000
 Main Loop       =       0.100000,  100.000000
 File Check      =       0.000000,  0.000000
 File Change     =       0.000000,  0.000000
 File Read       =       0.000000,  0.000000
 Total           =       0.100000,  100.000000

xVec = 
{-5.326920854288e-03,+8.767966466087e-01,+7.835414331386e-01,+7.084757467786e-01,+6.460010735129e-01,+5.835389746318e-01,+5.283772527690e-01,+4.849332224837e-01}
xMat = 
{
{ {+1.005326920854e+00,+8.767966466087e-01,+7.835414331386e-01,+7.084757467786e-01,+6.460010735129e-01,+5.835389746318e-01 },
  {+8.767966466087e-01,+7.888683539929e-01,+7.084757467786e-01,+6.460010735129e-01,+5.835389746318e-01,+5.283772527690e-01 },
  {+7.835414331386e-01,+7.084757467786e-01,+6.513279943672e-01,+5.835389746318e-01,+5.283772527690e-01,+4.849332224837e-01 },
  {+7.084757467786e-01,+6.460010735129e-01,+5.835389746318e-01,+5.337041736233e-01,+4.849332224837e-01,+4.517344637037e-01 },
  {+6.460010735129e-01,+5.835389746318e-01,+5.283772527690e-01,+4.849332224837e-01,+4.570613845580e-01,+4.667493261809e-01 },
  {+5.835389746318e-01,+5.283772527690e-01,+4.849332224837e-01,+4.517344637037e-01,+4.667493261809e-01,+5.884192650753e-01 }   }
{ {+8.821235674630e-01,+7.835414331386e-01,+7.084757467786e-01,+6.460010735129e-01,+5.835389746318e-01,+5.283772527690e-01 },
  {+7.835414331386e-01,+7.138026676328e-01,+6.460010735129e-01,+5.835389746318e-01,+5.283772527690e-01,+4.849332224837e-01 },
  {+7.084757467786e-01,+6.460010735129e-01,+5.888658954861e-01,+5.283772527690e-01,+4.849332224837e-01,+4.517344637037e-01 },
  {+6.460010735129e-01,+5.835389746318e-01,+5.283772527690e-01,+4.902601433380e-01,+4.517344637037e-01,+4.667493261809e-01 },
  {+5.835389746318e-01,+5.283772527690e-01,+4.849332224837e-01,+4.517344637037e-01,+4.720762470352e-01,+5.830923442210e-01 },
  {+5.283772527690e-01,+4.849332224837e-01,+4.517344637037e-01,+4.667493261809e-01,+5.830923442210e-01,+1.007811482231e+00 }   }
}
yMat = 
{
{ {+2.355279608878e-02,-6.241563968249e-02,-6.030119338349e-03,+8.841977079417e-02,-5.043234914820e-02,+9.782552224888e-03 },
  {-6.241563968249e-02,+1.654033798064e-01,+1.598000315742e-02,-2.343151332817e-01,+1.336472884540e-01,-2.592406661792e-02 },
  {-6.030119338349e-03,+1.598000315742e-02,+1.543865072226e-03,-2.263772707702e-02,+1.291197370922e-02,-2.504584047149e-03 },
  {+8.841977079417e-02,-2.343151332817e-01,-2.263772707702e-02,+3.319374836782e-01,-1.893285508645e-01,+3.672477026703e-02 },
  {-5.043234914820e-02,+1.336472884540e-01,+1.291197370922e-02,-1.893285508645e-01,+1.079881059989e-01,-2.094685860254e-02 },
  {+9.782552224888e-03,-2.592406661792e-02,-2.504584047149e-03,+3.672477026703e-02,-2.094685860254e-02,+4.063140854782e-03 }   }
{ {+3.311952028534e-02,+2.197756573267e-02,+2.874901186984e-02,-6.646283659188e-02,-6.680823199125e-02,+2.860920016809e-02 },
  {+2.197756573267e-02,+1.458394902379e-02,+1.907736865374e-02,-4.410363880252e-02,-4.433283747533e-02,+1.898459192150e-02 },
  {+2.874901186984e-02,+1.907736865374e-02,+2.495524320314e-02,-5.769228725600e-02,-5.799210368905e-02,+2.483388129214e-02 },
  {-6.646283659188e-02,-4.410363880252e-02,-5.769228725600e-02,+1.333747774660e-01,+1.340679021789e-01,-5.741171911349e-02 },
  {-6.680823199125e-02,-4.433283747533e-02,-5.799210368905e-02,+1.340679021789e-01,+1.347646289361e-01,-5.771007748441e-02 },
  {+2.860920016809e-02,+1.898459192150e-02,+2.483388129214e-02,-5.741171911349e-02,-5.771007748441e-02,+2.471310958631e-02 }   }
}
    main loop time = 0.100000
        total time = 0.100000
  file   read time = 0.000000
