SDPA-GMP start at Wed Jun  5 23:35:12 2024
*SDP Scan Problem: V = x^2 - 2*x^4 + x^8
* K = 6; eval = -0.6532663316582905; Domain = R+ with BCs: Neumann
data      is /Users/gorg/qmBoot/data/K=6_BC-Neumann_V_0.0_0.0_1.0_0.0_-2.0_0.0_0.0_0.0_1.0/e=-0.6532663316582905_K=6_D=R+.dat
parameter is ./param.sdpa
out       is /Users/gorg/qmBoot/data/K=6_BC-Neumann_V_0.0_0.0_1.0_0.0_-2.0_0.0_0.0_0.0_1.0/e=-0.6532663316582905_K=6_D=R+.out
DENSE computation
   mu      thetaP  thetaD  objP      objD      alphaP  alphaD  beta 
 0 1.0e+20 1.0e+00 1.0e+00 +0.00e+00 -1.08e+10 1.0e+00 9.0e-01 3.00e-01
 1 1.6e+19 8.6e-88 1.0e-01 +1.60e+10 -1.08e+09 9.0e-01 9.0e-01 3.00e-01
 2 2.5e+18 1.7e-87 1.0e-02 +2.46e+10 -1.08e+08 9.0e-01 9.0e-01 3.00e-01
 3 3.8e+17 2.6e-87 1.0e-03 +3.79e+10 -1.08e+07 9.0e-01 9.0e-01 3.00e-01
 4 5.8e+16 4.3e-87 1.0e-04 +5.84e+10 -1.08e+06 9.0e-01 9.0e-01 3.00e-01
 5 9.0e+15 6.0e-87 1.0e-05 +9.00e+10 -1.08e+05 9.0e-01 9.0e-01 3.00e-01
 6 1.4e+15 6.9e-87 1.0e-06 +1.39e+11 -1.08e+04 9.0e-01 9.0e-01 3.00e-01
 7 2.1e+14 6.9e-87 1.0e-07 +2.13e+11 -1.08e+03 9.0e-01 9.0e-01 3.00e-01
 8 3.3e+13 7.8e-87 1.0e-08 +3.29e+11 -1.08e+02 9.0e-01 9.0e-01 3.00e-01
 9 5.1e+12 7.8e-87 1.0e-09 +5.05e+11 -1.09e+01 9.0e-01 9.0e-01 3.00e-01
10 8.3e+11 1.0e-86 9.9e-11 +7.68e+11 -1.18e+00 9.1e-01 9.1e-01 3.00e-01
11 1.8e+11 1.1e-86 8.9e-12 +1.05e+12 -2.06e-01 1.6e+00 1.0e+00 3.00e-01
12 4.2e+10 8.6e-87 1.9e-94 +5.05e+11 -1.32e-01 9.8e-01 9.8e-01 1.00e-01
13 5.1e+09 6.9e-87 2.6e-94 +6.12e+10 -1.36e-01 9.9e-01 9.9e-01 1.00e-01
14 5.5e+08 6.9e-87 4.3e-94 +6.56e+09 -1.40e-01 1.0e+00 1.0e+00 1.00e-01
15 5.5e+07 6.9e-87 2.0e-93 +6.61e+08 -1.43e-01 1.0e+00 1.0e+00 1.00e-01
16 5.5e+06 6.9e-87 6.5e-93 +6.62e+07 -1.46e-01 1.0e+00 1.0e+00 1.00e-01
17 5.5e+05 6.9e-87 2.2e-92 +6.62e+06 -1.49e-01 1.0e+00 1.0e+00 1.00e-01
18 5.5e+04 6.9e-87 5.1e-92 +6.63e+05 -1.52e-01 1.0e+00 1.0e+00 1.00e-01
19 5.5e+03 6.9e-87 1.4e-91 +6.63e+04 -1.54e-01 1.0e+00 1.0e+00 1.00e-01
20 5.5e+02 7.8e-87 6.4e-91 +6.63e+03 -1.56e-01 1.0e+00 1.0e+00 1.00e-01
21 5.5e+01 8.6e-87 2.2e-90 +6.63e+02 -1.58e-01 1.0e+00 1.0e+00 1.00e-01
22 5.5e+00 1.1e-86 4.0e-90 +6.63e+01 -1.59e-01 1.0e+00 6.3e+01 1.00e-01
23 5.7e-01 1.3e-86 2.4e-87 +6.72e+00 -7.82e-02 9.8e-01 1.0e+01 1.00e-01
24 6.7e-02 1.1e-86 2.0e-86 +7.38e-01 -7.05e-02 9.1e-01 1.1e+00 1.00e-01
25 1.1e-02 1.1e-86 2.0e-87 +1.25e-01 -1.16e-02 8.1e-01 9.2e-01 1.00e-01
26 2.7e-03 1.1e-86 9.5e-89 +5.51e-02 +2.26e-02 9.8e-01 8.3e-01 1.00e-01
27 5.6e-04 1.1e-86 3.6e-89 +4.48e-02 +3.82e-02 9.1e-01 8.7e-01 1.00e-01
28 1.1e-04 1.1e-86 7.1e-90 +4.30e-02 +4.16e-02 9.6e-01 8.4e-01 1.00e-01
29 2.5e-05 1.1e-86 1.4e-88 +4.27e-02 +4.24e-02 1.0e+00 9.6e-01 1.00e-01
30 3.2e-06 1.1e-86 2.5e-88 +4.27e-02 +4.27e-02 1.0e+00 9.7e-01 1.00e-01
31 3.7e-07 1.1e-86 5.2e-88 +4.27e-02 +4.27e-02 1.1e+00 9.9e-01 1.00e-01
32 3.9e-08 1.1e-86 1.7e-88 +4.27e-02 +4.27e-02 1.1e+00 9.9e-01 1.00e-01
33 3.9e-09 1.1e-86 4.3e-88 +4.27e-02 +4.27e-02 1.1e+00 9.9e-01 1.00e-01
34 3.9e-10 1.1e-86 3.6e-88 +4.27e-02 +4.27e-02 1.1e+00 9.9e-01 1.00e-01
35 4.0e-11 1.1e-86 4.3e-88 +4.27e-02 +4.27e-02 1.1e+00 9.9e-01 1.00e-01
36 4.0e-12 1.1e-86 6.5e-88 +4.27e-02 +4.27e-02 1.1e+00 9.9e-01 1.00e-01
37 4.0e-13 1.1e-86 7.9e-88 +4.27e-02 +4.27e-02 1.1e+00 9.9e-01 1.00e-01
38 4.0e-14 1.1e-86 8.6e-88 +4.27e-02 +4.27e-02 1.1e+00 9.9e-01 1.00e-01
39 4.0e-15 1.1e-86 7.2e-88 +4.27e-02 +4.27e-02 1.1e+00 9.9e-01 1.00e-01
40 4.0e-16 1.1e-86 7.2e-88 +4.27e-02 +4.27e-02 1.1e+00 9.9e-01 1.00e-01
41 4.0e-17 1.1e-86 7.9e-88 +4.27e-02 +4.27e-02 1.1e+00 9.9e-01 1.00e-01
42 4.0e-18 1.1e-86 7.9e-88 +4.27e-02 +4.27e-02 1.1e+00 9.9e-01 1.00e-01
43 4.0e-19 1.1e-86 8.6e-88 +4.27e-02 +4.27e-02 1.1e+00 9.9e-01 1.00e-01
44 4.0e-20 1.1e-86 9.4e-88 +4.27e-02 +4.27e-02 1.1e+00 9.9e-01 1.00e-01
45 4.0e-21 1.1e-86 9.4e-88 +4.27e-02 +4.27e-02 1.1e+00 9.9e-01 1.00e-01
46 4.0e-22 1.1e-86 7.1e-82 +4.27e-02 +4.27e-02 1.1e+00 9.9e-01 1.00e-01
47 4.0e-23 1.1e-86 3.8e-82 +4.27e-02 +4.27e-02 1.1e+00 9.9e-01 1.00e-01
48 4.0e-24 1.1e-86 1.5e-82 +4.27e-02 +4.27e-02 1.1e+00 9.9e-01 1.00e-01
49 4.0e-25 1.1e-86 7.2e-83 +4.27e-02 +4.27e-02 1.1e+00 9.9e-01 1.00e-01
50 4.0e-26 1.1e-86 3.3e-83 +4.27e-02 +4.27e-02 1.1e+00 9.9e-01 1.00e-01
51 4.0e-27 1.1e-86 3.7e-82 +4.27e-02 +4.27e-02 1.1e+00 9.9e-01 1.00e-01
52 4.0e-28 1.1e-86 2.9e-81 +4.27e-02 +4.27e-02 1.1e+00 9.9e-01 1.00e-01
53 4.0e-29 1.1e-86 2.8e-80 +4.27e-02 +4.27e-02 1.1e+00 9.9e-01 1.00e-01
54 4.0e-30 1.1e-86 9.3e-80 +4.27e-02 +4.27e-02 1.1e+00 9.9e-01 1.00e-01
55 4.0e-31 1.1e-86 1.9e-78 +4.27e-02 +4.27e-02 1.1e+00 9.9e-01 1.00e-01
56 4.0e-32 1.1e-86 2.5e-78 +4.27e-02 +4.27e-02 1.1e+00 9.9e-01 1.00e-01

phase.value = pdOPT     
   Iteration = 56
          mu = 3.9624788539155359e-32
relative gap = 4.7549746246986431e-31
         gap = 4.7549746246986431e-31
      digits = 2.8953171811283706e+01
objValPrimal = 4.2689396469522906e-02
objValDual   = 4.2689396469522906e-02
p.feas.error = 1.0989934601451799e-76
d.feas.error = 3.0360197525917278e-67
relative eps = 8.6361685550944446e-78
total time   = 0.110


Parameters are
maxIteration =    200
epsilonStar  = 1.000e-30
lambdaStar   = 1.000e+10
omegaStar    = 2.000e+00
lowerBound   = -1.000e+05
upperBound   = 1.000e+05
betaStar     = 1.000e-01
betaBar      = 3.000e-01
gammaStar    = 9.000e-01
epsilonDash  = 1.000e-30
precision    =    200

                         Time(sec)  Ratio(% : MainLoop) 
 Predictor time  =       0.030000,  27.272727
 Corrector time  =       0.020000,  18.181818
 Make bMat time  =       0.020000,  18.181818
 Make bDia time  =       0.000000,  0.000000
 Make bF1  time  =       0.020000,  18.181818
 Make bF2  time  =       0.000000,  0.000000
 Make bF3  time  =       0.000000,  0.000000
 Make bPRE time  =       0.010000,  9.090909
 Make rMat time  =       0.010000,  9.090909
 Make gVec Mul   =       0.000000,  0.000000
 Make gVec time  =       0.000000,  0.000000
 Cholesky bMat   =       0.000000,  0.000000
 Ste Pre time    =       0.000000,  0.000000
 Ste Cor time    =       0.050000,  45.454545
 solve           =       0.000000,  0.000000
 sumDz           =       0.000000,  0.000000
 makedX          =       0.020000,  18.181818
 symmetriseDx    =       0.000000,  0.000000
 makedXdZ        =       0.020000,  18.181818
 xMatTime        =       0.000000,  0.000000
 zMatTime        =       0.010000,  9.090909
 invzMatTime     =       0.000000,  0.000000
 xMatzMatTime    =       0.000000,  0.000000
 EigxMatTime     =       0.030000,  27.272727
 EigzMatTime     =       0.020000,  18.181818
 EigxMatzMatTime =       0.000000,  0.000000
 updateRes       =       0.000000,  0.000000
 EigTime         =       0.050000,  45.454545
 sub_total_bMat  =       0.090000,  81.818182
 Main Loop       =       0.110000,  100.000000
 File Check      =       0.000000,  0.000000
 File Change     =       0.000000,  0.000000
 File Read       =       0.000000,  0.000000
 Total           =       0.110000,  100.000000

xVec = 
{-4.268939646952e-02,+7.724608256427e-01,+6.207101423577e-01,+5.182570918317e-01,+4.463799581479e-01,+3.230842480556e-01,+2.719861514941e-01,+2.193816516400e-01}
xMat = 
{
{ {+1.042689396470e+00,+7.724608256427e-01,+6.207101423577e-01,+5.182570918317e-01,+4.463799581479e-01,+3.230842480556e-01 },
  {+7.724608256427e-01,+6.633995388272e-01,+5.182570918317e-01,+4.463799581479e-01,+3.230842480556e-01,+2.719861514941e-01 },
  {+6.207101423577e-01,+5.182570918317e-01,+4.890693546174e-01,+3.230842480556e-01,+2.719861514941e-01,+2.193816516400e-01 },
  {+5.182570918317e-01,+4.463799581479e-01,+3.230842480556e-01,+3.146755479636e-01,+2.193816516400e-01,+1.567186265027e-01 },
  {+4.463799581479e-01,+3.230842480556e-01,+2.719861514941e-01,+2.193816516400e-01,+1.994080229722e-01,+1.113725759932e-01 },
  {+3.230842480556e-01,+2.719861514941e-01,+2.193816516400e-01,+1.567186265027e-01,+1.113725759932e-01,+2.166714777818e-01 }   }
{ {+8.151502221122e-01,+6.207101423577e-01,+5.182570918317e-01,+4.463799581479e-01,+3.230842480556e-01,+2.719861514941e-01 },
  {+6.207101423577e-01,+5.609464883012e-01,+4.463799581479e-01,+3.230842480556e-01,+2.719861514941e-01,+2.193816516400e-01 },
  {+5.182570918317e-01,+4.463799581479e-01,+3.657736445252e-01,+2.719861514941e-01,+2.193816516400e-01,+1.567186265027e-01 },
  {+4.463799581479e-01,+3.230842480556e-01,+2.719861514941e-01,+2.620710481095e-01,+1.567186265027e-01,+1.113725759932e-01 },
  {+3.230842480556e-01,+2.719861514941e-01,+2.193816516400e-01,+1.567186265027e-01,+1.540619724628e-01,+1.739820813123e-01 },
  {+2.719861514941e-01,+2.193816516400e-01,+1.567186265027e-01,+1.113725759932e-01,+1.739820813123e-01,+5.798998835083e-01 }   }
}
yMat = 
{
{ {+3.577864657843e-02,-4.094641255484e-02,+2.205782801515e-02,+3.512191288756e-02,-7.676072041579e-02,-1.023190270492e-02 },
  {-4.094641255484e-02,+4.686059595452e-02,-2.524379797296e-02,-4.019482211706e-02,+8.784782060612e-02,+1.170976963755e-02 },
  {+2.205782801515e-02,-2.524379797296e-02,+1.359883123805e-02,+2.165294632760e-02,-4.732361146022e-02,-6.308051637395e-03 },
  {+3.512191288756e-02,-4.019482211706e-02,+2.165294632760e-02,+3.447723384889e-02,-7.535174170773e-02,-1.004409137412e-02 },
  {-7.676072041579e-02,+8.784782060612e-02,-4.732361146022e-02,-7.535174170773e-02,+1.646850499455e-01,+2.195187068164e-02 },
  {-1.023190270492e-02,+1.170976963755e-02,-6.308051637395e-03,-1.004409137412e-02,+2.195187068164e-02,+2.926098189138e-03 }   }
{ {+1.969431786494e-01,+6.917855278583e-02,-8.540878598301e-02,-2.120603902676e-01,-2.056808148955e-01,+6.975882467398e-03 },
  {+6.917855278583e-02,+2.429976096843e-02,-3.000081673313e-02,-7.448864694131e-02,-7.224774784209e-02,+2.450358813177e-03 },
  {-8.540878598301e-02,-3.000081673313e-02,+3.703941803478e-02,+9.196470074288e-02,+8.919805611290e-02,-3.025246453249e-03 },
  {-2.120603902676e-01,-7.448864694131e-02,+9.196470074288e-02,+2.283379877834e-01,+2.214687209601e-01,-7.511346006714e-03 },
  {-2.056808148955e-01,-7.224774784209e-02,+8.919805611290e-02,+2.214687209601e-01,+2.148061075595e-01,-7.285376423541e-03 },
  {+6.975882467398e-03,+2.450358813177e-03,-3.025246453249e-03,-7.511346006714e-03,-7.285376423541e-03,+2.470912500381e-04 }   }
}
    main loop time = 0.110000
        total time = 0.110000
  file   read time = 0.000000
