SDPA-GMP start at Wed Jun  5 23:35:12 2024
*SDP Scan Problem: V = x^2 - 2*x^4 + x^8
* K = 6; eval = -0.3517587939698483; Domain = R+ with BCs: Neumann
data      is /Users/gorg/qmBoot/data/K=6_BC-Neumann_V_0.0_0.0_1.0_0.0_-2.0_0.0_0.0_0.0_1.0/e=-0.3517587939698483_K=6_D=R+.dat
parameter is ./param.sdpa
out       is /Users/gorg/qmBoot/data/K=6_BC-Neumann_V_0.0_0.0_1.0_0.0_-2.0_0.0_0.0_0.0_1.0/e=-0.3517587939698483_K=6_D=R+.out
DENSE computation
   mu      thetaP  thetaD  objP      objD      alphaP  alphaD  beta 
 0 1.0e+20 1.0e+00 1.0e+00 +0.00e+00 -1.14e+10 1.0e+00 9.0e-01 3.00e-01
 1 1.6e+19 8.6e-88 1.0e-01 +1.60e+10 -1.14e+09 9.0e-01 9.0e-01 3.00e-01
 2 2.5e+18 8.6e-88 1.0e-02 +2.46e+10 -1.14e+08 9.0e-01 9.0e-01 3.00e-01
 3 3.8e+17 2.6e-87 1.0e-03 +3.79e+10 -1.14e+07 9.0e-01 9.0e-01 3.00e-01
 4 5.8e+16 5.2e-87 1.0e-04 +5.84e+10 -1.14e+06 9.0e-01 9.0e-01 3.00e-01
 5 9.0e+15 5.2e-87 1.0e-05 +9.00e+10 -1.14e+05 9.0e-01 9.0e-01 3.00e-01
 6 1.4e+15 6.0e-87 1.0e-06 +1.39e+11 -1.14e+04 9.0e-01 9.0e-01 3.00e-01
 7 2.1e+14 8.6e-87 1.0e-07 +2.13e+11 -1.14e+03 9.0e-01 9.0e-01 3.00e-01
 8 3.3e+13 1.0e-86 1.0e-08 +3.29e+11 -1.14e+02 9.0e-01 9.0e-01 3.00e-01
 9 5.1e+12 1.1e-86 1.0e-09 +5.05e+11 -1.15e+01 9.0e-01 9.0e-01 3.00e-01
10 8.3e+11 1.5e-86 9.9e-11 +7.68e+11 -1.25e+00 9.1e-01 9.1e-01 3.00e-01
11 1.9e+11 1.6e-86 9.2e-12 +1.04e+12 -2.19e-01 1.5e+00 1.0e+00 3.00e-01
12 4.5e+10 1.8e-86 2.7e-89 +5.35e+11 -1.41e-01 9.7e-01 9.7e-01 1.00e-01
13 5.5e+09 1.8e-86 7.4e-91 +6.64e+10 -1.46e-01 9.9e-01 9.9e-01 1.00e-01
14 6.0e+08 1.8e-86 7.2e-93 +7.16e+09 -1.51e-01 1.0e+00 1.0e+00 1.00e-01
15 6.0e+07 1.6e-86 3.7e-93 +7.23e+08 -1.55e-01 1.0e+00 1.0e+00 1.00e-01
16 6.0e+06 1.6e-86 1.4e-92 +7.26e+07 -1.59e-01 1.0e+00 1.0e+00 1.00e-01
17 6.1e+05 1.3e-86 3.8e-92 +7.26e+06 -1.62e-01 1.0e+00 1.0e+00 1.00e-01
18 6.1e+04 1.4e-86 1.2e-91 +7.26e+05 -1.65e-01 1.0e+00 1.0e+00 1.00e-01
19 6.1e+03 1.1e-86 4.1e-91 +7.26e+04 -1.68e-01 1.0e+00 1.0e+00 1.00e-01
20 6.1e+02 1.1e-86 1.0e-90 +7.26e+03 -1.70e-01 1.0e+00 1.0e+00 1.00e-01
21 6.1e+01 1.0e-86 4.4e-90 +7.26e+02 -1.73e-01 1.0e+00 1.0e+00 1.00e-01
22 6.1e+00 1.0e-86 1.8e-89 +7.27e+01 -1.74e-01 1.0e+00 9.0e+01 1.00e-01
23 6.2e-01 1.2e-86 3.1e-87 +7.31e+00 -1.19e-01 9.8e-01 8.6e+00 1.00e-01
24 7.0e-02 1.1e-86 2.2e-86 +7.65e-01 -7.41e-02 9.3e-01 1.2e+00 1.00e-01
25 1.1e-02 1.1e-86 5.1e-87 +9.85e-02 -2.98e-02 8.0e-01 9.7e-01 1.00e-01
26 2.5e-03 1.1e-86 6.3e-89 +3.11e-02 +7.52e-04 7.6e-01 9.3e-01 1.00e-01
27 6.2e-04 1.1e-86 1.5e-88 +1.97e-02 +1.23e-02 9.3e-01 8.9e-01 1.00e-01
28 1.2e-04 1.1e-86 2.7e-89 +1.73e-02 +1.59e-02 9.4e-01 9.6e-01 1.00e-01
29 1.6e-05 1.1e-86 1.1e-89 +1.69e-02 +1.67e-02 9.9e-01 9.5e-01 1.00e-01
30 2.2e-06 1.1e-86 8.3e-91 +1.69e-02 +1.69e-02 1.0e+00 9.9e-01 1.00e-01
31 2.4e-07 1.1e-86 5.7e-91 +1.69e-02 +1.69e-02 1.0e+00 1.0e+00 1.00e-01
32 2.4e-08 1.1e-86 7.5e-89 +1.69e-02 +1.69e-02 1.0e+00 1.0e+00 1.00e-01
33 2.4e-09 1.1e-86 5.2e-88 +1.69e-02 +1.69e-02 1.0e+00 1.0e+00 1.00e-01
34 2.4e-10 1.1e-86 5.4e-88 +1.69e-02 +1.69e-02 1.0e+00 1.0e+00 1.00e-01
35 2.4e-11 1.1e-86 8.8e-88 +1.69e-02 +1.69e-02 1.0e+00 1.0e+00 1.00e-01
36 2.4e-12 1.1e-86 4.8e-88 +1.69e-02 +1.69e-02 1.0e+00 1.0e+00 1.00e-01
37 2.4e-13 1.1e-86 8.3e-88 +1.69e-02 +1.69e-02 1.0e+00 1.0e+00 1.00e-01
38 2.4e-14 1.1e-86 1.0e-87 +1.69e-02 +1.69e-02 1.0e+00 1.0e+00 1.00e-01
39 2.4e-15 1.1e-86 8.3e-88 +1.69e-02 +1.69e-02 1.0e+00 1.0e+00 1.00e-01
40 2.4e-16 1.1e-86 7.9e-88 +1.69e-02 +1.69e-02 1.0e+00 1.0e+00 1.00e-01
41 2.4e-17 1.1e-86 1.1e-87 +1.69e-02 +1.69e-02 1.0e+00 1.0e+00 1.00e-01
42 2.4e-18 1.1e-86 8.4e-88 +1.69e-02 +1.69e-02 1.0e+00 1.0e+00 1.00e-01
43 2.4e-19 1.1e-86 7.2e-88 +1.69e-02 +1.69e-02 1.0e+00 1.0e+00 1.00e-01
44 2.4e-20 1.1e-86 1.0e-87 +1.69e-02 +1.69e-02 1.0e+00 1.0e+00 1.00e-01
45 2.4e-21 1.1e-86 3.3e-83 +1.69e-02 +1.69e-02 1.0e+00 1.0e+00 1.00e-01
46 2.4e-22 1.1e-86 2.2e-82 +1.69e-02 +1.69e-02 1.0e+00 1.0e+00 1.00e-01
47 2.4e-23 1.1e-86 9.9e-83 +1.69e-02 +1.69e-02 1.0e+00 1.0e+00 1.00e-01
48 2.4e-24 1.1e-86 3.2e-83 +1.69e-02 +1.69e-02 1.0e+00 1.0e+00 1.00e-01
49 2.4e-25 1.1e-86 1.4e-83 +1.69e-02 +1.69e-02 1.0e+00 1.0e+00 1.00e-01
50 2.4e-26 1.1e-86 1.4e-83 +1.69e-02 +1.69e-02 1.0e+00 1.0e+00 1.00e-01
51 2.4e-27 1.1e-86 1.7e-82 +1.69e-02 +1.69e-02 1.0e+00 1.0e+00 1.00e-01
52 2.4e-28 1.1e-86 1.2e-81 +1.69e-02 +1.69e-02 1.0e+00 1.0e+00 1.00e-01
53 2.4e-29 1.1e-86 1.3e-80 +1.69e-02 +1.69e-02 1.0e+00 1.0e+00 1.00e-01
54 2.4e-30 1.1e-86 1.1e-79 +1.69e-02 +1.69e-02 1.0e+00 1.0e+00 1.00e-01
55 2.4e-31 1.1e-86 6.1e-79 +1.69e-02 +1.69e-02 1.0e+00 1.0e+00 1.00e-01
56 2.4e-32 1.1e-86 2.1e-81 +1.69e-02 +1.69e-02 1.0e+00 1.0e+00 1.00e-01

phase.value = pdOPT     
   Iteration = 56
          mu = 2.3853227200799509e-32
relative gap = 2.8623872640959410e-31
         gap = 2.8623872640959410e-31
      digits = 2.8771244182631015e+01
objValPrimal = 1.6903341805769295e-02
objValDual   = 1.6903341805769295e-02
p.feas.error = 1.1347358287950966e-76
d.feas.error = 2.5663166798119644e-70
relative eps = 8.6361685550944446e-78
total time   = 0.110


Parameters are
maxIteration =    200
epsilonStar  = 1.000e-30
lambdaStar   = 1.000e+10
omegaStar    = 2.000e+00
lowerBound   = -1.000e+05
upperBound   = 1.000e+05
betaStar     = 1.000e-01
betaBar      = 3.000e-01
gammaStar    = 9.000e-01
epsilonDash  = 1.000e-30
precision    =    200

                         Time(sec)  Ratio(% : MainLoop) 
 Predictor time  =       0.060000,  54.545455
 Corrector time  =       0.010000,  9.090909
 Make bMat time  =       0.050000,  45.454545
 Make bDia time  =       0.000000,  0.000000
 Make bF1  time  =       0.020000,  18.181818
 Make bF2  time  =       0.020000,  18.181818
 Make bF3  time  =       0.010000,  9.090909
 Make bPRE time  =       0.020000,  18.181818
 Make rMat time  =       0.000000,  0.000000
 Make gVec Mul   =       0.000000,  0.000000
 Make gVec time  =       0.000000,  0.000000
 Cholesky bMat   =       0.000000,  0.000000
 Ste Pre time    =       0.000000,  0.000000
 Ste Cor time    =       0.030000,  27.272727
 solve           =       0.000000,  0.000000
 sumDz           =       0.000000,  0.000000
 makedX          =       0.020000,  18.181818
 symmetriseDx    =       0.000000,  0.000000
 makedXdZ        =       0.020000,  18.181818
 xMatTime        =       0.000000,  0.000000
 zMatTime        =       0.010000,  9.090909
 invzMatTime     =       0.000000,  0.000000
 xMatzMatTime    =       0.000000,  0.000000
 EigxMatTime     =       0.010000,  9.090909
 EigzMatTime     =       0.020000,  18.181818
 EigxMatzMatTime =       0.000000,  0.000000
 updateRes       =       0.000000,  0.000000
 EigTime         =       0.030000,  27.272727
 sub_total_bMat  =       0.060000,  54.545455
 Main Loop       =       0.110000,  100.000000
 File Check      =       0.000000,  0.000000
 File Change     =       0.000000,  0.000000
 File Read       =       0.000000,  0.000000
 Total           =       0.110000,  100.000000

xVec = 
{-1.690334180577e-02,+8.245686935072e-01,+7.035869741096e-01,+6.151821697785e-01,+5.528406710089e-01,+4.746647567173e-01,+4.135882810372e-01,+3.626920285816e-01}
xMat = 
{
{ {+1.016903341806e+00,+8.245686935072e-01,+7.035869741096e-01,+6.151821697785e-01,+5.528406710089e-01,+4.746647567173e-01 },
  {+8.245686935072e-01,+7.204903159154e-01,+6.151821697785e-01,+5.528406710089e-01,+4.746647567173e-01,+4.135882810372e-01 },
  {+7.035869741096e-01,+6.151821697785e-01,+5.697440128147e-01,+4.746647567173e-01,+4.135882810372e-01,+3.626920285816e-01 },
  {+6.151821697785e-01,+5.528406710089e-01,+4.746647567173e-01,+4.304916228430e-01,+3.626920285816e-01,+3.116222567729e-01 },
  {+5.528406710089e-01,+4.746647567173e-01,+4.135882810372e-01,+3.626920285816e-01,+3.285255985787e-01,+3.164525952588e-01 },
  {+4.746647567173e-01,+4.135882810372e-01,+3.626920285816e-01,+3.116222567729e-01,+3.164525952588e-01,+4.000521146543e-01 }   }
{ {+8.414720353129e-01,+7.035869741096e-01,+6.151821697785e-01,+5.528406710089e-01,+4.746647567173e-01,+4.135882810372e-01 },
  {+7.035869741096e-01,+6.320855115842e-01,+5.528406710089e-01,+4.746647567173e-01,+4.135882810372e-01,+3.626920285816e-01 },
  {+6.151821697785e-01,+5.528406710089e-01,+4.915680985231e-01,+4.135882810372e-01,+3.626920285816e-01,+3.116222567729e-01 },
  {+5.528406710089e-01,+4.746647567173e-01,+4.135882810372e-01,+3.795953703874e-01,+3.116222567729e-01,+3.164525952588e-01 },
  {+4.746647567173e-01,+4.135882810372e-01,+3.626920285816e-01,+3.116222567729e-01,+3.333559370646e-01,+3.831487728485e-01 },
  {+4.135882810372e-01,+3.626920285816e-01,+3.116222567729e-01,+3.164525952588e-01,+3.831487728485e-01,+7.745045628038e-01 }   }
}
yMat = 
{
{ {+3.196230442082e-02,-6.912317280893e-02,+5.232731353791e-03,+8.951850374574e-02,-8.359258853650e-02,+2.518776398777e-02 },
  {-6.912317280893e-02,+1.494890029287e-01,-1.131654929722e-02,-1.935968984759e-01,+1.807812373876e-01,-5.447223516410e-02 },
  {+5.232731353791e-03,-1.131654929722e-02,+8.566803275647e-04,+1.465558537731e-02,-1.368541996285e-02,+4.123632658503e-03 },
  {+8.951850374574e-02,-1.935968984759e-01,+1.465558537731e-02,+2.507191724154e-01,-2.341221506277e-01,+7.054469274804e-02 },
  {-8.359258853650e-02,+1.807812373876e-01,-1.368541996285e-02,-2.341221506277e-01,+2.186238127962e-01,-6.587479937187e-02 },
  {+2.518776398777e-02,-5.447223516410e-02,+4.123632658503e-03,+7.054469274804e-02,-6.587479937187e-02,+1.984911495588e-02 }   }
{ {+4.958566911876e-02,+3.539453016713e-02,+6.012116393854e-03,-9.125115048557e-02,-6.106940414771e-02,+2.202240837290e-02 },
  {+3.539453016713e-02,+2.526481517778e-02,+4.291482576566e-03,-6.513558566511e-02,-4.359168497289e-02,+1.571971925277e-02 },
  {+6.012116393854e-03,+4.291482576566e-03,+7.289514122854e-04,-1.106393334087e-02,-7.404485456472e-03,+2.670152178319e-03 },
  {-9.125115048557e-02,-6.513558566511e-02,-1.106393334087e-02,+1.679269961044e-01,+1.123843539269e-01,-4.052723571557e-02 },
  {-6.106940414771e-02,-4.359168497289e-02,-7.404485456472e-03,+1.123843539269e-01,+7.521270135579e-02,-2.712266227586e-02 },
  {+2.202240837290e-02,+1.571971925277e-02,+2.670152178319e-03,-4.052723571557e-02,-2.712266227586e-02,+9.780778986391e-03 }   }
}
    main loop time = 0.110000
        total time = 0.110000
  file   read time = 0.000000
