SDPA-GMP start at Wed Jun  5 23:35:12 2024
*SDP Scan Problem: V = x^2 - 2*x^4 + x^8
* K = 6; eval = -0.8542713567839186; Domain = R+ with BCs: Neumann
data      is /Users/gorg/qmBoot/data/K=6_BC-Neumann_V_0.0_0.0_1.0_0.0_-2.0_0.0_0.0_0.0_1.0/e=-0.8542713567839186_K=6_D=R+.dat
parameter is ./param.sdpa
out       is /Users/gorg/qmBoot/data/K=6_BC-Neumann_V_0.0_0.0_1.0_0.0_-2.0_0.0_0.0_0.0_1.0/e=-0.8542713567839186_K=6_D=R+.out
DENSE computation
   mu      thetaP  thetaD  objP      objD      alphaP  alphaD  beta 
 0 1.0e+20 1.0e+00 1.0e+00 +0.00e+00 -1.04e+10 1.0e+00 9.0e-01 3.00e-01
 1 1.6e+19 8.6e-88 1.0e-01 +1.60e+10 -1.04e+09 9.0e-01 9.0e-01 3.00e-01
 2 2.5e+18 1.7e-87 1.0e-02 +2.46e+10 -1.04e+08 9.0e-01 9.0e-01 3.00e-01
 3 3.8e+17 3.5e-87 1.0e-03 +3.79e+10 -1.04e+07 9.0e-01 9.0e-01 3.00e-01
 4 5.8e+16 4.3e-87 1.0e-04 +5.84e+10 -1.04e+06 9.0e-01 9.0e-01 3.00e-01
 5 9.0e+15 6.0e-87 1.0e-05 +9.00e+10 -1.04e+05 9.0e-01 9.0e-01 3.00e-01
 6 1.4e+15 6.0e-87 1.0e-06 +1.39e+11 -1.04e+04 9.0e-01 9.0e-01 3.00e-01
 7 2.1e+14 8.6e-87 1.0e-07 +2.13e+11 -1.04e+03 9.0e-01 9.0e-01 3.00e-01
 8 3.3e+13 8.6e-87 1.0e-08 +3.29e+11 -1.04e+02 9.0e-01 9.0e-01 3.00e-01
 9 5.1e+12 1.1e-86 1.0e-09 +5.05e+11 -1.05e+01 9.0e-01 9.0e-01 3.00e-01
10 8.2e+11 1.1e-86 9.9e-11 +7.68e+11 -1.13e+00 9.1e-01 9.1e-01 3.00e-01
11 1.8e+11 1.1e-86 8.6e-12 +1.05e+12 -1.98e-01 1.6e+00 1.0e+00 3.00e-01
12 4.0e+10 8.6e-87 2.3e-94 +4.81e+11 -1.27e-01 9.7e-01 9.7e-01 1.00e-01
13 4.9e+09 8.6e-87 2.4e-94 +5.92e+10 -1.30e-01 9.9e-01 9.9e-01 1.00e-01
14 5.2e+08 8.6e-87 5.9e-94 +6.30e+09 -1.33e-01 1.0e+00 1.0e+00 1.00e-01
15 5.3e+07 7.8e-87 2.0e-93 +6.32e+08 -1.36e-01 1.0e+00 1.0e+00 1.00e-01
16 5.3e+06 6.9e-87 6.3e-93 +6.33e+07 -1.38e-01 1.0e+00 1.0e+00 1.00e-01
17 5.3e+05 7.8e-87 1.6e-92 +6.33e+06 -1.40e-01 1.0e+00 1.0e+00 1.00e-01
18 5.3e+04 7.8e-87 3.7e-92 +6.33e+05 -1.42e-01 1.0e+00 1.0e+00 1.00e-01
19 5.3e+03 6.9e-87 1.6e-91 +6.33e+04 -1.44e-01 1.0e+00 1.0e+00 1.00e-01
20 5.3e+02 7.8e-87 5.0e-91 +6.33e+03 -1.46e-01 1.0e+00 1.0e+00 1.00e-01
21 5.3e+01 7.9e-87 1.9e-90 +6.33e+02 -1.47e-01 1.0e+00 1.0e+00 1.00e-01
22 5.3e+00 1.0e-86 7.8e-90 +6.34e+01 -1.48e-01 1.0e+00 5.0e+01 1.00e-01
23 5.4e-01 1.1e-86 2.0e-87 +6.47e+00 -5.72e-02 9.7e-01 1.2e+01 1.00e-01
24 6.7e-02 1.0e-86 2.1e-86 +7.52e-01 -5.32e-02 8.8e-01 1.1e+00 1.00e-01
25 1.3e-02 1.1e-86 1.5e-87 +1.73e-01 +1.66e-02 8.8e-01 8.8e-01 1.00e-01
26 2.7e-03 1.1e-86 1.4e-88 +1.04e-01 +7.13e-02 9.6e-01 8.0e-01 1.00e-01
27 6.0e-04 1.1e-86 2.5e-89 +9.22e-02 +8.51e-02 9.2e-01 9.6e-01 1.00e-01
28 8.9e-05 1.1e-86 5.0e-90 +9.01e-02 +8.91e-02 9.8e-01 9.7e-01 1.00e-01
29 1.1e-05 1.1e-86 4.5e-90 +8.98e-02 +8.96e-02 9.9e-01 9.9e-01 1.00e-01
30 1.2e-06 1.1e-86 5.2e-90 +8.97e-02 +8.97e-02 1.0e+00 1.0e+00 1.00e-01
31 1.2e-07 1.1e-86 8.7e-91 +8.97e-02 +8.97e-02 1.0e+00 1.0e+00 1.00e-01
32 1.2e-08 1.1e-86 2.8e-88 +8.97e-02 +8.97e-02 1.0e+00 1.0e+00 1.00e-01
33 1.2e-09 1.1e-86 3.0e-88 +8.97e-02 +8.97e-02 1.0e+00 1.0e+00 1.00e-01
34 1.2e-10 1.1e-86 2.6e-88 +8.97e-02 +8.97e-02 1.0e+00 1.0e+00 1.00e-01
35 1.2e-11 1.1e-86 2.4e-88 +8.97e-02 +8.97e-02 1.0e+00 1.0e+00 1.00e-01
36 1.2e-12 1.1e-86 4.9e-88 +8.97e-02 +8.97e-02 1.0e+00 1.0e+00 1.00e-01
37 1.2e-13 1.1e-86 5.4e-88 +8.97e-02 +8.97e-02 1.0e+00 1.0e+00 1.00e-01
38 1.2e-14 1.1e-86 6.8e-88 +8.97e-02 +8.97e-02 1.0e+00 1.0e+00 1.00e-01
39 1.2e-15 1.1e-86 5.9e-88 +8.97e-02 +8.97e-02 1.0e+00 1.0e+00 1.00e-01
40 1.2e-16 1.1e-86 7.3e-88 +8.97e-02 +8.97e-02 1.0e+00 1.0e+00 1.00e-01
41 1.2e-17 1.1e-86 7.1e-88 +8.97e-02 +8.97e-02 1.0e+00 1.0e+00 1.00e-01
42 1.2e-18 1.1e-86 7.9e-88 +8.97e-02 +8.97e-02 1.0e+00 1.0e+00 1.00e-01
43 1.2e-19 1.1e-86 6.2e-88 +8.97e-02 +8.97e-02 1.0e+00 1.0e+00 1.00e-01
44 1.2e-20 1.1e-86 6.5e-88 +8.97e-02 +8.97e-02 1.0e+00 1.0e+00 1.00e-01
45 1.2e-21 1.1e-86 5.1e-84 +8.97e-02 +8.97e-02 1.0e+00 1.0e+00 1.00e-01
46 1.2e-22 1.1e-86 9.2e-84 +8.97e-02 +8.97e-02 1.0e+00 1.0e+00 1.00e-01
47 1.2e-23 1.1e-86 7.5e-84 +8.97e-02 +8.97e-02 1.0e+00 1.0e+00 1.00e-01
48 1.2e-24 1.1e-86 1.1e-84 +8.97e-02 +8.97e-02 1.0e+00 1.0e+00 1.00e-01
49 1.2e-25 1.1e-86 6.4e-84 +8.97e-02 +8.97e-02 1.0e+00 1.0e+00 1.00e-01
50 1.2e-26 1.1e-86 8.5e-83 +8.97e-02 +8.97e-02 1.0e+00 1.0e+00 1.00e-01
51 1.2e-27 1.1e-86 2.4e-82 +8.97e-02 +8.97e-02 1.0e+00 1.0e+00 1.00e-01
52 1.2e-28 1.1e-86 1.4e-81 +8.97e-02 +8.97e-02 1.0e+00 1.0e+00 1.00e-01
53 1.2e-29 1.1e-86 3.0e-81 +8.97e-02 +8.97e-02 1.0e+00 1.0e+00 1.00e-01
54 1.2e-30 1.1e-86 3.0e-84 +8.97e-02 +8.97e-02 1.0e+00 1.0e+00 1.00e-01
55 1.2e-31 1.1e-86 2.2e-86 +8.97e-02 +8.97e-02 1.0e+00 1.0e+00 1.00e-01
56 1.2e-32 1.1e-86 5.0e-86 +8.97e-02 +8.97e-02 1.0e+00 1.0e+00 1.00e-01

phase.value = pdOPT     
   Iteration = 56
          mu = 1.2146817781337746e-32
relative gap = 1.4576181337605296e-31
         gap = 1.4576181337605296e-31
      digits = 2.9789336004690192e+01
objValPrimal = 8.9738698643937733e-02
objValDual   = 8.9738698643937733e-02
p.feas.error = 1.0663524653392501e-76
d.feas.error = 5.9880215254402112e-75
relative eps = 8.6361685550944446e-78
total time   = 0.110


Parameters are
maxIteration =    200
epsilonStar  = 1.000e-30
lambdaStar   = 1.000e+10
omegaStar    = 2.000e+00
lowerBound   = -1.000e+05
upperBound   = 1.000e+05
betaStar     = 1.000e-01
betaBar      = 3.000e-01
gammaStar    = 9.000e-01
epsilonDash  = 1.000e-30
precision    =    200

                         Time(sec)  Ratio(% : MainLoop) 
 Predictor time  =       0.030000,  27.272727
 Corrector time  =       0.010000,  9.090909
 Make bMat time  =       0.030000,  27.272727
 Make bDia time  =       0.000000,  0.000000
 Make bF1  time  =       0.020000,  18.181818
 Make bF2  time  =       0.010000,  9.090909
 Make bF3  time  =       0.000000,  0.000000
 Make bPRE time  =       0.030000,  27.272727
 Make rMat time  =       0.000000,  0.000000
 Make gVec Mul   =       0.000000,  0.000000
 Make gVec time  =       0.000000,  0.000000
 Cholesky bMat   =       0.000000,  0.000000
 Ste Pre time    =       0.000000,  0.000000
 Ste Cor time    =       0.050000,  45.454545
 solve           =       0.000000,  0.000000
 sumDz           =       0.000000,  0.000000
 makedX          =       0.010000,  9.090909
 symmetriseDx    =       0.000000,  0.000000
 makedXdZ        =       0.010000,  9.090909
 xMatTime        =       0.000000,  0.000000
 zMatTime        =       0.000000,  0.000000
 invzMatTime     =       0.000000,  0.000000
 xMatzMatTime    =       0.000000,  0.000000
 EigxMatTime     =       0.020000,  18.181818
 EigzMatTime     =       0.030000,  27.272727
 EigxMatzMatTime =       0.000000,  0.000000
 updateRes       =       0.020000,  18.181818
 EigTime         =       0.050000,  45.454545
 sub_total_bMat  =       0.080000,  72.727273
 Main Loop       =       0.110000,  100.000000
 File Check      =       0.000000,  0.000000
 File Change     =       0.000000,  0.000000
 File Read       =       0.000000,  0.000000
 Total           =       0.110000,  100.000000

xVec = 
{-8.973869864394e-02,+4.885571623971e-01,+3.754414361598e-01,+3.208488224022e-01,+3.348443619613e-01,+1.873336415184e-01,+1.719659792144e-01,+1.357305865285e-01}
xMat = 
{
{ {+1.089738698644e+00,+4.885571623971e-01,+3.754414361598e-01,+3.208488224022e-01,+3.348443619613e-01,+1.873336415184e-01 },
  {+4.885571623971e-01,+4.651801348037e-01,+3.208488224022e-01,+3.348443619613e-01,+1.873336415184e-01,+1.719659792144e-01 },
  {+3.754414361598e-01,+3.208488224022e-01,+4.245830606052e-01,+1.873336415184e-01,+1.719659792144e-01,+1.357305865285e-01 },
  {+3.208488224022e-01,+3.348443619613e-01,+1.873336415184e-01,+2.617046778584e-01,+1.357305865285e-01,+8.078238853282e-02 },
  {+3.348443619613e-01,+1.873336415184e-01,+1.719659792144e-01,+1.357305865285e-01,+1.705210871768e-01,-6.180775661666e-04 },
  {+1.873336415184e-01,+1.719659792144e-01,+1.357305865285e-01,+8.078238853282e-02,-6.180775661666e-04,+2.208952342319e-01 }   }
{ {+5.782958610411e-01,+3.754414361598e-01,+3.208488224022e-01,+3.348443619613e-01,+1.873336415184e-01,+1.719659792144e-01 },
  {+3.754414361598e-01,+4.105875210461e-01,+3.348443619613e-01,+1.873336415184e-01,+1.719659792144e-01,+1.357305865285e-01 },
  {+3.208488224022e-01,+3.348443619613e-01,+2.770723401623e-01,+1.719659792144e-01,+1.357305865285e-01,+8.078238853282e-02 },
  {+3.348443619613e-01,+1.873336415184e-01,+1.719659792144e-01,+2.254692851725e-01,+8.078238853282e-02,-6.180775661666e-04 },
  {+1.873336415184e-01,+1.719659792144e-01,+1.357305865285e-01,+8.078238853282e-02,+8.912062107777e-02,+1.311565355880e-01 },
  {+1.719659792144e-01,+1.357305865285e-01,+8.078238853282e-02,-6.180775661666e-04,+1.311565355880e-01,+4.056229448676e-01 }   }
}
yMat = 
{
{ {+5.273920406930e-32,+2.790829288908e-23,-4.190958290091e-24,-2.754836412726e-23,-4.538572265223e-24,-9.089459264401e-24 },
  {+2.790829288908e-23,+5.983209001002e-02,-8.984920579796e-03,-5.906044518817e-02,-9.730163624078e-03,-1.948672902572e-02 },
  {-4.190958290091e-24,-8.984920579796e-03,+1.349255856042e-03,+8.869043507159e-03,+1.461168202149e-03,+2.926301130827e-03 },
  {-2.754836412726e-23,-5.906044518817e-02,+8.869043507159e-03,+5.829875214523e-02,+9.604675272008e-03,+1.923541182211e-02 },
  {-4.538572265223e-24,-9.730163624078e-03,+1.461168202149e-03,+9.604675272008e-03,+1.582362978386e-03,+3.169019532605e-03 },
  {-9.089459264401e-24,-1.948672902572e-02,+2.926301130827e-03,+1.923541182211e-02,+3.169019532605e-03,+6.346637867041e-03 }   }
{ {+1.748076669863e-01,+7.991174981821e-02,-6.950407922403e-02,-2.015594875150e-01,-1.995459484501e-01,-2.279348097405e-02 },
  {+7.991174981821e-02,+5.472973543927e-02,-6.033920555209e-02,-9.078319250168e-02,-7.644299086534e-02,-1.559667552370e-02 },
  {-6.950407922403e-02,-6.033920555209e-02,+8.306652922793e-02,+8.024259659751e-02,+2.741708479040e-02,+2.437131967534e-02 },
  {-2.015594875150e-01,-9.078319250168e-02,+8.024259659751e-02,+2.329775175577e-01,+2.251291989504e-01,+2.740987538825e-02 },
  {-1.995459484501e-01,-7.644299086534e-02,+2.741708479040e-02,+2.251291989504e-01,+3.176942198697e-01,+2.335723061466e-03 },
  {-2.279348097405e-02,-1.559667552370e-02,+2.437131967534e-02,+2.740987538825e-02,+2.335723061466e-03,+9.315232062456e-03 }   }
}
    main loop time = 0.110000
        total time = 0.110000
  file   read time = 0.000000
