SDPA-GMP start at Wed Jun  5 23:35:12 2024
*SDP Scan Problem: V = x^2 - 2*x^4 + x^8
* K = 6; eval = -0.1507537688442202; Domain = R+ with BCs: Neumann
data      is /Users/gorg/qmBoot/data/K=6_BC-Neumann_V_0.0_0.0_1.0_0.0_-2.0_0.0_0.0_0.0_1.0/e=-0.1507537688442202_K=6_D=R+.dat
parameter is ./param.sdpa
out       is /Users/gorg/qmBoot/data/K=6_BC-Neumann_V_0.0_0.0_1.0_0.0_-2.0_0.0_0.0_0.0_1.0/e=-0.1507537688442202_K=6_D=R+.out
DENSE computation
   mu      thetaP  thetaD  objP      objD      alphaP  alphaD  beta 
 0 1.0e+20 1.0e+00 1.0e+00 +0.00e+00 -1.18e+10 1.0e+00 9.0e-01 3.00e-01
 1 1.6e+19 8.6e-88 1.0e-01 +1.60e+10 -1.18e+09 9.0e-01 9.0e-01 3.00e-01
 2 2.5e+18 1.9e-87 1.0e-02 +2.46e+10 -1.18e+08 9.0e-01 9.0e-01 3.00e-01
 3 3.8e+17 1.1e-87 1.0e-03 +3.79e+10 -1.18e+07 9.0e-01 9.0e-01 3.00e-01
 4 5.8e+16 4.3e-87 1.0e-04 +5.84e+10 -1.18e+06 9.0e-01 9.0e-01 3.00e-01
 5 9.0e+15 5.2e-87 1.0e-05 +9.00e+10 -1.18e+05 9.0e-01 9.0e-01 3.00e-01
 6 1.4e+15 4.3e-87 1.0e-06 +1.39e+11 -1.18e+04 9.0e-01 9.0e-01 3.00e-01
 7 2.1e+14 5.2e-87 1.0e-07 +2.13e+11 -1.18e+03 9.0e-01 9.0e-01 3.00e-01
 8 3.3e+13 6.0e-87 1.0e-08 +3.29e+11 -1.19e+02 9.0e-01 9.0e-01 3.00e-01
 9 5.1e+12 1.2e-86 1.0e-09 +5.05e+11 -1.19e+01 9.0e-01 9.0e-01 3.00e-01
10 8.3e+11 1.3e-86 9.9e-11 +7.68e+11 -1.29e+00 9.1e-01 9.1e-01 3.00e-01
11 1.9e+11 1.7e-86 9.3e-12 +1.04e+12 -2.27e-01 1.5e+00 1.0e+00 3.00e-01
12 4.5e+10 1.9e-86 3.8e-94 +5.43e+11 -1.45e-01 9.7e-01 9.7e-01 1.00e-01
13 5.7e+09 1.9e-86 8.4e-94 +6.89e+10 -1.51e-01 9.9e-01 9.9e-01 1.00e-01
14 6.2e+08 1.6e-86 1.8e-93 +7.49e+09 -1.56e-01 1.0e+00 1.0e+00 1.00e-01
15 6.3e+07 1.5e-86 6.3e-93 +7.56e+08 -1.61e-01 1.0e+00 1.0e+00 1.00e-01
16 6.3e+06 1.6e-86 2.0e-92 +7.60e+07 -1.65e-01 1.0e+00 1.0e+00 1.00e-01
17 6.3e+05 1.3e-86 8.9e-92 +7.61e+06 -1.68e-01 1.0e+00 1.0e+00 1.00e-01
18 6.3e+04 1.3e-86 2.5e-91 +7.61e+05 -1.72e-01 1.0e+00 1.0e+00 1.00e-01
19 6.3e+03 1.1e-86 6.3e-91 +7.61e+04 -1.75e-01 1.0e+00 1.0e+00 1.00e-01
20 6.3e+02 6.9e-87 1.7e-90 +7.61e+03 -1.77e-01 1.0e+00 1.0e+00 1.00e-01
21 6.3e+01 7.8e-87 7.5e-90 +7.61e+02 -1.80e-01 1.0e+00 1.0e+00 1.00e-01
22 6.4e+00 8.6e-87 3.2e-89 +7.61e+01 -1.82e-01 1.0e+00 9.0e+01 1.00e-01
23 6.5e-01 8.6e-87 3.6e-87 +7.65e+00 -1.50e-01 9.8e-01 8.3e+00 1.00e-01
24 7.2e-02 7.8e-87 2.6e-86 +8.00e-01 -6.22e-02 9.3e-01 1.9e+00 1.00e-01
25 1.0e-02 7.8e-87 2.4e-86 +9.89e-02 -2.41e-02 8.4e-01 1.0e+00 1.00e-01
26 2.2e-03 7.8e-87 4.3e-89 +2.45e-02 -2.01e-03 7.6e-01 9.3e-01 1.00e-01
27 5.9e-04 7.8e-87 1.6e-87 +1.18e-02 +4.75e-03 8.8e-01 8.7e-01 1.00e-01
28 1.3e-04 7.8e-87 2.0e-88 +9.71e-03 +8.18e-03 9.2e-01 9.4e-01 1.00e-01
29 2.1e-05 7.8e-87 1.1e-89 +9.32e-03 +9.07e-03 9.6e-01 9.6e-01 1.00e-01
30 2.8e-06 7.8e-87 6.4e-90 +9.27e-03 +9.24e-03 1.0e+00 9.7e-01 1.00e-01
31 3.4e-07 7.8e-87 1.2e-90 +9.26e-03 +9.26e-03 1.0e+00 9.9e-01 1.00e-01
32 3.5e-08 7.8e-87 5.0e-89 +9.26e-03 +9.26e-03 1.0e+00 1.0e+00 1.00e-01
33 3.6e-09 7.8e-87 3.5e-88 +9.26e-03 +9.26e-03 1.0e+00 1.0e+00 1.00e-01
34 3.6e-10 7.8e-87 7.1e-88 +9.26e-03 +9.26e-03 1.0e+00 1.0e+00 1.00e-01
35 3.6e-11 7.8e-87 9.7e-88 +9.26e-03 +9.26e-03 1.0e+00 1.0e+00 1.00e-01
36 3.6e-12 7.8e-87 1.2e-87 +9.26e-03 +9.26e-03 1.0e+00 1.0e+00 1.00e-01
37 3.6e-13 7.8e-87 1.1e-87 +9.26e-03 +9.26e-03 1.0e+00 1.0e+00 1.00e-01
38 3.6e-14 7.8e-87 1.5e-87 +9.26e-03 +9.26e-03 1.0e+00 1.0e+00 1.00e-01
39 3.6e-15 7.8e-87 1.6e-87 +9.26e-03 +9.26e-03 1.0e+00 1.0e+00 1.00e-01
40 3.6e-16 7.8e-87 1.0e-87 +9.26e-03 +9.26e-03 1.0e+00 1.0e+00 1.00e-01
41 3.6e-17 7.8e-87 1.1e-87 +9.26e-03 +9.26e-03 1.0e+00 1.0e+00 1.00e-01
42 3.6e-18 7.8e-87 1.2e-87 +9.26e-03 +9.26e-03 1.0e+00 1.0e+00 1.00e-01
43 3.6e-19 7.8e-87 1.1e-87 +9.26e-03 +9.26e-03 1.0e+00 1.0e+00 1.00e-01
44 3.6e-20 7.8e-87 1.1e-87 +9.26e-03 +9.26e-03 1.0e+00 1.0e+00 1.00e-01
45 3.6e-21 7.8e-87 2.3e-82 +9.26e-03 +9.26e-03 1.0e+00 1.0e+00 1.00e-01
46 3.6e-22 7.8e-87 5.0e-82 +9.26e-03 +9.26e-03 1.0e+00 1.0e+00 1.00e-01
47 3.6e-23 7.8e-87 4.7e-82 +9.26e-03 +9.26e-03 1.0e+00 1.0e+00 1.00e-01
48 3.6e-24 7.8e-87 5.5e-83 +9.26e-03 +9.26e-03 1.0e+00 1.0e+00 1.00e-01
49 3.6e-25 7.8e-87 2.4e-83 +9.26e-03 +9.26e-03 1.0e+00 1.0e+00 1.00e-01
50 3.6e-26 7.8e-87 1.6e-83 +9.26e-03 +9.26e-03 1.0e+00 1.0e+00 1.00e-01
51 3.6e-27 7.8e-87 1.1e-82 +9.26e-03 +9.26e-03 1.0e+00 1.0e+00 1.00e-01
52 3.6e-28 7.8e-87 1.7e-81 +9.26e-03 +9.26e-03 1.0e+00 1.0e+00 1.00e-01
53 3.6e-29 7.8e-87 8.3e-81 +9.26e-03 +9.26e-03 1.0e+00 1.0e+00 1.00e-01
54 3.6e-30 7.8e-87 8.7e-80 +9.26e-03 +9.26e-03 1.0e+00 1.0e+00 1.00e-01
55 3.6e-31 7.8e-87 1.7e-79 +9.26e-03 +9.26e-03 1.0e+00 1.0e+00 1.00e-01
56 3.6e-32 7.8e-87 1.3e-78 +9.26e-03 +9.26e-03 1.0e+00 1.0e+00 1.00e-01

phase.value = pdOPT     
   Iteration = 56
          mu = 3.5698624134002770e-32
relative gap = 4.2838348960803324e-31
         gap = 4.2838348960803324e-31
      digits = 2.8334941281514904e+01
objValPrimal = 9.2634765357291466e-03
objValDual   = 9.2634765357291466e-03
p.feas.error = 7.7818993001954403e-77
d.feas.error = 1.5054279357894443e-67
relative eps = 8.6361685550944446e-78
total time   = 0.110


Parameters are
maxIteration =    200
epsilonStar  = 1.000e-30
lambdaStar   = 1.000e+10
omegaStar    = 2.000e+00
lowerBound   = -1.000e+05
upperBound   = 1.000e+05
betaStar     = 1.000e-01
betaBar      = 3.000e-01
gammaStar    = 9.000e-01
epsilonDash  = 1.000e-30
precision    =    200

                         Time(sec)  Ratio(% : MainLoop) 
 Predictor time  =       0.040000,  36.363636
 Corrector time  =       0.010000,  9.090909
 Make bMat time  =       0.010000,  9.090909
 Make bDia time  =       0.000000,  0.000000
 Make bF1  time  =       0.000000,  0.000000
 Make bF2  time  =       0.010000,  9.090909
 Make bF3  time  =       0.000000,  0.000000
 Make bPRE time  =       0.000000,  0.000000
 Make rMat time  =       0.000000,  0.000000
 Make gVec Mul   =       0.000000,  0.000000
 Make gVec time  =       0.010000,  9.090909
 Cholesky bMat   =       0.000000,  0.000000
 Ste Pre time    =       0.000000,  0.000000
 Ste Cor time    =       0.050000,  45.454545
 solve           =       0.000000,  0.000000
 sumDz           =       0.000000,  0.000000
 makedX          =       0.030000,  27.272727
 symmetriseDx    =       0.000000,  0.000000
 makedXdZ        =       0.030000,  27.272727
 xMatTime        =       0.000000,  0.000000
 zMatTime        =       0.010000,  9.090909
 invzMatTime     =       0.000000,  0.000000
 xMatzMatTime    =       0.000000,  0.000000
 EigxMatTime     =       0.020000,  18.181818
 EigzMatTime     =       0.030000,  27.272727
 EigxMatzMatTime =       0.000000,  0.000000
 updateRes       =       0.000000,  0.000000
 EigTime         =       0.050000,  45.454545
 sub_total_bMat  =       0.100000,  90.909091
 Main Loop       =       0.110000,  100.000000
 File Check      =       0.000000,  0.000000
 File Change     =       0.000000,  0.000000
 File Read       =       0.000000,  0.000000
 Total           =       0.110000,  100.000000

xVec = 
{-9.263476535729e-03,+8.513047235528e-01,+7.493875420474e-01,+6.708891428761e-01,+6.111022815362e-01,+5.448037543537e-01,+4.884111288260e-01,+4.429960813388e-01}
xMat = 
{
{ {+1.009263476536e+00,+8.513047235528e-01,+7.493875420474e-01,+6.708891428761e-01,+6.111022815362e-01,+5.448037543537e-01 },
  {+8.513047235528e-01,+7.586510185831e-01,+6.708891428761e-01,+6.111022815362e-01,+5.448037543537e-01,+4.884111288260e-01 },
  {+7.493875420474e-01,+6.708891428761e-01,+6.203657580719e-01,+5.448037543537e-01,+4.884111288260e-01,+4.429960813388e-01 },
  {+6.708891428761e-01,+6.111022815362e-01,+5.448037543537e-01,+4.976746053617e-01,+4.429960813388e-01,+4.034169672556e-01 },
  {+6.111022815362e-01,+5.448037543537e-01,+4.884111288260e-01,+4.429960813388e-01,+4.126804437913e-01,+4.148103969561e-01 },
  {+5.448037543537e-01,+4.884111288260e-01,+4.429960813388e-01,+4.034169672556e-01,+4.148103969561e-01,+5.236610727143e-01 }   }
{ {+8.605682000885e-01,+7.493875420474e-01,+6.708891428761e-01,+6.111022815362e-01,+5.448037543537e-01,+4.884111288260e-01 },
  {+7.493875420474e-01,+6.801526194119e-01,+6.111022815362e-01,+5.448037543537e-01,+4.884111288260e-01,+4.429960813388e-01 },
  {+6.708891428761e-01,+6.111022815362e-01,+5.540672308895e-01,+4.884111288260e-01,+4.429960813388e-01,+4.034169672556e-01 },
  {+6.111022815362e-01,+5.448037543537e-01,+4.884111288260e-01,+4.522595578746e-01,+4.034169672556e-01,+4.148103969561e-01 },
  {+5.448037543537e-01,+4.884111288260e-01,+4.429960813388e-01,+4.034169672556e-01,+4.240738734919e-01,+5.143975961785e-01 },
  {+4.884111288260e-01,+4.429960813388e-01,+4.034169672556e-01,+4.148103969561e-01,+5.143975961785e-01,+9.211642613549e-01 }   }
}
yMat = 
{
{ {+2.461006245841e-02,-6.352031902332e-02,-2.723853085132e-03,+8.796727652457e-02,-5.792827872132e-02,+1.406404504755e-02 },
  {-6.352031902332e-02,+1.639504546420e-01,+7.030458262047e-03,-2.270497881871e-01,+1.495170014732e-01,-3.630029910280e-02 },
  {-2.723853085132e-03,+7.030458262047e-03,+3.014773181466e-04,-9.736258815150e-03,+6.411528657357e-03,-1.556615004815e-03 },
  {+8.796727652457e-02,-2.270497881871e-01,-9.736258815150e-03,+3.144340552661e-01,-2.070613563652e-01,+5.027113368131e-02 },
  {-5.792827872132e-02,+1.495170014732e-01,+6.411528657357e-03,-2.070613563652e-01,+1.363542039475e-01,-3.310458568891e-02 },
  {+1.406404504755e-02,-3.630029910280e-02,-1.556615004815e-03,+5.027113368131e-02,-3.310458568891e-02,+8.037255632075e-03 }   }
{ {+3.711942483774e-02,+2.449733895168e-02,+2.589918038185e-02,-7.534456983866e-02,-6.358384459973e-02,+2.663059632365e-02 },
  {+2.449733895168e-02,+1.616726601602e-02,+1.709242541225e-02,-4.972440908162e-02,-4.196279979605e-02,+1.757513074293e-02 },
  {+2.589918038185e-02,+1.709242541225e-02,+1.807052634527e-02,-5.256985024888e-02,-4.436408882569e-02,+1.858085411823e-02 },
  {-7.534456983866e-02,-4.972440908162e-02,-5.256985024888e-02,+1.529335173966e-01,+1.290617363011e-01,-5.405446968329e-02 },
  {-6.358384459973e-02,-4.196279979605e-02,-4.436408882569e-02,+1.290617363011e-01,+1.089161621376e-01,-4.561697024248e-02 },
  {+2.663059632365e-02,+1.757513074293e-02,+1.858085411823e-02,-5.405446968329e-02,-4.561697024248e-02,+1.910559400242e-02 }   }
}
    main loop time = 0.110000
        total time = 0.110000
  file   read time = 0.000000
