SDPA-GMP start at Wed Jun  5 23:35:11 2024
*SDP Scan Problem: V = x^2 - 2*x^4 + x^8
* K = 6; eval = -1.7587939698492452; Domain = R+ with BCs: Neumann
data      is /Users/gorg/qmBoot/data/K=6_BC-Neumann_V_0.0_0.0_1.0_0.0_-2.0_0.0_0.0_0.0_1.0/e=-1.7587939698492452_K=6_D=R+.dat
parameter is ./param.sdpa
out       is /Users/gorg/qmBoot/data/K=6_BC-Neumann_V_0.0_0.0_1.0_0.0_-2.0_0.0_0.0_0.0_1.0/e=-1.7587939698492452_K=6_D=R+.out
DENSE computation
   mu      thetaP  thetaD  objP      objD      alphaP  alphaD  beta 
 0 1.0e+20 1.0e+00 1.0e+00 +0.00e+00 -8.63e+09 1.0e+00 9.0e-01 3.00e-01
 1 1.6e+19 8.6e-88 1.0e-01 +1.60e+10 -8.63e+08 9.0e-01 9.0e-01 3.00e-01
 2 2.5e+18 1.7e-87 1.0e-02 +2.46e+10 -8.63e+07 9.0e-01 9.0e-01 3.00e-01
 3 3.8e+17 1.7e-87 1.0e-03 +3.79e+10 -8.63e+06 9.0e-01 9.0e-01 3.00e-01
 4 5.8e+16 3.5e-87 1.0e-04 +5.84e+10 -8.63e+05 9.0e-01 9.0e-01 3.00e-01
 5 9.0e+15 3.5e-87 1.0e-05 +9.00e+10 -8.63e+04 9.0e-01 9.0e-01 3.00e-01
 6 1.4e+15 4.3e-87 1.0e-06 +1.39e+11 -8.63e+03 9.0e-01 9.0e-01 3.00e-01
 7 2.1e+14 6.9e-87 1.0e-07 +2.13e+11 -8.63e+02 9.0e-01 9.0e-01 3.00e-01
 8 3.3e+13 8.6e-87 1.0e-08 +3.29e+11 -8.63e+01 9.0e-01 9.0e-01 3.00e-01
 9 5.1e+12 8.6e-87 1.0e-09 +5.05e+11 -8.71e+00 9.0e-01 9.0e-01 3.00e-01
10 8.2e+11 1.1e-86 9.8e-11 +7.69e+11 -9.45e-01 9.2e-01 9.2e-01 3.00e-01
11 1.7e+11 1.4e-86 7.9e-12 +1.05e+12 -1.69e-01 1.7e+00 1.0e+00 3.00e-01
12 3.6e+10 1.6e-86 2.3e-94 +4.31e+11 -1.06e-01 9.6e-01 9.6e-01 1.00e-01
13 4.9e+09 1.4e-86 2.4e-94 +5.83e+10 -1.07e-01 9.9e-01 9.9e-01 1.00e-01
14 5.3e+08 1.4e-86 4.8e-94 +6.37e+09 -1.07e-01 1.0e+00 1.0e+00 1.00e-01
15 5.4e+07 1.4e-86 1.4e-93 +6.44e+08 -1.08e-01 1.0e+00 1.0e+00 1.00e-01
16 5.4e+06 1.1e-86 6.0e-93 +6.44e+07 -1.08e-01 1.0e+00 1.0e+00 1.00e-01
17 5.4e+05 1.2e-86 1.9e-92 +6.44e+06 -1.09e-01 1.0e+00 1.0e+00 1.00e-01
18 5.4e+04 1.2e-86 3.8e-92 +6.44e+05 -1.09e-01 1.0e+00 1.0e+00 1.00e-01
19 5.4e+03 1.2e-86 1.7e-91 +6.44e+04 -1.10e-01 1.0e+00 1.0e+00 1.00e-01
20 5.4e+02 1.1e-86 8.1e-91 +6.44e+03 -1.10e-01 1.0e+00 1.0e+00 1.00e-01
21 5.4e+01 1.1e-86 1.7e-90 +6.44e+02 -1.10e-01 1.0e+00 9.0e+01 1.00e-01
22 5.4e+00 1.1e-86 8.5e-88 +6.47e+01 -1.01e-01 9.9e-01 2.6e+01 1.00e-01
23 5.6e-01 9.5e-87 2.0e-86 +6.73e+00 -3.31e-02 9.5e-01 8.5e+00 1.00e-01
24 7.8e-02 9.6e-87 1.5e-85 +9.86e-01 +4.46e-02 8.5e-01 1.3e+00 1.00e-01
25 1.6e-02 9.6e-87 4.6e-86 +3.18e-01 +1.28e-01 8.4e-01 9.4e-01 1.00e-01
26 3.2e-03 9.6e-87 2.8e-87 +2.35e-01 +1.96e-01 9.3e-01 9.1e-01 1.00e-01
27 5.7e-04 9.6e-87 2.9e-88 +2.20e-01 +2.14e-01 9.6e-01 9.6e-01 1.00e-01
28 7.6e-05 9.6e-87 7.7e-90 +2.18e-01 +2.17e-01 9.8e-01 1.0e+00 1.00e-01
29 8.0e-06 9.6e-87 1.1e-90 +2.18e-01 +2.18e-01 9.8e-01 1.0e+00 1.00e-01
30 8.2e-07 9.6e-87 3.3e-91 +2.18e-01 +2.18e-01 9.8e-01 1.0e+00 1.00e-01
31 8.3e-08 9.6e-87 1.0e-91 +2.18e-01 +2.18e-01 9.8e-01 1.0e+00 1.00e-01
32 8.3e-09 9.6e-87 3.7e-92 +2.18e-01 +2.18e-01 9.8e-01 1.0e+00 1.00e-01
33 8.3e-10 9.6e-87 1.2e-88 +2.18e-01 +2.18e-01 9.8e-01 1.0e+00 1.00e-01
34 8.3e-11 9.6e-87 1.0e-88 +2.18e-01 +2.18e-01 9.8e-01 1.0e+00 1.00e-01
35 8.3e-12 9.6e-87 1.6e-88 +2.18e-01 +2.18e-01 9.8e-01 1.0e+00 1.00e-01
36 8.3e-13 9.6e-87 2.1e-88 +2.18e-01 +2.18e-01 9.8e-01 1.0e+00 1.00e-01
37 8.3e-14 9.6e-87 4.6e-88 +2.18e-01 +2.18e-01 9.8e-01 1.0e+00 1.00e-01
38 8.3e-15 9.6e-87 4.4e-88 +2.18e-01 +2.18e-01 9.8e-01 1.0e+00 1.00e-01
39 8.3e-16 9.6e-87 3.8e-88 +2.18e-01 +2.18e-01 9.8e-01 1.0e+00 1.00e-01
40 8.3e-17 9.6e-87 7.3e-88 +2.18e-01 +2.18e-01 9.8e-01 1.0e+00 1.00e-01
41 8.3e-18 9.6e-87 6.0e-88 +2.18e-01 +2.18e-01 9.8e-01 1.0e+00 1.00e-01
42 8.3e-19 9.6e-87 7.7e-88 +2.18e-01 +2.18e-01 9.8e-01 1.0e+00 1.00e-01
43 8.3e-20 9.6e-87 7.0e-88 +2.18e-01 +2.18e-01 9.8e-01 1.0e+00 1.00e-01
44 8.3e-21 9.6e-87 9.4e-88 +2.18e-01 +2.18e-01 9.8e-01 1.0e+00 1.00e-01
45 8.3e-22 9.6e-87 2.7e-86 +2.18e-01 +2.18e-01 9.8e-01 1.0e+00 1.00e-01
46 8.3e-23 9.6e-87 4.4e-85 +2.18e-01 +2.18e-01 9.8e-01 1.0e+00 1.00e-01
47 8.3e-24 9.6e-87 1.5e-85 +2.18e-01 +2.18e-01 9.8e-01 1.0e+00 1.00e-01
48 8.3e-25 9.6e-87 2.5e-85 +2.18e-01 +2.18e-01 9.8e-01 1.0e+00 1.00e-01
49 8.3e-26 9.6e-87 4.6e-85 +2.18e-01 +2.18e-01 9.8e-01 1.0e+00 1.00e-01
50 8.3e-27 9.6e-87 3.4e-87 +2.18e-01 +2.18e-01 9.8e-01 1.0e+00 1.00e-01
51 8.3e-28 9.6e-87 6.5e-88 +2.18e-01 +2.18e-01 9.8e-01 1.0e+00 1.00e-01
52 8.3e-29 9.6e-87 6.9e-88 +2.18e-01 +2.18e-01 9.8e-01 1.0e+00 1.00e-01
53 8.3e-30 9.6e-87 6.8e-88 +2.18e-01 +2.18e-01 9.8e-01 1.0e+00 1.00e-01
54 8.3e-31 9.6e-87 8.5e-88 +2.18e-01 +2.18e-01 9.8e-01 1.0e+00 1.00e-01
55 8.3e-32 9.6e-87 6.8e-88 +2.18e-01 +2.18e-01 9.8e-01 1.0e+00 1.00e-01

phase.value = pdOPT     
   Iteration = 55
          mu = 8.3209146643844288e-32
relative gap = 9.9850975972613145e-31
         gap = 9.9850975972613145e-31
      digits = 2.9339268282411851e+01
objValPrimal = 2.1808238926720601e-01
objValDual   = 2.1808238926720601e-01
p.feas.error = 9.6139574473635321e-77
d.feas.error = 8.1976853325220881e-77
relative eps = 8.6361685550944446e-78
total time   = 0.110


Parameters are
maxIteration =    200
epsilonStar  = 1.000e-30
lambdaStar   = 1.000e+10
omegaStar    = 2.000e+00
lowerBound   = -1.000e+05
upperBound   = 1.000e+05
betaStar     = 1.000e-01
betaBar      = 3.000e-01
gammaStar    = 9.000e-01
epsilonDash  = 1.000e-30
precision    =    200

                         Time(sec)  Ratio(% : MainLoop) 
 Predictor time  =       0.030000,  27.272727
 Corrector time  =       0.020000,  18.181818
 Make bMat time  =       0.020000,  18.181818
 Make bDia time  =       0.000000,  0.000000
 Make bF1  time  =       0.010000,  9.090909
 Make bF2  time  =       0.010000,  9.090909
 Make bF3  time  =       0.000000,  0.000000
 Make bPRE time  =       0.010000,  9.090909
 Make rMat time  =       0.000000,  0.000000
 Make gVec Mul   =       0.000000,  0.000000
 Make gVec time  =       0.000000,  0.000000
 Cholesky bMat   =       0.000000,  0.000000
 Ste Pre time    =       0.000000,  0.000000
 Ste Cor time    =       0.050000,  45.454545
 solve           =       0.020000,  18.181818
 sumDz           =       0.010000,  9.090909
 makedX          =       0.000000,  0.000000
 symmetriseDx    =       0.000000,  0.000000
 makedXdZ        =       0.010000,  9.090909
 xMatTime        =       0.000000,  0.000000
 zMatTime        =       0.000000,  0.000000
 invzMatTime     =       0.000000,  0.000000
 xMatzMatTime    =       0.000000,  0.000000
 EigxMatTime     =       0.020000,  18.181818
 EigzMatTime     =       0.030000,  27.272727
 EigxMatzMatTime =       0.000000,  0.000000
 updateRes       =       0.010000,  9.090909
 EigTime         =       0.050000,  45.454545
 sub_total_bMat  =       0.090000,  81.818182
 Main Loop       =       0.110000,  100.000000
 File Check      =       0.000000,  0.000000
 File Change     =       0.000000,  0.000000
 File Read       =       0.000000,  0.000000
 Total           =       0.110000,  100.000000

xVec = 
{-2.180823892672e-01,+1.330562184770e-01,+2.930598211522e-02,+4.225661946195e-02,+2.141354043346e-01,+4.035375575408e-02,+3.228868910546e-02,+2.964897045333e-02}
xMat = 
{
{ {+1.218082389267e+00,+1.330562184770e-01,+2.930598211522e-02,+4.225661946195e-02,+2.141354043346e-01,+4.035375575408e-02 },
  {+1.330562184770e-01,+2.473883713824e-01,+4.225661946195e-02,+2.141354043346e-01,+4.035375575408e-02,+3.228868910546e-02 },
  {+2.930598211522e-02,+4.225661946195e-02,+4.322177936018e-01,+4.035375575408e-02,+3.228868910546e-02,+2.964897045333e-02 },
  {+4.225661946195e-02,+2.141354043346e-01,+4.035375575408e-02,+2.503710783727e-01,+2.964897045333e-02,-1.065187016144e-01 },
  {+2.141354043346e-01,+4.035375575408e-02,+3.228868910546e-02,+2.964897045333e-02,+1.115636876528e-01,-5.315922165975e-02 },
  {+4.035375575408e-02,+3.228868910546e-02,+2.964897045333e-02,-1.065187016144e-01,-5.315922165975e-02,+3.340417778161e-01 }   }
{ {+3.511386077442e-01,+2.930598211522e-02,+4.225661946195e-02,+2.141354043346e-01,+4.035375575408e-02,+3.228868910546e-02 },
  {+2.930598211522e-02,+2.603390087292e-01,+2.141354043346e-01,+4.035375575408e-02,+3.228868910546e-02,+2.964897045333e-02 },
  {+4.225661946195e-02,+2.141354043346e-01,+2.584361450213e-01,+3.228868910546e-02,+2.964897045333e-02,-1.065187016144e-01 },
  {+2.141354043346e-01,+4.035375575408e-02,+3.228868910546e-02,+2.477313597205e-01,-1.065187016144e-01,-5.315922165975e-02 },
  {+4.035375575408e-02,+3.228868910546e-02,+2.964897045333e-02,-1.065187016144e-01,+1.649231676075e-01,+1.159593885489e-01 },
  {+3.228868910546e-02,+2.964897045333e-02,-1.065187016144e-01,-5.315922165975e-02,+1.159593885489e-01,+2.999665677107e-01 }   }
}
yMat = 
{
{ {+1.073576370509e-31,+3.587331537210e-23,+2.030874381626e-24,-3.696700642116e-23,-1.200455670240e-23,-1.734617185074e-23 },
  {+3.587331537210e-23,+9.851439008953e-02,+5.577135746624e-03,-1.015178567004e-01,-3.296660892914e-02,-4.763561764297e-02 },
  {+2.030874381626e-24,+5.577135746624e-03,+3.157350221425e-04,-5.747169190309e-03,-1.866318747308e-03,-2.696766489928e-03 },
  {-3.696700642116e-23,-1.015178567004e-01,-5.747169190309e-03,+1.046128917784e-01,+3.397168147847e-02,+4.908791295688e-02 },
  {-1.200455670240e-23,-3.296660892914e-02,-1.866318747308e-03,+3.397168147847e-02,+1.103186350034e-02,+1.594066386146e-02 },
  {-1.734617185074e-23,-4.763561764297e-02,-2.696766489928e-03,+4.908791295688e-02,+1.594066386146e-02,+2.303371178734e-02 }   }
{ {+8.505567803085e-02,+4.973936288729e-02,-3.371490119097e-02,-1.201872062059e-01,-9.451600807566e-02,-1.080575279004e-02 },
  {+4.973936288729e-02,+1.326236915999e-01,-1.464392074807e-01,-5.976908044939e-02,+9.034322547208e-03,-8.454802644378e-02 },
  {-3.371490119097e-02,-1.464392074807e-01,+1.684661690471e-01,+3.477115056366e-02,-4.124200709042e-02,+1.000310959496e-01 },
  {-1.201872062059e-01,-5.976908044939e-02,+3.477115056366e-02,+1.708973382486e-01,+1.400856518000e-01,+7.324415591283e-03 },
  {-9.451600807566e-02,+9.034322547208e-03,-4.124200709042e-02,+1.400856518000e-01,+1.449685195802e-01,-3.657981676749e-02 },
  {-1.080575279004e-02,-8.454802644378e-02,+1.000310959496e-01,+7.324415591283e-03,-3.657981676749e-02,+6.048001131565e-02 }   }
}
    main loop time = 0.110000
        total time = 0.110000
  file   read time = 0.000000
