SDPA-GMP start at Wed Jun  5 23:35:11 2024
*SDP Scan Problem: V = x^2 - 2*x^4 + x^8
* K = 6; eval = -1.457286432160803; Domain = R+ with BCs: Neumann
data      is /Users/gorg/qmBoot/data/K=6_BC-Neumann_V_0.0_0.0_1.0_0.0_-2.0_0.0_0.0_0.0_1.0/e=-1.457286432160803_K=6_D=R+.dat
parameter is ./param.sdpa
out       is /Users/gorg/qmBoot/data/K=6_BC-Neumann_V_0.0_0.0_1.0_0.0_-2.0_0.0_0.0_0.0_1.0/e=-1.457286432160803_K=6_D=R+.out
DENSE computation
   mu      thetaP  thetaD  objP      objD      alphaP  alphaD  beta 
 0 1.0e+20 1.0e+00 1.0e+00 +0.00e+00 -9.23e+09 1.0e+00 9.0e-01 3.00e-01
 1 1.6e+19 8.6e-88 1.0e-01 +1.60e+10 -9.23e+08 9.0e-01 9.0e-01 3.00e-01
 2 2.5e+18 1.7e-87 1.0e-02 +2.46e+10 -9.23e+07 9.0e-01 9.0e-01 3.00e-01
 3 3.8e+17 1.7e-87 1.0e-03 +3.79e+10 -9.23e+06 9.0e-01 9.0e-01 3.00e-01
 4 5.8e+16 1.7e-87 1.0e-04 +5.84e+10 -9.23e+05 9.0e-01 9.0e-01 3.00e-01
 5 9.0e+15 3.5e-87 1.0e-05 +9.00e+10 -9.23e+04 9.0e-01 9.0e-01 3.00e-01
 6 1.4e+15 5.2e-87 1.0e-06 +1.39e+11 -9.23e+03 9.0e-01 9.0e-01 3.00e-01
 7 2.1e+14 6.9e-87 1.0e-07 +2.13e+11 -9.23e+02 9.0e-01 9.0e-01 3.00e-01
 8 3.3e+13 8.6e-87 1.0e-08 +3.29e+11 -9.24e+01 9.0e-01 9.0e-01 3.00e-01
 9 5.1e+12 8.6e-87 1.0e-09 +5.05e+11 -9.31e+00 9.0e-01 9.0e-01 3.00e-01
10 8.2e+11 1.1e-86 9.8e-11 +7.69e+11 -1.01e+00 9.2e-01 9.2e-01 3.00e-01
11 1.7e+11 1.2e-86 8.1e-12 +1.05e+12 -1.77e-01 1.7e+00 1.0e+00 3.00e-01
12 3.6e+10 1.3e-86 7.2e-89 +4.27e+11 -1.12e-01 9.6e-01 9.6e-01 1.00e-01
13 4.8e+09 1.2e-86 2.9e-94 +5.75e+10 -1.13e-01 9.9e-01 9.9e-01 1.00e-01
14 5.2e+08 1.1e-86 6.9e-94 +6.27e+09 -1.14e-01 1.0e+00 1.0e+00 1.00e-01
15 5.3e+07 1.1e-86 1.7e-93 +6.33e+08 -1.15e-01 1.0e+00 1.0e+00 1.00e-01
16 5.3e+06 1.0e-86 6.6e-93 +6.34e+07 -1.16e-01 1.0e+00 1.0e+00 1.00e-01
17 5.3e+05 1.1e-86 1.3e-92 +6.34e+06 -1.17e-01 1.0e+00 1.0e+00 1.00e-01
18 5.3e+04 1.0e-86 3.8e-92 +6.34e+05 -1.18e-01 1.0e+00 1.0e+00 1.00e-01
19 5.3e+03 1.0e-86 9.3e-92 +6.34e+04 -1.19e-01 1.0e+00 1.0e+00 1.00e-01
20 5.3e+02 9.5e-87 5.8e-91 +6.34e+03 -1.19e-01 1.0e+00 1.0e+00 1.00e-01
21 5.3e+01 8.6e-87 1.5e-90 +6.34e+02 -1.20e-01 1.0e+00 1.0e+00 1.00e-01
22 5.3e+00 8.6e-87 6.3e-90 +6.36e+01 -1.20e-01 9.9e-01 3.6e+01 1.00e-01
23 5.5e-01 8.7e-87 1.7e-87 +6.60e+00 -9.41e-03 9.7e-01 1.6e+01 1.00e-01
24 7.0e-02 8.3e-87 2.5e-86 +8.57e-01 +1.27e-02 9.0e-01 9.7e-01 1.00e-01
25 1.3e-02 8.3e-87 7.2e-88 +2.62e-01 +1.07e-01 8.4e-01 9.6e-01 1.00e-01
26 2.6e-03 8.3e-87 7.2e-89 +1.93e-01 +1.62e-01 9.1e-01 8.9e-01 1.00e-01
27 4.9e-04 8.3e-87 1.2e-89 +1.82e-01 +1.76e-01 9.5e-01 9.6e-01 1.00e-01
28 6.7e-05 8.3e-87 7.0e-90 +1.80e-01 +1.79e-01 9.8e-01 9.7e-01 1.00e-01
29 8.5e-06 8.3e-87 2.7e-90 +1.79e-01 +1.79e-01 9.9e-01 9.9e-01 1.00e-01
30 9.2e-07 8.3e-87 3.5e-91 +1.79e-01 +1.79e-01 9.9e-01 1.0e+00 1.00e-01
31 9.3e-08 8.3e-87 1.4e-91 +1.79e-01 +1.79e-01 9.9e-01 1.0e+00 1.00e-01
32 9.4e-09 8.3e-87 5.8e-92 +1.79e-01 +1.79e-01 9.9e-01 1.0e+00 1.00e-01
33 9.4e-10 8.3e-87 1.8e-88 +1.79e-01 +1.79e-01 9.9e-01 1.0e+00 1.00e-01
34 9.4e-11 8.3e-87 2.3e-88 +1.79e-01 +1.79e-01 9.9e-01 1.0e+00 1.00e-01
35 9.4e-12 8.3e-87 3.1e-88 +1.79e-01 +1.79e-01 9.9e-01 1.0e+00 1.00e-01
36 9.4e-13 8.3e-87 1.6e-88 +1.79e-01 +1.79e-01 9.9e-01 1.0e+00 1.00e-01
37 9.4e-14 8.3e-87 1.3e-88 +1.79e-01 +1.79e-01 9.9e-01 1.0e+00 1.00e-01
38 9.4e-15 8.3e-87 2.2e-88 +1.79e-01 +1.79e-01 9.9e-01 1.0e+00 1.00e-01
39 9.4e-16 8.3e-87 2.4e-88 +1.79e-01 +1.79e-01 9.9e-01 1.0e+00 1.00e-01
40 9.4e-17 8.3e-87 2.3e-88 +1.79e-01 +1.79e-01 9.9e-01 1.0e+00 1.00e-01
41 9.4e-18 8.3e-87 2.3e-88 +1.79e-01 +1.79e-01 9.9e-01 1.0e+00 1.00e-01
42 9.4e-19 8.3e-87 2.5e-88 +1.79e-01 +1.79e-01 9.9e-01 1.0e+00 1.00e-01
43 9.4e-20 8.3e-87 3.3e-88 +1.79e-01 +1.79e-01 9.9e-01 1.0e+00 1.00e-01
44 9.4e-21 8.3e-87 2.6e-88 +1.79e-01 +1.79e-01 9.9e-01 1.0e+00 1.00e-01
45 9.4e-22 8.3e-87 4.0e-85 +1.79e-01 +1.79e-01 9.9e-01 1.0e+00 1.00e-01
46 9.4e-23 8.3e-87 2.6e-84 +1.79e-01 +1.79e-01 9.9e-01 1.0e+00 1.00e-01
47 9.4e-24 8.3e-87 7.0e-85 +1.79e-01 +1.79e-01 9.9e-01 1.0e+00 1.00e-01
48 9.4e-25 8.3e-87 2.1e-85 +1.79e-01 +1.79e-01 9.9e-01 1.0e+00 1.00e-01
49 9.4e-26 8.3e-87 2.6e-84 +1.79e-01 +1.79e-01 9.9e-01 1.0e+00 1.00e-01
50 9.4e-27 8.3e-87 2.1e-83 +1.79e-01 +1.79e-01 9.9e-01 1.0e+00 1.00e-01
51 9.4e-28 8.3e-87 3.8e-83 +1.79e-01 +1.79e-01 9.9e-01 1.0e+00 1.00e-01
52 9.4e-29 8.3e-87 9.9e-86 +1.79e-01 +1.79e-01 9.9e-01 1.0e+00 1.00e-01
53 9.4e-30 8.3e-87 1.9e-88 +1.79e-01 +1.79e-01 9.9e-01 1.0e+00 1.00e-01
54 9.4e-31 8.3e-87 2.8e-88 +1.79e-01 +1.79e-01 9.9e-01 1.0e+00 1.00e-01
55 9.4e-32 8.3e-87 2.1e-88 +1.79e-01 +1.79e-01 9.9e-01 1.0e+00 1.00e-01
56 9.4e-33 8.3e-87 4.0e-88 +1.79e-01 +1.79e-01 9.9e-01 1.0e+00 1.00e-01

phase.value = pdOPT     
   Iteration = 56
          mu = 9.3664482506066503e-33
relative gap = 1.1239737900727980e-31
         gap = 1.1239737900727980e-31
      digits = 3.0203142707943581e+01
objValPrimal = 1.7943158438894934e-01
objValDual   = 1.7943158438894934e-01
p.feas.error = 8.2997766032884813e-77
d.feas.error = 4.7916468820846957e-77
relative eps = 8.6361685550944446e-78
total time   = 0.120


Parameters are
maxIteration =    200
epsilonStar  = 1.000e-30
lambdaStar   = 1.000e+10
omegaStar    = 2.000e+00
lowerBound   = -1.000e+05
upperBound   = 1.000e+05
betaStar     = 1.000e-01
betaBar      = 3.000e-01
gammaStar    = 9.000e-01
epsilonDash  = 1.000e-30
precision    =    200

                         Time(sec)  Ratio(% : MainLoop) 
 Predictor time  =       0.050000,  41.666667
 Corrector time  =       0.010000,  8.333333
 Make bMat time  =       0.040000,  33.333333
 Make bDia time  =       0.000000,  0.000000
 Make bF1  time  =       0.010000,  8.333333
 Make bF2  time  =       0.030000,  25.000000
 Make bF3  time  =       0.000000,  0.000000
 Make bPRE time  =       0.020000,  16.666667
 Make rMat time  =       0.010000,  8.333333
 Make gVec Mul   =       0.000000,  0.000000
 Make gVec time  =       0.000000,  0.000000
 Cholesky bMat   =       0.000000,  0.000000
 Ste Pre time    =       0.000000,  0.000000
 Ste Cor time    =       0.040000,  33.333333
 solve           =       0.000000,  0.000000
 sumDz           =       0.000000,  0.000000
 makedX          =       0.010000,  8.333333
 symmetriseDx    =       0.000000,  0.000000
 makedXdZ        =       0.010000,  8.333333
 xMatTime        =       0.000000,  0.000000
 zMatTime        =       0.010000,  8.333333
 invzMatTime     =       0.000000,  0.000000
 xMatzMatTime    =       0.000000,  0.000000
 EigxMatTime     =       0.020000,  16.666667
 EigzMatTime     =       0.020000,  16.666667
 EigxMatzMatTime =       0.000000,  0.000000
 updateRes       =       0.010000,  8.333333
 EigTime         =       0.040000,  33.333333
 sub_total_bMat  =       0.080000,  66.666667
 Main Loop       =       0.120000,  100.000000
 File Check      =       0.000000,  0.000000
 File Change     =       0.000000,  0.000000
 File Read       =       0.000000,  0.000000
 Total           =       0.120000,  100.000000

xVec = 
{-1.794315843889e-01,+1.740109902862e-01,+7.526644928166e-02,+7.618143335957e-02,+2.158383010164e-01,+5.205830566714e-02,+5.695598336809e-02,+3.801637390994e-02}
xMat = 
{
{ {+1.179431584389e+00,+1.740109902862e-01,+7.526644928166e-02,+7.618143335957e-02,+2.158383010164e-01,+5.205830566714e-02 },
  {+1.740109902862e-01,+2.546980336706e-01,+7.618143335957e-02,+2.158383010164e-01,+5.205830566714e-02,+5.695598336809e-02 },
  {+7.526644928166e-02,+7.618143335957e-02,+3.952698854054e-01,+5.205830566714e-02,+5.695598336809e-02,+3.801637390994e-02 },
  {+7.618143335957e-02,+2.158383010164e-01,+5.205830566714e-02,+2.363875677570e-01,+3.801637390994e-02,-6.255790492511e-02 },
  {+2.158383010164e-01,+5.205830566714e-02,+5.695598336809e-02,+3.801637390994e-02,+1.168736794638e-01,-5.564943312116e-02 },
  {+5.205830566714e-02,+5.695598336809e-02,+3.801637390994e-02,-6.255790492511e-02,-5.564943312116e-02,+3.047390563332e-01 }   }
{ {+3.534425746751e-01,+7.526644928166e-02,+7.618143335957e-02,+2.158383010164e-01,+5.205830566714e-02,+5.695598336809e-02 },
  {+7.526644928166e-02,+2.556130177485e-01,+2.158383010164e-01,+5.205830566714e-02,+5.695598336809e-02,+3.801637390994e-02 },
  {+7.618143335957e-02,+2.158383010164e-01,+2.314898900561e-01,+5.695598336809e-02,+3.801637390994e-02,-6.255790492511e-02 },
  {+2.158383010164e-01,+5.205830566714e-02,+5.695598336809e-02,+2.174479582989e-01,-6.255790492511e-02,-5.564943312116e-02 },
  {+5.205830566714e-02,+5.695598336809e-02,+3.801637390994e-02,-6.255790492511e-02,+1.237821512678e-01,+1.253074719443e-01 },
  {+5.695598336809e-02,+3.801637390994e-02,-6.255790492511e-02,-5.564943312116e-02,+1.253074719443e-01,+2.789188623178e-01 }   }
}
yMat = 
{
{ {+1.356136101263e-32,+1.318093599752e-23,+4.322388390017e-25,-1.296752202265e-23,-4.742252027695e-24,-6.045467208937e-24 },
  {+1.318093599752e-23,+8.311465436979e-02,+2.725556172791e-03,-8.176893590413e-02,-2.990308395547e-02,-3.812073110386e-02 },
  {+4.322388390017e-25,+2.725556172791e-03,+8.937841957436e-05,-2.681426394490e-03,-9.806036694529e-04,-1.250082729204e-03 },
  {-1.296752202265e-23,-8.176893590413e-02,-2.681426394490e-03,+8.044500611343e-02,+2.941891985030e-02,+3.750351417430e-02 },
  {-4.742252027695e-24,-2.990308395547e-02,-9.806036694529e-04,+2.941891985030e-02,+1.075856522328e-02,+1.371511956930e-02 },
  {-6.045467208937e-24,-3.812073110386e-02,-1.250082729204e-03,+3.750351417430e-02,+1.371511956930e-02,+1.748416270165e-02 }   }
{ {+9.924358806949e-02,+6.382421351046e-02,-4.501304374484e-02,-1.379124800636e-01,-1.092861609780e-01,-1.747885307035e-02 },
  {+6.382421351046e-02,+1.309692726614e-01,-1.437403033197e-01,-7.806687881189e-02,-5.033830043612e-03,-7.643742975883e-02 },
  {-4.501304374484e-02,-1.437403033197e-01,+1.669543987210e-01,+4.898766629950e-02,-3.372562819059e-02,+9.115473061355e-02 },
  {-1.379124800636e-01,-7.806687881189e-02,+4.898766629950e-02,+1.929037102957e-01,+1.595779471755e-01,+1.658546608993e-02 },
  {-1.092861609780e-01,-5.033830043612e-03,-3.372562819059e-02,+1.595779471755e-01,+1.676897512040e-01,-2.805938737909e-02 },
  {-1.747885307035e-02,-7.643742975883e-02,+9.115473061355e-02,+1.658546608993e-02,-2.805938737909e-02,+5.034751222069e-02 }   }
}
    main loop time = 0.120000
        total time = 0.120000
  file   read time = 0.000000
