SDPA-GMP start at Wed Jun  5 23:35:11 2024
*SDP Scan Problem: V = x^2 - 2*x^4 + x^8
* K = 6; eval = -1.6582914572864311; Domain = R+ with BCs: Neumann
data      is /Users/gorg/qmBoot/data/K=6_BC-Neumann_V_0.0_0.0_1.0_0.0_-2.0_0.0_0.0_0.0_1.0/e=-1.6582914572864311_K=6_D=R+.dat
parameter is ./param.sdpa
out       is /Users/gorg/qmBoot/data/K=6_BC-Neumann_V_0.0_0.0_1.0_0.0_-2.0_0.0_0.0_0.0_1.0/e=-1.6582914572864311_K=6_D=R+.out
DENSE computation
   mu      thetaP  thetaD  objP      objD      alphaP  alphaD  beta 
 0 1.0e+20 1.0e+00 1.0e+00 +0.00e+00 -8.83e+09 1.0e+00 9.0e-01 3.00e-01
 1 1.6e+19 8.6e-88 1.0e-01 +1.60e+10 -8.83e+08 9.0e-01 9.0e-01 3.00e-01
 2 2.5e+18 1.7e-87 1.0e-02 +2.46e+10 -8.83e+07 9.0e-01 9.0e-01 3.00e-01
 3 3.8e+17 2.6e-87 1.0e-03 +3.79e+10 -8.83e+06 9.0e-01 9.0e-01 3.00e-01
 4 5.8e+16 3.5e-87 1.0e-04 +5.84e+10 -8.83e+05 9.0e-01 9.0e-01 3.00e-01
 5 9.0e+15 5.2e-87 1.0e-05 +9.00e+10 -8.83e+04 9.0e-01 9.0e-01 3.00e-01
 6 1.4e+15 5.2e-87 1.0e-06 +1.39e+11 -8.83e+03 9.0e-01 9.0e-01 3.00e-01
 7 2.1e+14 6.9e-87 1.0e-07 +2.13e+11 -8.83e+02 9.0e-01 9.0e-01 3.00e-01
 8 3.3e+13 7.8e-87 1.0e-08 +3.29e+11 -8.83e+01 9.0e-01 9.0e-01 3.00e-01
 9 5.1e+12 8.6e-87 1.0e-09 +5.05e+11 -8.91e+00 9.0e-01 9.0e-01 3.00e-01
10 8.2e+11 1.0e-86 9.8e-11 +7.69e+11 -9.65e-01 9.2e-01 9.2e-01 3.00e-01
11 1.7e+11 1.2e-86 8.0e-12 +1.05e+12 -1.71e-01 1.7e+00 1.0e+00 3.00e-01
12 3.6e+10 1.3e-86 2.8e-94 +4.29e+11 -1.08e-01 9.6e-01 9.6e-01 1.00e-01
13 4.8e+09 1.1e-86 2.5e-94 +5.80e+10 -1.09e-01 9.9e-01 9.9e-01 1.00e-01
14 5.3e+08 1.2e-86 5.7e-94 +6.34e+09 -1.10e-01 1.0e+00 1.0e+00 1.00e-01
15 5.3e+07 1.1e-86 1.8e-93 +6.41e+08 -1.10e-01 1.0e+00 1.0e+00 1.00e-01
16 5.3e+06 1.0e-86 4.1e-93 +6.41e+07 -1.11e-01 1.0e+00 1.0e+00 1.00e-01
17 5.3e+05 1.0e-86 1.1e-92 +6.41e+06 -1.11e-01 1.0e+00 1.0e+00 1.00e-01
18 5.3e+04 9.5e-87 5.7e-92 +6.41e+05 -1.12e-01 1.0e+00 1.0e+00 1.00e-01
19 5.3e+03 8.6e-87 2.5e-91 +6.41e+04 -1.12e-01 1.0e+00 1.0e+00 1.00e-01
20 5.3e+02 9.5e-87 5.9e-91 +6.41e+03 -1.13e-01 1.0e+00 1.0e+00 1.00e-01
21 5.3e+01 1.0e-86 3.7e-90 +6.41e+02 -1.13e-01 1.0e+00 9.0e+01 1.00e-01
22 5.4e+00 9.5e-87 1.0e-87 +6.44e+01 -1.10e-01 9.9e-01 2.5e+01 1.00e-01
23 5.6e-01 9.5e-87 2.2e-86 +6.69e+00 -3.16e-02 9.5e-01 9.2e+00 1.00e-01
24 7.6e-02 8.4e-87 1.8e-85 +9.51e-01 +3.82e-02 8.5e-01 1.2e+00 1.00e-01
25 1.6e-02 9.1e-87 4.1e-86 +3.02e-01 +1.15e-01 8.4e-01 9.4e-01 1.00e-01
26 3.2e-03 9.1e-87 2.7e-87 +2.22e-01 +1.83e-01 9.2e-01 9.0e-01 1.00e-01
27 5.9e-04 9.1e-87 2.9e-88 +2.08e-01 +2.01e-01 9.6e-01 9.6e-01 1.00e-01
28 7.9e-05 9.1e-87 6.9e-90 +2.06e-01 +2.05e-01 9.8e-01 9.9e-01 1.00e-01
29 8.7e-06 9.1e-87 2.0e-90 +2.05e-01 +2.05e-01 9.8e-01 1.0e+00 1.00e-01
30 9.1e-07 9.1e-87 3.4e-91 +2.05e-01 +2.05e-01 9.9e-01 1.0e+00 1.00e-01
31 9.2e-08 9.1e-87 1.0e-91 +2.05e-01 +2.05e-01 9.9e-01 1.0e+00 1.00e-01
32 9.2e-09 9.1e-87 7.7e-92 +2.05e-01 +2.05e-01 9.9e-01 1.0e+00 1.00e-01
33 9.2e-10 9.1e-87 7.4e-89 +2.05e-01 +2.05e-01 9.9e-01 1.0e+00 1.00e-01
34 9.2e-11 9.1e-87 1.8e-88 +2.05e-01 +2.05e-01 9.9e-01 1.0e+00 1.00e-01
35 9.2e-12 9.1e-87 2.6e-88 +2.05e-01 +2.05e-01 9.9e-01 1.0e+00 1.00e-01
36 9.2e-13 9.1e-87 2.6e-88 +2.05e-01 +2.05e-01 9.9e-01 1.0e+00 1.00e-01
37 9.2e-14 9.1e-87 2.4e-88 +2.05e-01 +2.05e-01 9.9e-01 1.0e+00 1.00e-01
38 9.2e-15 9.1e-87 3.6e-88 +2.05e-01 +2.05e-01 9.9e-01 1.0e+00 1.00e-01
39 9.2e-16 9.1e-87 6.3e-88 +2.05e-01 +2.05e-01 9.9e-01 1.0e+00 1.00e-01
40 9.2e-17 9.1e-87 4.5e-88 +2.05e-01 +2.05e-01 9.9e-01 1.0e+00 1.00e-01
41 9.2e-18 9.1e-87 7.0e-88 +2.05e-01 +2.05e-01 9.9e-01 1.0e+00 1.00e-01
42 9.2e-19 9.1e-87 8.6e-88 +2.05e-01 +2.05e-01 9.9e-01 1.0e+00 1.00e-01
43 9.2e-20 9.1e-87 5.2e-88 +2.05e-01 +2.05e-01 9.9e-01 1.0e+00 1.00e-01
44 9.2e-21 9.1e-87 9.8e-88 +2.05e-01 +2.05e-01 9.9e-01 1.0e+00 1.00e-01
45 9.2e-22 9.1e-87 8.8e-86 +2.05e-01 +2.05e-01 9.9e-01 1.0e+00 1.00e-01
46 9.2e-23 9.1e-87 6.7e-85 +2.05e-01 +2.05e-01 9.9e-01 1.0e+00 1.00e-01
47 9.2e-24 9.1e-87 2.2e-85 +2.05e-01 +2.05e-01 9.9e-01 1.0e+00 1.00e-01
48 9.2e-25 9.1e-87 2.3e-85 +2.05e-01 +2.05e-01 9.9e-01 1.0e+00 1.00e-01
49 9.2e-26 9.1e-87 1.3e-84 +2.05e-01 +2.05e-01 9.9e-01 1.0e+00 1.00e-01
50 9.2e-27 9.1e-87 2.9e-84 +2.05e-01 +2.05e-01 9.9e-01 1.0e+00 1.00e-01
51 9.2e-28 9.1e-87 1.6e-86 +2.05e-01 +2.05e-01 9.9e-01 1.0e+00 1.00e-01
52 9.2e-29 9.1e-87 9.1e-88 +2.05e-01 +2.05e-01 9.9e-01 1.0e+00 1.00e-01
53 9.2e-30 9.1e-87 8.6e-88 +2.05e-01 +2.05e-01 9.9e-01 1.0e+00 1.00e-01
54 9.2e-31 9.1e-87 1.0e-87 +2.05e-01 +2.05e-01 9.9e-01 1.0e+00 1.00e-01
55 9.2e-32 9.1e-87 1.0e-87 +2.05e-01 +2.05e-01 9.9e-01 1.0e+00 1.00e-01
56 9.2e-33 9.1e-87 1.1e-87 +2.05e-01 +2.05e-01 9.9e-01 1.0e+00 1.00e-01

phase.value = pdOPT     
   Iteration = 56
          mu = 9.1813035595828299e-33
relative gap = 1.1017564271499396e-31
         gap = 1.1017564271499396e-31
      digits = 3.0270405792402727e+01
objValPrimal = 2.0534842918880451e-01
objValDual   = 2.0534842918880451e-01
p.feas.error = 9.0816998101839193e-77
d.feas.error = 1.3580640944577588e-76
relative eps = 8.6361685550944446e-78
total time   = 0.110


Parameters are
maxIteration =    200
epsilonStar  = 1.000e-30
lambdaStar   = 1.000e+10
omegaStar    = 2.000e+00
lowerBound   = -1.000e+05
upperBound   = 1.000e+05
betaStar     = 1.000e-01
betaBar      = 3.000e-01
gammaStar    = 9.000e-01
epsilonDash  = 1.000e-30
precision    =    200

                         Time(sec)  Ratio(% : MainLoop) 
 Predictor time  =       0.050000,  45.454545
 Corrector time  =       0.010000,  9.090909
 Make bMat time  =       0.030000,  27.272727
 Make bDia time  =       0.000000,  0.000000
 Make bF1  time  =       0.010000,  9.090909
 Make bF2  time  =       0.010000,  9.090909
 Make bF3  time  =       0.010000,  9.090909
 Make bPRE time  =       0.000000,  0.000000
 Make rMat time  =       0.000000,  0.000000
 Make gVec Mul   =       0.000000,  0.000000
 Make gVec time  =       0.000000,  0.000000
 Cholesky bMat   =       0.020000,  18.181818
 Ste Pre time    =       0.000000,  0.000000
 Ste Cor time    =       0.030000,  27.272727
 solve           =       0.000000,  0.000000
 sumDz           =       0.000000,  0.000000
 makedX          =       0.010000,  9.090909
 symmetriseDx    =       0.000000,  0.000000
 makedXdZ        =       0.010000,  9.090909
 xMatTime        =       0.010000,  9.090909
 zMatTime        =       0.010000,  9.090909
 invzMatTime     =       0.000000,  0.000000
 xMatzMatTime    =       0.000000,  0.000000
 EigxMatTime     =       0.020000,  18.181818
 EigzMatTime     =       0.000000,  0.000000
 EigxMatzMatTime =       0.000000,  0.000000
 updateRes       =       0.000000,  0.000000
 EigTime         =       0.020000,  18.181818
 sub_total_bMat  =       0.080000,  72.727273
 Main Loop       =       0.110000,  100.000000
 File Check      =       0.000000,  0.000000
 File Change     =       0.000000,  0.000000
 File Read       =       0.000000,  0.000000
 Total           =       0.110000,  100.000000

xVec = 
{-2.053484291888e-01,+1.443199361251e-01,+4.212390757133e-02,+5.128856153595e-02,+2.130935250463e-01,+4.338902340309e-02,+3.922649932564e-02,+3.166400934281e-02}
xMat = 
{
{ {+1.205348429189e+00,+1.443199361251e-01,+4.212390757133e-02,+5.128856153595e-02,+2.130935250463e-01,+4.338902340309e-02 },
  {+1.443199361251e-01,+2.474723367601e-01,+5.128856153595e-02,+2.130935250463e-01,+4.338902340309e-02,+3.922649932564e-02 },
  {+4.212390757133e-02,+5.128856153595e-02,+4.184419542351e-01,+4.338902340309e-02,+3.922649932564e-02,+3.166400934281e-02 },
  {+5.128856153595e-02,+2.130935250463e-01,+4.338902340309e-02,+2.445749285144e-01,+3.166400934281e-02,-9.279562443032e-02 },
  {+2.130935250463e-01,+4.338902340309e-02,+3.922649932564e-02,+3.166400934281e-02,+1.125528047585e-01,-5.418250465991e-02 },
  {+4.338902340309e-02,+3.922649932564e-02,+3.166400934281e-02,-9.279562443032e-02,-5.418250465991e-02,+3.239669641677e-01 }   }
{ {+3.496683653140e-01,+4.212390757133e-02,+5.128856153595e-02,+2.130935250463e-01,+4.338902340309e-02,+3.922649932564e-02 },
  {+4.212390757133e-02,+2.566369907248e-01,+2.130935250463e-01,+4.338902340309e-02,+3.922649932564e-02,+3.166400934281e-02 },
  {+5.128856153595e-02,+2.130935250463e-01,+2.487374525919e-01,+3.922649932564e-02,+3.166400934281e-02,-9.279562443032e-02 },
  {+2.130935250463e-01,+4.338902340309e-02,+3.922649932564e-02,+2.370124385316e-01,-9.279562443032e-02,-5.418250465991e-02 },
  {+4.338902340309e-02,+3.922649932564e-02,+3.166400934281e-02,-9.279562443032e-02,+1.511659245289e-01,+1.186185349789e-01 },
  {+3.922649932564e-02,+3.166400934281e-02,-9.279562443032e-02,-5.418250465991e-02,+1.186185349789e-01,+2.914405639442e-01 }   }
}
yMat = 
{
{ {+1.224990870645e-32,+1.017251038853e-23,+5.202656771135e-25,-1.033248661803e-23,-3.521715391103e-24,-4.831142526945e-24 },
  {+1.017251038853e-23,+9.223533559013e-02,+4.717309425828e-03,-9.368585866248e-02,-3.193180307416e-02,-4.380453148752e-02 },
  {+5.202656771135e-25,+4.717309425828e-03,+2.412633734851e-04,-4.791495377641e-03,-1.633128937643e-03,-2.240351032042e-03 },
  {-1.033248661803e-23,-9.368585866248e-02,-4.791495377641e-03,+9.515919313537e-02,+3.243397305928e-02,+4.449341588513e-02 },
  {-3.521715391103e-24,-3.193180307416e-02,-1.633128937643e-03,+3.243397305928e-02,+1.105476595324e-02,+1.516509550560e-02 },
  {-4.831142526945e-24,-4.380453148752e-02,-2.240351032042e-03,+4.449341588513e-02,+1.516509550560e-02,+2.080370789095e-02 }   }
{ {+8.936934273714e-02,+5.468865969800e-02,-3.776012664731e-02,-1.258213974822e-01,-9.885052964720e-02,-1.315224147224e-02 },
  {+5.468865969800e-02,+1.340630082037e-01,-1.472631420987e-01,-6.646934486971e-02,+4.779739400465e-03,-8.311826325493e-02 },
  {-3.776012664731e-02,-1.472631420987e-01,+1.691874270641e-01,+4.017088996380e-02,-3.879026591762e-02,+9.820800368281e-02 },
  {-1.258213974822e-01,-6.646934486971e-02,+4.017088996380e-02,+1.782428988001e-01,+1.459992282411e-01,+1.066198139797e-02 },
  {-9.885052964720e-02,+4.779739400465e-03,-3.879026591762e-02,+1.459992282411e-01,+1.516869572321e-01,-3.416008076966e-02 },
  {-1.315224147224e-02,-8.311826325493e-02,+9.820800368281e-02,+1.066198139797e-02,-3.416008076966e-02,+5.795610001969e-02 }   }
}
    main loop time = 0.110000
        total time = 0.110000
  file   read time = 0.000000
