SDPA-GMP start at Wed Jun  5 23:35:11 2024
*SDP Scan Problem: V = x^2 - 2*x^4 + x^8
* K = 6; eval = -1.0552763819095468; Domain = R+ with BCs: Neumann
data      is /Users/gorg/qmBoot/data/K=6_BC-Neumann_V_0.0_0.0_1.0_0.0_-2.0_0.0_0.0_0.0_1.0/e=-1.0552763819095468_K=6_D=R+.dat
parameter is ./param.sdpa
out       is /Users/gorg/qmBoot/data/K=6_BC-Neumann_V_0.0_0.0_1.0_0.0_-2.0_0.0_0.0_0.0_1.0/e=-1.0552763819095468_K=6_D=R+.out
DENSE computation
   mu      thetaP  thetaD  objP      objD      alphaP  alphaD  beta 
 0 1.0e+20 1.0e+00 1.0e+00 +0.00e+00 -1.00e+10 1.0e+00 9.0e-01 3.00e-01
 1 1.6e+19 8.6e-88 1.0e-01 +1.60e+10 -1.00e+09 9.0e-01 9.0e-01 3.00e-01
 2 2.5e+18 2.6e-87 1.0e-02 +2.46e+10 -1.00e+08 9.0e-01 9.0e-01 3.00e-01
 3 3.8e+17 3.5e-87 1.0e-03 +3.79e+10 -1.00e+07 9.0e-01 9.0e-01 3.00e-01
 4 5.8e+16 4.3e-87 1.0e-04 +5.84e+10 -1.00e+06 9.0e-01 9.0e-01 3.00e-01
 5 9.0e+15 7.8e-87 1.0e-05 +9.00e+10 -1.00e+05 9.0e-01 9.0e-01 3.00e-01
 6 1.4e+15 9.5e-87 1.0e-06 +1.39e+11 -1.00e+04 9.0e-01 9.0e-01 3.00e-01
 7 2.1e+14 1.0e-86 1.0e-07 +2.13e+11 -1.00e+03 9.0e-01 9.0e-01 3.00e-01
 8 3.3e+13 1.1e-86 1.0e-08 +3.29e+11 -1.00e+02 9.0e-01 9.0e-01 3.00e-01
 9 5.1e+12 1.3e-86 1.0e-09 +5.05e+11 -1.01e+01 9.0e-01 9.0e-01 3.00e-01
10 8.2e+11 1.5e-86 9.8e-11 +7.68e+11 -1.09e+00 9.1e-01 9.1e-01 3.00e-01
11 1.8e+11 1.6e-86 8.4e-12 +1.05e+12 -1.90e-01 1.7e+00 1.0e+00 3.00e-01
12 3.8e+10 1.3e-86 6.0e-90 +4.58e+11 -1.21e-01 9.7e-01 9.7e-01 1.00e-01
13 4.9e+09 1.1e-86 1.8e-91 +5.82e+10 -1.24e-01 9.9e-01 9.9e-01 1.00e-01
14 5.1e+08 9.5e-87 2.1e-93 +6.16e+09 -1.26e-01 1.0e+00 1.0e+00 1.00e-01
15 5.2e+07 7.8e-87 3.3e-93 +6.19e+08 -1.28e-01 1.0e+00 1.0e+00 1.00e-01
16 5.2e+06 7.8e-87 9.0e-93 +6.19e+07 -1.30e-01 1.0e+00 1.0e+00 1.00e-01
17 5.2e+05 7.8e-87 3.3e-92 +6.19e+06 -1.32e-01 1.0e+00 1.0e+00 1.00e-01
18 5.2e+04 8.6e-87 1.4e-91 +6.19e+05 -1.33e-01 1.0e+00 1.0e+00 1.00e-01
19 5.2e+03 9.5e-87 3.8e-91 +6.19e+04 -1.35e-01 1.0e+00 1.0e+00 1.00e-01
20 5.2e+02 9.5e-87 1.5e-90 +6.19e+03 -1.36e-01 1.0e+00 1.0e+00 1.00e-01
21 5.2e+01 1.0e-86 3.1e-90 +6.20e+02 -1.37e-01 1.0e+00 1.0e+00 1.00e-01
22 5.2e+00 1.0e-86 6.7e-90 +6.21e+01 -1.38e-01 9.9e-01 4.2e+01 1.00e-01
23 5.4e-01 1.1e-86 1.5e-87 +6.38e+00 -3.85e-02 9.7e-01 1.4e+01 1.00e-01
24 6.8e-02 1.1e-86 1.8e-86 +7.81e-01 -3.11e-02 8.7e-01 1.0e+00 1.00e-01
25 1.4e-02 1.1e-86 4.8e-89 +2.12e-01 +4.87e-02 8.3e-01 8.9e-01 1.00e-01
26 3.2e-03 1.1e-86 5.5e-89 +1.41e-01 +1.03e-01 9.1e-01 8.3e-01 1.00e-01
27 7.0e-04 1.1e-86 7.2e-89 +1.27e-01 +1.18e-01 9.2e-01 9.6e-01 1.00e-01
28 1.1e-04 1.1e-86 1.9e-89 +1.24e-01 +1.23e-01 9.4e-01 9.9e-01 1.00e-01
29 1.4e-05 1.1e-86 1.7e-90 +1.24e-01 +1.23e-01 9.6e-01 1.0e+00 1.00e-01
30 1.5e-06 1.1e-86 1.7e-90 +1.23e-01 +1.23e-01 9.5e-01 1.0e+00 1.00e-01
31 1.7e-07 1.1e-86 1.3e-88 +1.23e-01 +1.23e-01 9.5e-01 1.0e+00 1.00e-01
32 1.8e-08 1.1e-86 3.9e-90 +1.23e-01 +1.23e-01 9.6e-01 1.0e+00 1.00e-01
33 1.8e-09 1.1e-86 1.8e-91 +1.23e-01 +1.23e-01 9.6e-01 1.0e+00 1.00e-01
34 1.9e-10 1.1e-86 7.9e-93 +1.23e-01 +1.23e-01 9.6e-01 1.0e+00 1.00e-01
35 1.9e-11 1.1e-86 4.2e-93 +1.23e-01 +1.23e-01 9.6e-01 1.1e+00 1.00e-01
36 1.9e-12 1.1e-86 7.8e-94 +1.23e-01 +1.23e-01 9.6e-01 1.1e+00 1.00e-01
37 1.9e-13 1.1e-86 3.7e-94 +1.23e-01 +1.23e-01 9.6e-01 1.1e+00 1.00e-01
38 1.9e-14 1.1e-86 1.1e-94 +1.23e-01 +1.23e-01 9.6e-01 1.1e+00 1.00e-01
39 1.9e-15 1.1e-86 1.4e-94 +1.23e-01 +1.23e-01 9.6e-01 1.1e+00 1.00e-01
40 1.9e-16 1.1e-86 1.5e-93 +1.23e-01 +1.23e-01 9.6e-01 1.1e+00 1.00e-01
41 1.9e-17 1.1e-86 8.7e-93 +1.23e-01 +1.23e-01 9.6e-01 1.1e+00 1.00e-01
42 1.9e-18 1.1e-86 1.6e-91 +1.23e-01 +1.23e-01 9.6e-01 1.1e+00 1.00e-01
43 1.9e-19 1.1e-86 1.5e-90 +1.23e-01 +1.23e-01 9.6e-01 1.1e+00 1.00e-01
44 1.9e-20 1.1e-86 8.2e-90 +1.23e-01 +1.23e-01 9.6e-01 1.1e+00 1.00e-01
45 1.9e-21 1.1e-86 1.1e-88 +1.23e-01 +1.23e-01 9.6e-01 1.1e+00 1.00e-01
46 1.9e-22 1.1e-86 3.4e-88 +1.23e-01 +1.23e-01 9.6e-01 1.1e+00 1.00e-01
47 1.9e-23 1.1e-86 1.8e-88 +1.23e-01 +1.23e-01 9.6e-01 1.1e+00 1.00e-01
48 1.9e-24 1.1e-86 5.5e-90 +1.23e-01 +1.23e-01 9.6e-01 1.1e+00 1.00e-01
49 1.9e-25 1.1e-86 8.4e-91 +1.23e-01 +1.23e-01 9.6e-01 1.1e+00 1.00e-01
50 1.9e-26 1.1e-86 7.8e-92 +1.23e-01 +1.23e-01 9.6e-01 1.1e+00 1.00e-01
51 1.9e-27 1.1e-86 5.6e-93 +1.23e-01 +1.23e-01 9.6e-01 1.1e+00 1.00e-01
52 1.9e-28 1.1e-86 1.0e-93 +1.23e-01 +1.23e-01 9.6e-01 1.1e+00 1.00e-01
53 1.9e-29 1.1e-86 1.4e-94 +1.23e-01 +1.23e-01 9.6e-01 1.1e+00 1.00e-01
54 1.9e-30 1.1e-86 2.1e-94 +1.23e-01 +1.23e-01 9.6e-01 1.1e+00 1.00e-01
55 1.9e-31 1.1e-86 8.9e-94 +1.23e-01 +1.23e-01 9.6e-01 1.1e+00 1.00e-01
56 1.9e-32 1.1e-86 2.5e-93 +1.23e-01 +1.23e-01 9.6e-01 1.1e+00 1.00e-01

phase.value = pdOPT     
   Iteration = 56
          mu = 1.8957199605128974e-32
relative gap = 2.2748639526154769e-31
         gap = 2.2748639526154769e-31
      digits = 2.9734594914334565e+01
objValPrimal = 1.2346684292691204e-01
objValDual   = 1.2346684292691204e-01
p.feas.error = 1.1433564967809635e-76
d.feas.error = 2.9493357564401468e-82
relative eps = 8.6361685550944446e-78
total time   = 0.110


Parameters are
maxIteration =    200
epsilonStar  = 1.000e-30
lambdaStar   = 1.000e+10
omegaStar    = 2.000e+00
lowerBound   = -1.000e+05
upperBound   = 1.000e+05
betaStar     = 1.000e-01
betaBar      = 3.000e-01
gammaStar    = 9.000e-01
epsilonDash  = 1.000e-30
precision    =    200

                         Time(sec)  Ratio(% : MainLoop) 
 Predictor time  =       0.030000,  27.272727
 Corrector time  =       0.020000,  18.181818
 Make bMat time  =       0.010000,  9.090909
 Make bDia time  =       0.000000,  0.000000
 Make bF1  time  =       0.000000,  0.000000
 Make bF2  time  =       0.010000,  9.090909
 Make bF3  time  =       0.000000,  0.000000
 Make bPRE time  =       0.000000,  0.000000
 Make rMat time  =       0.010000,  9.090909
 Make gVec Mul   =       0.000000,  0.000000
 Make gVec time  =       0.000000,  0.000000
 Cholesky bMat   =       0.000000,  0.000000
 Ste Pre time    =       0.000000,  0.000000
 Ste Cor time    =       0.060000,  54.545455
 solve           =       0.000000,  0.000000
 sumDz           =       0.010000,  9.090909
 makedX          =       0.020000,  18.181818
 symmetriseDx    =       0.000000,  0.000000
 makedXdZ        =       0.030000,  27.272727
 xMatTime        =       0.000000,  0.000000
 zMatTime        =       0.000000,  0.000000
 invzMatTime     =       0.000000,  0.000000
 xMatzMatTime    =       0.000000,  0.000000
 EigxMatTime     =       0.050000,  45.454545
 EigzMatTime     =       0.010000,  9.090909
 EigxMatzMatTime =       0.000000,  0.000000
 updateRes       =       0.000000,  0.000000
 EigTime         =       0.060000,  54.545455
 sub_total_bMat  =       0.100000,  90.909091
 Main Loop       =       0.110000,  100.000000
 File Check      =       0.000000,  0.000000
 File Change     =       0.000000,  0.000000
 File Read       =       0.000000,  0.000000
 Total           =       0.110000,  100.000000

xVec = 
{-1.234668429269e-01,+3.007783736071e-01,+2.049265051975e-01,+1.821304986461e-01,+2.569574975903e-01,+1.025869149710e-01,+1.128874242944e-01,+7.660106206487e-02}
xMat = 
{
{ {+1.123466842927e+00,+3.007783736071e-01,+2.049265051975e-01,+1.821304986461e-01,+2.569574975903e-01,+1.025869149710e-01 },
  {+3.007783736071e-01,+3.283933481244e-01,+1.821304986461e-01,+2.569574975903e-01,+1.025869149710e-01,+1.128874242944e-01 },
  {+2.049265051975e-01,+1.821304986461e-01,+3.804243405172e-01,+1.025869149710e-01,+1.128874242944e-01,+7.660106206487e-02 },
  {+1.821304986461e-01,+2.569574975903e-01,+1.025869149710e-01,+2.363542672213e-01,+7.660106206487e-02,+1.532311864741e-02 },
  {+2.569574975903e-01,+1.025869149710e-01,+1.128874242944e-01,+7.660106206487e-02,+1.387899615743e-01,-4.092021717841e-02 },
  {+1.025869149710e-01,+1.128874242944e-01,+7.660106206487e-02,+1.532311864741e-02,-4.092021717841e-02,+2.595071214550e-01 }   }
{ {+4.242452165340e-01,+2.049265051975e-01,+1.821304986461e-01,+2.569574975903e-01,+1.025869149710e-01,+1.128874242944e-01 },
  {+2.049265051975e-01,+3.055973415730e-01,+2.569574975903e-01,+1.025869149710e-01,+1.128874242944e-01,+7.660106206487e-02 },
  {+1.821304986461e-01,+2.569574975903e-01,+2.260537578979e-01,+1.128874242944e-01,+7.660106206487e-02,+1.532311864741e-02 },
  {+2.569574975903e-01,+1.025869149710e-01,+1.128874242944e-01,+2.000679049918e-01,+1.532311864741e-02,-4.092021717841e-02 },
  {+1.025869149710e-01,+1.128874242944e-01,+7.660106206487e-02,+1.532311864741e-02,+8.254662574850e-02,+1.360402785281e-01 },
  {+1.128874242944e-01,+7.660106206487e-02,+1.532311864741e-02,-4.092021717841e-02,+1.360402785281e-01,+3.037363875494e-01 }   }
}
yMat = 
{
{ {+2.699232844359e-32,+1.673722148152e-24,-9.119192567370e-26,-1.574714486116e-24,-4.962287637899e-25,-6.864283245073e-25 },
  {+1.673722148152e-24,+8.387437981677e-02,-4.569854697778e-03,-7.891285946122e-02,-2.486725444296e-02,-3.439862949630e-02 },
  {-9.119192567370e-26,-4.569854697778e-03,+2.489863055253e-04,+4.299528679815e-03,+1.354880236197e-03,+1.874192559685e-03 },
  {-1.574714486116e-24,-7.891285946122e-02,+4.299528679815e-03,+7.424483378535e-02,+2.339625233988e-02,+3.236380669556e-02 },
  {-4.962287637899e-25,-2.486725444296e-02,+1.354880236197e-03,+2.339625233988e-02,+7.372696464427e-03,+1.019857880371e-02 },
  {-6.864283245073e-25,-3.439862949630e-02,+1.874192559685e-03,+3.236380669556e-02,+1.019857880371e-02,+1.410759416414e-02 }   }
{ {+1.337994968634e-01,+7.091034709504e-02,-5.039509903399e-02,-1.729567247985e-01,-1.479704534702e-01,-2.209601385358e-02 },
  {+7.091034709504e-02,+8.345782029023e-02,-9.612426772429e-02,-8.550436739427e-02,-3.082782443360e-02,-4.026502096699e-02 },
  {-5.039509903399e-02,-9.612426772429e-02,+1.255789471487e-01,+5.575515880192e-02,-2.121946476534e-02,+5.365227411009e-02 },
  {-1.729567247985e-01,-8.550436739427e-02,+5.575515880192e-02,+2.244033702936e-01,+1.978853739391e-01,+2.463410768136e-02 },
  {-1.479704534702e-01,-3.082782443360e-02,-2.121946476534e-02,+1.978853739391e-01,+2.286070998836e-01,-1.189078878518e-02 },
  {-2.209601385358e-02,-4.026502096699e-02,+5.365227411009e-02,+2.463410768136e-02,-1.189078878518e-02,+2.430477498426e-02 }   }
}
    main loop time = 0.110000
        total time = 0.110000
  file   read time = 0.000000
