SDPA-GMP start at Wed Jun  5 23:35:11 2024
*SDP Scan Problem: V = x^2 - 2*x^4 + x^8
* K = 6; eval = -1.557788944723617; Domain = R+ with BCs: Neumann
data      is /Users/gorg/qmBoot/data/K=6_BC-Neumann_V_0.0_0.0_1.0_0.0_-2.0_0.0_0.0_0.0_1.0/e=-1.557788944723617_K=6_D=R+.dat
parameter is ./param.sdpa
out       is /Users/gorg/qmBoot/data/K=6_BC-Neumann_V_0.0_0.0_1.0_0.0_-2.0_0.0_0.0_0.0_1.0/e=-1.557788944723617_K=6_D=R+.out
DENSE computation
   mu      thetaP  thetaD  objP      objD      alphaP  alphaD  beta 
 0 1.0e+20 1.0e+00 1.0e+00 +0.00e+00 -9.03e+09 1.0e+00 9.0e-01 3.00e-01
 1 1.6e+19 8.6e-88 1.0e-01 +1.60e+10 -9.03e+08 9.0e-01 9.0e-01 3.00e-01
 2 2.5e+18 1.7e-87 1.0e-02 +2.46e+10 -9.03e+07 9.0e-01 9.0e-01 3.00e-01
 3 3.8e+17 3.5e-87 1.0e-03 +3.79e+10 -9.03e+06 9.0e-01 9.0e-01 3.00e-01
 4 5.8e+16 4.3e-87 1.0e-04 +5.84e+10 -9.03e+05 9.0e-01 9.0e-01 3.00e-01
 5 9.0e+15 5.2e-87 1.0e-05 +9.00e+10 -9.03e+04 9.0e-01 9.0e-01 3.00e-01
 6 1.4e+15 5.2e-87 1.0e-06 +1.39e+11 -9.03e+03 9.0e-01 9.0e-01 3.00e-01
 7 2.1e+14 6.0e-87 1.0e-07 +2.13e+11 -9.03e+02 9.0e-01 9.0e-01 3.00e-01
 8 3.3e+13 8.6e-87 1.0e-08 +3.29e+11 -9.04e+01 9.0e-01 9.0e-01 3.00e-01
 9 5.1e+12 1.0e-86 1.0e-09 +5.05e+11 -9.11e+00 9.0e-01 9.0e-01 3.00e-01
10 8.2e+11 1.3e-86 9.8e-11 +7.69e+11 -9.86e-01 9.2e-01 9.2e-01 3.00e-01
11 1.7e+11 1.4e-86 8.0e-12 +1.05e+12 -1.74e-01 1.7e+00 1.0e+00 3.00e-01
12 3.6e+10 1.5e-86 2.2e-94 +4.27e+11 -1.10e-01 9.6e-01 9.6e-01 1.00e-01
13 4.8e+09 1.4e-86 2.4e-94 +5.77e+10 -1.11e-01 9.9e-01 9.9e-01 1.00e-01
14 5.3e+08 1.4e-86 5.5e-94 +6.31e+09 -1.12e-01 1.0e+00 1.0e+00 1.00e-01
15 5.3e+07 1.2e-86 2.1e-93 +6.37e+08 -1.13e-01 1.0e+00 1.0e+00 1.00e-01
16 5.3e+06 1.3e-86 5.0e-93 +6.37e+07 -1.14e-01 1.0e+00 1.0e+00 1.00e-01
17 5.3e+05 1.3e-86 1.5e-92 +6.37e+06 -1.14e-01 1.0e+00 1.0e+00 1.00e-01
18 5.3e+04 1.1e-86 6.1e-92 +6.37e+05 -1.15e-01 1.0e+00 1.0e+00 1.00e-01
19 5.3e+03 1.1e-86 2.4e-91 +6.37e+04 -1.15e-01 1.0e+00 1.0e+00 1.00e-01
20 5.3e+02 1.0e-86 5.0e-91 +6.37e+03 -1.16e-01 1.0e+00 1.0e+00 1.00e-01
21 5.3e+01 9.5e-87 1.5e-90 +6.38e+02 -1.16e-01 1.0e+00 1.0e+00 1.00e-01
22 5.3e+00 9.5e-87 6.4e-90 +6.40e+01 -1.16e-01 9.9e-01 3.5e+01 1.00e-01
23 5.6e-01 9.5e-87 1.5e-87 +6.66e+00 -3.48e-03 9.7e-01 1.6e+01 1.00e-01
24 7.1e-02 9.0e-87 2.0e-86 +8.73e-01 +2.45e-02 9.0e-01 9.9e-01 1.00e-01
25 1.3e-02 9.8e-87 3.6e-88 +2.74e-01 +1.20e-01 8.4e-01 9.6e-01 1.00e-01
26 2.5e-03 9.8e-87 7.2e-89 +2.06e-01 +1.75e-01 9.2e-01 9.1e-01 1.00e-01
27 4.5e-04 9.8e-87 1.4e-89 +1.94e-01 +1.89e-01 9.5e-01 9.7e-01 1.00e-01
28 6.2e-05 9.8e-87 5.7e-90 +1.93e-01 +1.92e-01 9.7e-01 9.9e-01 1.00e-01
29 7.0e-06 9.8e-87 1.1e-90 +1.93e-01 +1.92e-01 9.7e-01 1.0e+00 1.00e-01
30 7.4e-07 9.8e-87 2.6e-91 +1.92e-01 +1.92e-01 9.8e-01 1.0e+00 1.00e-01
31 7.5e-08 9.8e-87 8.8e-92 +1.92e-01 +1.92e-01 9.8e-01 1.0e+00 1.00e-01
32 7.5e-09 9.8e-87 7.2e-92 +1.92e-01 +1.92e-01 9.8e-01 1.0e+00 1.00e-01
33 7.5e-10 9.8e-87 2.2e-92 +1.92e-01 +1.92e-01 9.8e-01 1.0e+00 1.00e-01
34 7.5e-11 9.8e-87 1.5e-88 +1.92e-01 +1.92e-01 9.8e-01 1.0e+00 1.00e-01
35 7.5e-12 9.8e-87 2.4e-88 +1.92e-01 +1.92e-01 9.8e-01 1.0e+00 1.00e-01
36 7.5e-13 9.8e-87 2.5e-88 +1.92e-01 +1.92e-01 9.8e-01 1.0e+00 1.00e-01
37 7.5e-14 9.8e-87 3.1e-88 +1.92e-01 +1.92e-01 9.8e-01 1.0e+00 1.00e-01
38 7.5e-15 9.8e-87 2.2e-88 +1.92e-01 +1.92e-01 9.8e-01 1.0e+00 1.00e-01
39 7.5e-16 9.8e-87 1.9e-88 +1.92e-01 +1.92e-01 9.8e-01 1.0e+00 1.00e-01
40 7.5e-17 9.8e-87 3.3e-88 +1.92e-01 +1.92e-01 9.8e-01 1.0e+00 1.00e-01
41 7.5e-18 9.8e-87 2.7e-88 +1.92e-01 +1.92e-01 9.8e-01 1.0e+00 1.00e-01
42 7.5e-19 9.8e-87 2.4e-88 +1.92e-01 +1.92e-01 9.8e-01 1.0e+00 1.00e-01
43 7.5e-20 9.8e-87 3.4e-88 +1.92e-01 +1.92e-01 9.8e-01 1.0e+00 1.00e-01
44 7.5e-21 9.8e-87 2.1e-88 +1.92e-01 +1.92e-01 9.8e-01 1.0e+00 1.00e-01
45 7.5e-22 9.8e-87 2.6e-86 +1.92e-01 +1.92e-01 9.8e-01 1.0e+00 1.00e-01
46 7.5e-23 9.8e-87 1.3e-85 +1.92e-01 +1.92e-01 9.8e-01 1.0e+00 1.00e-01
47 7.5e-24 9.8e-87 3.0e-86 +1.92e-01 +1.92e-01 9.8e-01 1.0e+00 1.00e-01
48 7.5e-25 9.8e-87 9.5e-86 +1.92e-01 +1.92e-01 9.8e-01 1.0e+00 1.00e-01
49 7.5e-26 9.8e-87 7.5e-86 +1.92e-01 +1.92e-01 9.8e-01 1.0e+00 1.00e-01
50 7.5e-27 9.8e-87 7.9e-88 +1.92e-01 +1.92e-01 9.8e-01 1.0e+00 1.00e-01
51 7.5e-28 9.8e-87 3.0e-88 +1.92e-01 +1.92e-01 9.8e-01 1.0e+00 1.00e-01
52 7.5e-29 9.8e-87 2.9e-88 +1.92e-01 +1.92e-01 9.8e-01 1.0e+00 1.00e-01
53 7.5e-30 9.8e-87 3.5e-88 +1.92e-01 +1.92e-01 9.8e-01 1.0e+00 1.00e-01
54 7.5e-31 9.8e-87 3.7e-88 +1.92e-01 +1.92e-01 9.8e-01 1.0e+00 1.00e-01
55 7.5e-32 9.8e-87 2.2e-88 +1.92e-01 +1.92e-01 9.8e-01 1.0e+00 1.00e-01

phase.value = pdOPT     
   Iteration = 55
          mu = 7.5295120912159846e-32
relative gap = 9.0354145094591816e-31
         gap = 9.0354145094591816e-31
      digits = 2.9328441699708645e+01
objValPrimal = 1.9248184851319937e-01
objValDual   = 1.9248184851319937e-01
p.feas.error = 9.7881994423474258e-77
d.feas.error = 2.6991120319902298e-77
relative eps = 8.6361685550944446e-78
total time   = 0.110


Parameters are
maxIteration =    200
epsilonStar  = 1.000e-30
lambdaStar   = 1.000e+10
omegaStar    = 2.000e+00
lowerBound   = -1.000e+05
upperBound   = 1.000e+05
betaStar     = 1.000e-01
betaBar      = 3.000e-01
gammaStar    = 9.000e-01
epsilonDash  = 1.000e-30
precision    =    200

                         Time(sec)  Ratio(% : MainLoop) 
 Predictor time  =       0.040000,  36.363636
 Corrector time  =       0.010000,  9.090909
 Make bMat time  =       0.010000,  9.090909
 Make bDia time  =       0.000000,  0.000000
 Make bF1  time  =       0.010000,  9.090909
 Make bF2  time  =       0.000000,  0.000000
 Make bF3  time  =       0.000000,  0.000000
 Make bPRE time  =       0.010000,  9.090909
 Make rMat time  =       0.020000,  18.181818
 Make gVec Mul   =       0.000000,  0.000000
 Make gVec time  =       0.000000,  0.000000
 Cholesky bMat   =       0.000000,  0.000000
 Ste Pre time    =       0.000000,  0.000000
 Ste Cor time    =       0.050000,  45.454545
 solve           =       0.000000,  0.000000
 sumDz           =       0.010000,  9.090909
 makedX          =       0.010000,  9.090909
 symmetriseDx    =       0.000000,  0.000000
 makedXdZ        =       0.020000,  18.181818
 xMatTime        =       0.000000,  0.000000
 zMatTime        =       0.010000,  9.090909
 invzMatTime     =       0.000000,  0.000000
 xMatzMatTime    =       0.000000,  0.000000
 EigxMatTime     =       0.010000,  9.090909
 EigzMatTime     =       0.040000,  36.363636
 EigxMatzMatTime =       0.000000,  0.000000
 updateRes       =       0.000000,  0.000000
 EigTime         =       0.050000,  45.454545
 sub_total_bMat  =       0.100000,  90.909091
 Main Loop       =       0.110000,  100.000000
 File Check      =       0.000000,  0.000000
 File Change     =       0.000000,  0.000000
 File Read       =       0.000000,  0.000000
 Total           =       0.110000,  100.000000

xVec = 
{-1.924818485132e-01,+1.577353303650e-01,+5.722001710400e-02,+6.238746813983e-02,+2.135391988919e-01,+4.716228949453e-02,+4.738734742824e-02,+3.435096982170e-02}
xMat = 
{
{ {+1.192481848513e+00,+1.577353303650e-01,+5.722001710400e-02,+6.238746813983e-02,+2.135391988919e-01,+4.716228949453e-02 },
  {+1.577353303650e-01,+2.497018656172e-01,+6.238746813983e-02,+2.135391988919e-01,+4.716228949453e-02,+4.738734742824e-02 },
  {+5.722001710400e-02,+6.238746813983e-02,+4.060210474051e-01,+4.716228949453e-02,+4.738734742824e-02,+3.435096982170e-02 },
  {+6.238746813983e-02,+2.135391988919e-01,+4.716228949453e-02,+2.398691959414e-01,+3.435096982170e-02,-7.819875711609e-02 },
  {+2.135391988919e-01,+4.716228949453e-02,+4.738734742824e-02,+3.435096982170e-02,+1.142830913971e-01,-5.509436821648e-02 },
  {+4.716228949453e-02,+4.738734742824e-02,+3.435096982170e-02,-7.819875711609e-02,-5.509436821648e-02,+3.142399268747e-01 }   }
{ {+3.502171788782e-01,+5.722001710400e-02,+6.238746813983e-02,+2.135391988919e-01,+4.716228949453e-02,+4.738734742824e-02 },
  {+5.722001710400e-02,+2.548693166530e-01,+2.135391988919e-01,+4.716228949453e-02,+4.738734742824e-02,+3.435096982170e-02 },
  {+6.238746813983e-02,+2.135391988919e-01,+2.396441380077e-01,+4.738734742824e-02,+3.435096982170e-02,-7.819875711609e-02 },
  {+2.135391988919e-01,+4.716228949453e-02,+4.738734742824e-02,+2.268328183349e-01,-7.819875711609e-02,-5.509436821648e-02 },
  {+4.716228949453e-02,+4.738734742824e-02,+3.435096982170e-02,-7.819875711609e-02,+1.373874802967e-01,+1.217580783615e-01 },
  {+4.738734742824e-02,+3.435096982170e-02,-7.819875711609e-02,-5.509436821648e-02,+1.217580783615e-01,+2.842401160066e-01 }   }
}
yMat = 
{
{ {+9.930396298496e-32,+5.508762811970e-23,+2.392463608617e-24,-5.509084891164e-23,-1.955969514507e-23,-2.570744291738e-23 },
  {+5.508762811970e-23,+8.698472548359e-02,+3.777759103691e-03,-8.698981116556e-02,-3.088524142331e-02,-4.059268725528e-02 },
  {+2.392463608617e-24,+3.777759103691e-03,+1.640686197051e-04,-3.777979975588e-03,-1.341350464785e-03,-1.762946229575e-03 },
  {-5.509084891164e-23,-8.698981116556e-02,-3.777979975588e-03,+8.699489714487e-02,+3.088704717155e-02,+4.059506056274e-02 },
  {-1.955969514507e-23,-3.088524142331e-02,-1.341350464785e-03,+3.088704717155e-02,+1.096627175027e-02,+1.441304710603e-02 },
  {-2.570744291738e-23,-4.059268725528e-02,-1.762946229575e-03,+4.059506056274e-02,+1.441304710603e-02,+1.894316788889e-02 }   }
{ {+9.405416506030e-02,+5.945658216714e-02,-4.158364707381e-02,-1.317125388016e-01,-1.037079395645e-01,-1.541125832213e-02 },
  {+5.945658216714e-02,+1.336884763706e-01,-1.465108445287e-01,-7.268499186665e-02,+8.095260082185e-05,-8.049945637453e-02 },
  {-4.158364707381e-02,-1.465108445287e-01,+1.687836339876e-01,+4.500108551698e-02,-3.626336518530e-02,+9.533018472455e-02 },
  {-1.317125388016e-01,-7.268499186665e-02,+4.500108551698e-02,+1.856131495855e-01,+1.524561887766e-01,+1.379398319866e-02 },
  {-1.037079395645e-01,+8.095260082185e-05,-3.626336518530e-02,+1.524561887766e-01,+1.591861668569e-01,-3.133551739807e-02 },
  {-1.541125832213e-02,-8.049945637453e-02,+9.533018472455e-02,+1.379398319866e-02,-3.133551739807e-02,+5.462127725179e-02 }   }
}
    main loop time = 0.110000
        total time = 0.110000
  file   read time = 0.000000
