SDPA-GMP start at Wed Jun  5 23:35:11 2024
*SDP Scan Problem: V = x^2 - 2*x^4 + x^8
* K = 6; eval = -1.2562814070351749; Domain = R+ with BCs: Neumann
data      is /Users/gorg/qmBoot/data/K=6_BC-Neumann_V_0.0_0.0_1.0_0.0_-2.0_0.0_0.0_0.0_1.0/e=-1.2562814070351749_K=6_D=R+.dat
parameter is ./param.sdpa
out       is /Users/gorg/qmBoot/data/K=6_BC-Neumann_V_0.0_0.0_1.0_0.0_-2.0_0.0_0.0_0.0_1.0/e=-1.2562814070351749_K=6_D=R+.out
DENSE computation
   mu      thetaP  thetaD  objP      objD      alphaP  alphaD  beta 
 0 1.0e+20 1.0e+00 1.0e+00 +0.00e+00 -9.63e+09 1.0e+00 9.0e-01 3.00e-01
 1 1.6e+19 8.6e-88 1.0e-01 +1.60e+10 -9.63e+08 9.0e-01 9.0e-01 3.00e-01
 2 2.5e+18 2.6e-87 1.0e-02 +2.46e+10 -9.63e+07 9.0e-01 9.0e-01 3.00e-01
 3 3.8e+17 4.3e-87 1.0e-03 +3.79e+10 -9.63e+06 9.0e-01 9.0e-01 3.00e-01
 4 5.8e+16 6.9e-87 1.0e-04 +5.84e+10 -9.63e+05 9.0e-01 9.0e-01 3.00e-01
 5 9.0e+15 9.5e-87 1.0e-05 +9.00e+10 -9.63e+04 9.0e-01 9.0e-01 3.00e-01
 6 1.4e+15 1.1e-86 1.0e-06 +1.39e+11 -9.63e+03 9.0e-01 9.0e-01 3.00e-01
 7 2.1e+14 1.3e-86 1.0e-07 +2.13e+11 -9.63e+02 9.0e-01 9.0e-01 3.00e-01
 8 3.3e+13 1.4e-86 1.0e-08 +3.29e+11 -9.64e+01 9.0e-01 9.0e-01 3.00e-01
 9 5.1e+12 1.7e-86 1.0e-09 +5.05e+11 -9.72e+00 9.0e-01 9.0e-01 3.00e-01
10 8.2e+11 1.7e-86 9.8e-11 +7.69e+11 -1.05e+00 9.2e-01 9.2e-01 3.00e-01
11 1.8e+11 1.9e-86 8.2e-12 +1.05e+12 -1.83e-01 1.7e+00 1.0e+00 3.00e-01
12 3.7e+10 1.7e-86 1.4e-89 +4.38e+11 -1.16e-01 9.6e-01 9.6e-01 1.00e-01
13 4.8e+09 1.7e-86 5.1e-91 +5.77e+10 -1.18e-01 9.9e-01 9.9e-01 1.00e-01
14 5.2e+08 1.3e-86 5.2e-93 +6.19e+09 -1.20e-01 1.0e+00 1.0e+00 1.00e-01
15 5.2e+07 1.1e-86 3.2e-93 +6.24e+08 -1.22e-01 1.0e+00 1.0e+00 1.00e-01
16 5.2e+06 9.5e-87 9.8e-93 +6.25e+07 -1.23e-01 1.0e+00 1.0e+00 1.00e-01
17 5.2e+05 7.8e-87 3.9e-92 +6.25e+06 -1.24e-01 1.0e+00 1.0e+00 1.00e-01
18 5.2e+04 9.5e-87 8.2e-92 +6.25e+05 -1.25e-01 1.0e+00 1.0e+00 1.00e-01
19 5.2e+03 8.6e-87 4.0e-91 +6.25e+04 -1.26e-01 1.0e+00 1.0e+00 1.00e-01
20 5.2e+02 1.0e-86 8.0e-91 +6.25e+03 -1.27e-01 1.0e+00 1.0e+00 1.00e-01
21 5.2e+01 1.1e-86 4.1e-90 +6.25e+02 -1.28e-01 1.0e+00 1.0e+00 1.00e-01
22 5.2e+00 1.4e-86 9.5e-90 +6.27e+01 -1.28e-01 9.9e-01 3.8e+01 1.00e-01
23 5.4e-01 1.3e-86 1.7e-87 +6.48e+00 -2.26e-02 9.7e-01 1.6e+01 1.00e-01
24 6.9e-02 1.3e-86 2.2e-86 +8.20e-01 -9.70e-03 8.9e-01 9.7e-01 1.00e-01
25 1.3e-02 1.3e-86 7.9e-88 +2.38e-01 +7.80e-02 8.3e-01 9.5e-01 1.00e-01
26 2.8e-03 1.3e-86 1.4e-88 +1.68e-01 +1.34e-01 9.1e-01 8.6e-01 1.00e-01
27 5.8e-04 1.3e-86 3.3e-89 +1.55e-01 +1.48e-01 9.1e-01 9.6e-01 1.00e-01
28 8.9e-05 1.3e-86 6.6e-90 +1.53e-01 +1.52e-01 9.5e-01 1.0e+00 1.00e-01
29 1.0e-05 1.3e-86 7.2e-89 +1.53e-01 +1.52e-01 9.7e-01 9.6e-01 1.00e-01
30 1.4e-06 1.3e-86 4.2e-91 +1.52e-01 +1.52e-01 9.9e-01 1.0e+00 1.00e-01
31 1.4e-07 1.3e-86 2.9e-91 +1.52e-01 +1.52e-01 9.9e-01 1.0e+00 1.00e-01
32 1.5e-08 1.3e-86 1.2e-91 +1.52e-01 +1.52e-01 9.9e-01 1.0e+00 1.00e-01
33 1.5e-09 1.3e-86 1.6e-88 +1.52e-01 +1.52e-01 9.9e-01 1.0e+00 1.00e-01
34 1.5e-10 1.3e-86 8.1e-89 +1.52e-01 +1.52e-01 9.9e-01 1.0e+00 1.00e-01
35 1.5e-11 1.3e-86 1.9e-88 +1.52e-01 +1.52e-01 9.9e-01 1.0e+00 1.00e-01
36 1.5e-12 1.3e-86 2.9e-88 +1.52e-01 +1.52e-01 9.9e-01 1.0e+00 1.00e-01
37 1.5e-13 1.3e-86 3.7e-88 +1.52e-01 +1.52e-01 9.9e-01 1.0e+00 1.00e-01
38 1.5e-14 1.3e-86 2.9e-88 +1.52e-01 +1.52e-01 9.9e-01 1.0e+00 1.00e-01
39 1.5e-15 1.3e-86 3.6e-88 +1.52e-01 +1.52e-01 9.9e-01 1.0e+00 1.00e-01
40 1.5e-16 1.3e-86 3.6e-88 +1.52e-01 +1.52e-01 9.9e-01 1.0e+00 1.00e-01
41 1.5e-17 1.3e-86 3.1e-88 +1.52e-01 +1.52e-01 9.9e-01 1.0e+00 1.00e-01
42 1.5e-18 1.3e-86 3.4e-88 +1.52e-01 +1.52e-01 9.9e-01 1.0e+00 1.00e-01
43 1.5e-19 1.3e-86 3.5e-88 +1.52e-01 +1.52e-01 9.9e-01 1.0e+00 1.00e-01
44 1.5e-20 1.3e-86 3.0e-88 +1.52e-01 +1.52e-01 9.9e-01 1.0e+00 1.00e-01
45 1.5e-21 1.3e-86 3.7e-88 +1.52e-01 +1.52e-01 9.9e-01 1.0e+00 1.00e-01
46 1.5e-22 1.3e-86 4.9e-84 +1.52e-01 +1.52e-01 9.9e-01 1.0e+00 1.00e-01
47 1.5e-23 1.3e-86 1.8e-84 +1.52e-01 +1.52e-01 9.9e-01 1.0e+00 1.00e-01
48 1.5e-24 1.3e-86 5.6e-85 +1.52e-01 +1.52e-01 9.9e-01 1.0e+00 1.00e-01
49 1.5e-25 1.3e-86 2.7e-84 +1.52e-01 +1.52e-01 9.9e-01 1.0e+00 1.00e-01
50 1.5e-26 1.3e-86 1.8e-83 +1.52e-01 +1.52e-01 9.9e-01 1.0e+00 1.00e-01
51 1.5e-27 1.3e-86 3.4e-83 +1.52e-01 +1.52e-01 9.9e-01 1.0e+00 1.00e-01
52 1.5e-28 1.3e-86 6.7e-86 +1.52e-01 +1.52e-01 9.9e-01 1.0e+00 1.00e-01
53 1.5e-29 1.3e-86 2.5e-88 +1.52e-01 +1.52e-01 9.9e-01 1.0e+00 1.00e-01
54 1.5e-30 1.3e-86 3.3e-88 +1.52e-01 +1.52e-01 9.9e-01 1.0e+00 1.00e-01
55 1.5e-31 1.3e-86 1.4e-87 +1.52e-01 +1.52e-01 9.9e-01 1.0e+00 1.00e-01
56 1.5e-32 1.3e-86 4.8e-87 +1.52e-01 +1.52e-01 9.9e-01 1.0e+00 1.00e-01

phase.value = pdOPT     
   Iteration = 56
          mu = 1.4561737750555097e-32
relative gap = 1.7474085300666116e-31
         gap = 1.7474085300666116e-31
      digits = 2.9940789905970735e+01
objValPrimal = 1.5246998493353573e-01
objValDual   = 1.5246998493353573e-01
p.feas.error = 1.2960667980831410e-76
d.feas.error = 5.7654607480446267e-76
relative eps = 8.6361685550944446e-78
total time   = 0.110


Parameters are
maxIteration =    200
epsilonStar  = 1.000e-30
lambdaStar   = 1.000e+10
omegaStar    = 2.000e+00
lowerBound   = -1.000e+05
upperBound   = 1.000e+05
betaStar     = 1.000e-01
betaBar      = 3.000e-01
gammaStar    = 9.000e-01
epsilonDash  = 1.000e-30
precision    =    200

                         Time(sec)  Ratio(% : MainLoop) 
 Predictor time  =       0.010000,  9.090909
 Corrector time  =       0.030000,  27.272727
 Make bMat time  =       0.010000,  9.090909
 Make bDia time  =       0.000000,  0.000000
 Make bF1  time  =       0.000000,  0.000000
 Make bF2  time  =       0.010000,  9.090909
 Make bF3  time  =       0.000000,  0.000000
 Make bPRE time  =       0.010000,  9.090909
 Make rMat time  =       0.010000,  9.090909
 Make gVec Mul   =       0.000000,  0.000000
 Make gVec time  =       0.010000,  9.090909
 Cholesky bMat   =       0.000000,  0.000000
 Ste Pre time    =       0.000000,  0.000000
 Ste Cor time    =       0.060000,  54.545455
 solve           =       0.000000,  0.000000
 sumDz           =       0.000000,  0.000000
 makedX          =       0.010000,  9.090909
 symmetriseDx    =       0.000000,  0.000000
 makedXdZ        =       0.010000,  9.090909
 xMatTime        =       0.000000,  0.000000
 zMatTime        =       0.000000,  0.000000
 invzMatTime     =       0.000000,  0.000000
 xMatzMatTime    =       0.000000,  0.000000
 EigxMatTime     =       0.030000,  27.272727
 EigzMatTime     =       0.030000,  27.272727
 EigxMatzMatTime =       0.000000,  0.000000
 updateRes       =       0.010000,  9.090909
 EigTime         =       0.060000,  54.545455
 sub_total_bMat  =       0.100000,  90.909091
 Main Loop       =       0.110000,  100.000000
 File Check      =       0.000000,  0.000000
 File Change     =       0.000000,  0.000000
 File Read       =       0.000000,  0.000000
 Total           =       0.110000,  100.000000

xVec = 
{-1.524699849335e-01,+2.200728728331e-01,+1.246224865836e-01,+1.159506757407e-01,+2.283433599368e-01,+6.782352374984e-02,+8.159687366161e-02,+5.024305808309e-02}
xMat = 
{
{ {+1.152469984934e+00,+2.200728728331e-01,+1.246224865836e-01,+1.159506757407e-01,+2.283433599368e-01,+6.782352374984e-02 },
  {+2.200728728331e-01,+2.770924715171e-01,+1.159506757407e-01,+2.283433599368e-01,+6.782352374984e-02,+8.159687366161e-02 },
  {+1.246224865836e-01,+1.159506757407e-01,+3.808133448703e-01,+6.782352374984e-02,+8.159687366161e-02,+5.024305808309e-02 },
  {+1.159506757407e-01,+2.283433599368e-01,+6.782352374984e-02,+2.340668585951e-01,+5.024305808309e-02,-2.709324411632e-02 },
  {+2.283433599368e-01,+6.782352374984e-02,+8.159687366161e-02,+5.024305808309e-02,+1.253767408172e-01,-5.402928434047e-02 },
  {+6.782352374984e-02,+8.159687366161e-02,+5.024305808309e-02,-2.709324411632e-02,-5.402928434047e-02,+2.857432075748e-01 }   }
{ {+3.725428577666e-01,+1.246224865836e-01,+1.159506757407e-01,+2.283433599368e-01,+6.782352374984e-02,+8.159687366161e-02 },
  {+1.246224865836e-01,+2.684206606743e-01,+2.283433599368e-01,+6.782352374984e-02,+8.159687366161e-02,+5.024305808309e-02 },
  {+1.159506757407e-01,+2.283433599368e-01,+2.202935086834e-01,+8.159687366161e-02,+5.024305808309e-02,-2.709324411632e-02 },
  {+2.283433599368e-01,+6.782352374984e-02,+8.159687366161e-02,+2.027130430166e-01,-2.709324411632e-02,-5.402928434047e-02 },
  {+6.782352374984e-02,+8.159687366161e-02,+5.024305808309e-02,-2.709324411632e-02,+9.844070059307e-02,+1.332732226413e-01 },
  {+8.159687366161e-02,+5.024305808309e-02,-2.709324411632e-02,-5.402928434047e-02,+1.332732226413e-01,+2.776661853062e-01 }   }
}
yMat = 
{
{ {+2.368143485039e-32,+2.202040099350e-23,-4.794697795663e-26,-2.094539805802e-23,-7.674644946697e-24,-9.716840714972e-24 },
  {+2.202040099350e-23,+8.213885535273e-02,-1.788482615461e-04,-7.812895966573e-02,-2.862738725670e-02,-3.624503353913e-02 },
  {-4.794697795663e-26,-1.788482615461e-04,+3.894222840177e-07,+1.701171577399e-04,+6.233296557982e-05,+7.891954678838e-05 },
  {-2.094539805802e-23,-7.812895966573e-02,+1.701171577399e-04,+7.431482107019e-02,+2.722984115994e-02,+3.447560537947e-02 },
  {-7.674644946697e-24,-2.862738725670e-02,+6.233296557982e-05,+2.722984115994e-02,+9.977340171419e-03,+1.263227502747e-02 },
  {-9.716840714972e-24,-3.624503353913e-02,+7.891954678838e-05,+3.447560537947e-02,+1.263227502747e-02,+1.599367863859e-02 }   }
{ {+1.117340491406e-01,+6.979082212768e-02,-4.940047327526e-02,-1.512833090218e-01,-1.237202864899e-01,-2.033809096857e-02 },
  {+6.979082212768e-02,+1.154483471233e-01,-1.292872933456e-01,-8.404821475172e-02,-1.615021661863e-02,-6.261719108717e-02 },
  {-4.940047327526e-02,-1.292872933456e-01,+1.566757570366e-01,+5.257730400795e-02,-2.903475717735e-02,+7.736569521483e-02 },
  {-1.512833090218e-01,-8.404821475172e-02,+5.257730400795e-02,+2.063498700634e-01,+1.763982666275e-01,+2.028098760626e-02 },
  {-1.237202864899e-01,-1.615021661863e-02,-2.903475717735e-02,+1.763982666275e-01,+1.889930516304e-01,-1.994143378690e-02 },
  {-2.033809096857e-02,-6.261719108717e-02,+7.736569521483e-02,+2.028098760626e-02,-1.994143378690e-02,+3.837384035063e-02 }   }
}
    main loop time = 0.110000
        total time = 0.110000
  file   read time = 0.000000
