SDPA-GMP start at Wed Jun  5 23:35:11 2024
*SDP Scan Problem: V = x^2 - 2*x^4 + x^8
* K = 6; eval = -1.8592964824120592; Domain = R+ with BCs: Neumann
data      is /Users/gorg/qmBoot/data/K=6_BC-Neumann_V_0.0_0.0_1.0_0.0_-2.0_0.0_0.0_0.0_1.0/e=-1.8592964824120592_K=6_D=R+.dat
parameter is ./param.sdpa
out       is /Users/gorg/qmBoot/data/K=6_BC-Neumann_V_0.0_0.0_1.0_0.0_-2.0_0.0_0.0_0.0_1.0/e=-1.8592964824120592_K=6_D=R+.out
DENSE computation
   mu      thetaP  thetaD  objP      objD      alphaP  alphaD  beta 
 0 1.0e+20 1.0e+00 1.0e+00 +0.00e+00 -8.42e+09 1.0e+00 9.0e-01 3.00e-01
 1 1.6e+19 8.6e-88 1.0e-01 +1.60e+10 -8.42e+08 9.0e-01 9.0e-01 3.00e-01
 2 2.5e+18 1.7e-87 1.0e-02 +2.46e+10 -8.42e+07 9.0e-01 9.0e-01 3.00e-01
 3 3.8e+17 4.3e-87 1.0e-03 +3.79e+10 -8.42e+06 9.0e-01 9.0e-01 3.00e-01
 4 5.8e+16 6.0e-87 1.0e-04 +5.84e+10 -8.42e+05 9.0e-01 9.0e-01 3.00e-01
 5 9.0e+15 6.9e-87 1.0e-05 +9.00e+10 -8.42e+04 9.0e-01 9.0e-01 3.00e-01
 6 1.4e+15 8.6e-87 1.0e-06 +1.39e+11 -8.42e+03 9.0e-01 9.0e-01 3.00e-01
 7 2.1e+14 9.5e-87 1.0e-07 +2.13e+11 -8.43e+02 9.0e-01 9.0e-01 3.00e-01
 8 3.3e+13 1.1e-86 1.0e-08 +3.29e+11 -8.43e+01 9.0e-01 9.0e-01 3.00e-01
 9 5.1e+12 1.1e-86 1.0e-09 +5.05e+11 -8.51e+00 9.0e-01 9.0e-01 3.00e-01
10 8.2e+11 1.2e-86 9.8e-11 +7.69e+11 -9.24e-01 9.2e-01 9.2e-01 3.00e-01
11 1.7e+11 1.4e-86 7.9e-12 +1.05e+12 -1.66e-01 1.7e+00 1.0e+00 3.00e-01
12 3.6e+10 1.4e-86 2.2e-94 +4.34e+11 -1.04e-01 9.6e-01 9.6e-01 1.00e-01
13 4.9e+09 1.4e-86 3.2e-94 +5.86e+10 -1.05e-01 9.9e-01 9.9e-01 1.00e-01
14 5.3e+08 1.2e-86 6.8e-94 +6.41e+09 -1.05e-01 1.0e+00 1.0e+00 1.00e-01
15 5.4e+07 1.1e-86 1.3e-93 +6.47e+08 -1.06e-01 1.0e+00 1.0e+00 1.00e-01
16 5.4e+06 1.1e-86 3.5e-93 +6.47e+07 -1.06e-01 1.0e+00 1.0e+00 1.00e-01
17 5.4e+05 1.1e-86 1.4e-92 +6.47e+06 -1.07e-01 1.0e+00 1.0e+00 1.00e-01
18 5.4e+04 1.0e-86 3.6e-92 +6.47e+05 -1.07e-01 1.0e+00 1.0e+00 1.00e-01
19 5.4e+03 9.5e-87 1.8e-91 +6.47e+04 -1.07e-01 1.0e+00 1.0e+00 1.00e-01
20 5.4e+02 1.1e-86 6.5e-91 +6.47e+03 -1.08e-01 1.0e+00 1.0e+00 1.00e-01
21 5.4e+01 1.0e-86 1.4e-90 +6.47e+02 -1.08e-01 1.0e+00 9.0e+01 1.00e-01
22 5.4e+00 8.6e-87 5.9e-88 +6.50e+01 -9.25e-02 9.9e-01 2.8e+01 1.00e-01
23 5.7e-01 9.5e-87 1.5e-86 +6.77e+00 -3.56e-02 9.4e-01 8.0e+00 1.00e-01
24 8.1e-02 8.4e-87 1.0e-85 +1.02e+00 +4.99e-02 8.5e-01 1.4e+00 1.00e-01
25 1.6e-02 8.4e-87 4.1e-86 +3.34e-01 +1.42e-01 8.4e-01 9.4e-01 1.00e-01
26 3.2e-03 8.4e-87 2.4e-87 +2.48e-01 +2.09e-01 9.3e-01 9.1e-01 1.00e-01
27 5.5e-04 8.4e-87 2.2e-88 +2.33e-01 +2.26e-01 9.6e-01 9.6e-01 1.00e-01
28 7.4e-05 8.4e-87 7.4e-90 +2.31e-01 +2.30e-01 9.8e-01 1.0e+00 1.00e-01
29 7.8e-06 8.4e-87 1.1e-90 +2.31e-01 +2.31e-01 9.8e-01 1.0e+00 1.00e-01
30 8.0e-07 8.4e-87 3.2e-91 +2.31e-01 +2.31e-01 9.8e-01 1.0e+00 1.00e-01
31 8.0e-08 8.4e-87 1.5e-91 +2.31e-01 +2.31e-01 9.8e-01 1.0e+00 1.00e-01
32 8.0e-09 8.4e-87 4.0e-92 +2.31e-01 +2.31e-01 9.8e-01 1.0e+00 1.00e-01
33 8.0e-10 8.4e-87 8.4e-89 +2.31e-01 +2.31e-01 9.8e-01 1.0e+00 1.00e-01
34 8.0e-11 8.4e-87 3.5e-88 +2.31e-01 +2.31e-01 9.8e-01 1.0e+00 1.00e-01
35 8.0e-12 8.4e-87 2.5e-88 +2.31e-01 +2.31e-01 9.8e-01 1.0e+00 1.00e-01
36 8.0e-13 8.4e-87 5.6e-88 +2.31e-01 +2.31e-01 9.8e-01 1.0e+00 1.00e-01
37 8.0e-14 8.4e-87 4.9e-88 +2.31e-01 +2.31e-01 9.8e-01 1.0e+00 1.00e-01
38 8.0e-15 8.4e-87 5.4e-88 +2.31e-01 +2.31e-01 9.8e-01 1.0e+00 1.00e-01
39 8.0e-16 8.4e-87 5.4e-88 +2.31e-01 +2.31e-01 9.8e-01 1.0e+00 1.00e-01
40 8.0e-17 8.4e-87 6.8e-88 +2.31e-01 +2.31e-01 9.8e-01 1.0e+00 1.00e-01
41 8.0e-18 8.4e-87 7.3e-88 +2.31e-01 +2.31e-01 9.8e-01 1.0e+00 1.00e-01
42 8.0e-19 8.4e-87 6.6e-88 +2.31e-01 +2.31e-01 9.8e-01 1.0e+00 1.00e-01
43 8.0e-20 8.4e-87 7.4e-88 +2.31e-01 +2.31e-01 9.8e-01 1.0e+00 1.00e-01
44 8.0e-21 8.4e-87 5.8e-88 +2.31e-01 +2.31e-01 9.8e-01 1.0e+00 1.00e-01
45 8.0e-22 8.4e-87 5.2e-86 +2.31e-01 +2.31e-01 9.8e-01 1.0e+00 1.00e-01
46 8.0e-23 8.4e-87 2.8e-85 +2.31e-01 +2.31e-01 9.8e-01 1.0e+00 1.00e-01
47 8.0e-24 8.4e-87 1.5e-85 +2.31e-01 +2.31e-01 9.8e-01 1.0e+00 1.00e-01
48 8.0e-25 8.4e-87 2.0e-85 +2.31e-01 +2.31e-01 9.8e-01 1.0e+00 1.00e-01
49 8.0e-26 8.4e-87 8.3e-85 +2.31e-01 +2.31e-01 9.8e-01 1.0e+00 1.00e-01
50 8.0e-27 8.4e-87 5.4e-87 +2.31e-01 +2.31e-01 9.8e-01 1.0e+00 1.00e-01
51 8.0e-28 8.4e-87 6.9e-88 +2.31e-01 +2.31e-01 9.8e-01 1.0e+00 1.00e-01
52 8.0e-29 8.4e-87 9.6e-88 +2.31e-01 +2.31e-01 9.8e-01 1.0e+00 1.00e-01
53 8.0e-30 8.4e-87 7.8e-88 +2.31e-01 +2.31e-01 9.8e-01 1.0e+00 1.00e-01
54 8.0e-31 8.4e-87 8.9e-88 +2.31e-01 +2.31e-01 9.8e-01 1.0e+00 1.00e-01
55 8.0e-32 8.4e-87 7.4e-88 +2.31e-01 +2.31e-01 9.8e-01 1.0e+00 1.00e-01

phase.value = pdOPT     
   Iteration = 55
          mu = 8.0358228466298984e-32
relative gap = 9.6429874159558781e-31
         gap = 9.6429874159558781e-31
      digits = 2.9378876469346846e+01
objValPrimal = 2.3072150149291700e-01
objValDual   = 2.3072150149291700e-01
p.feas.error = 8.4466337318004432e-77
d.feas.error = 8.8227665271232650e-77
relative eps = 8.6361685550944446e-78
total time   = 0.110


Parameters are
maxIteration =    200
epsilonStar  = 1.000e-30
lambdaStar   = 1.000e+10
omegaStar    = 2.000e+00
lowerBound   = -1.000e+05
upperBound   = 1.000e+05
betaStar     = 1.000e-01
betaBar      = 3.000e-01
gammaStar    = 9.000e-01
epsilonDash  = 1.000e-30
precision    =    200

                         Time(sec)  Ratio(% : MainLoop) 
 Predictor time  =       0.030000,  27.272727
 Corrector time  =       0.030000,  27.272727
 Make bMat time  =       0.020000,  18.181818
 Make bDia time  =       0.000000,  0.000000
 Make bF1  time  =       0.000000,  0.000000
 Make bF2  time  =       0.020000,  18.181818
 Make bF3  time  =       0.000000,  0.000000
 Make bPRE time  =       0.010000,  9.090909
 Make rMat time  =       0.020000,  18.181818
 Make gVec Mul   =       0.000000,  0.000000
 Make gVec time  =       0.000000,  0.000000
 Cholesky bMat   =       0.000000,  0.000000
 Ste Pre time    =       0.010000,  9.090909
 Ste Cor time    =       0.020000,  18.181818
 solve           =       0.000000,  0.000000
 sumDz           =       0.000000,  0.000000
 makedX          =       0.010000,  9.090909
 symmetriseDx    =       0.000000,  0.000000
 makedXdZ        =       0.010000,  9.090909
 xMatTime        =       0.010000,  9.090909
 zMatTime        =       0.000000,  0.000000
 invzMatTime     =       0.000000,  0.000000
 xMatzMatTime    =       0.000000,  0.000000
 EigxMatTime     =       0.000000,  0.000000
 EigzMatTime     =       0.020000,  18.181818
 EigxMatzMatTime =       0.000000,  0.000000
 updateRes       =       0.000000,  0.000000
 EigTime         =       0.020000,  18.181818
 sub_total_bMat  =       0.090000,  81.818182
 Main Loop       =       0.110000,  100.000000
 File Check      =       0.000000,  0.000000
 File Change     =       0.000000,  0.000000
 File Read       =       0.000000,  0.000000
 Total           =       0.110000,  100.000000

xVec = 
{-2.307215014929e-01,+1.234598014780e-01,+1.827095123757e-02,+3.483276685218e-02,+2.163900494765e-01,+3.779091333383e-02,+2.643312766765e-02,+2.808252094195e-02}
xMat = 
{
{ {+1.230721501493e+00,+1.234598014780e-01,+1.827095123757e-02,+3.483276685218e-02,+2.163900494765e-01,+3.779091333383e-02 },
  {+1.234598014780e-01,+2.489924527305e-01,+3.483276685218e-02,+2.163900494765e-01,+3.779091333383e-02,+2.643312766765e-02 },
  {+1.827095123757e-02,+3.483276685218e-02,+4.471115509694e-01,+3.779091333383e-02,+2.643312766765e-02,+2.808252094195e-02 },
  {+3.483276685218e-02,+2.163900494765e-01,+3.779091333383e-02,+2.571546291606e-01,+2.808252094195e-02,-1.194996176057e-01 },
  {+2.163900494765e-01,+3.779091333383e-02,+2.643312766765e-02,+2.808252094195e-02,+1.112218838873e-01,-5.219115752110e-02 },
  {+3.779091333383e-02,+2.643312766765e-02,+2.808252094195e-02,-1.194996176057e-01,-5.219115752110e-02,+3.445583204460e-01 }   }
{ {+3.541813029710e-01,+1.827095123757e-02,+3.483276685218e-02,+2.163900494765e-01,+3.779091333383e-02,+2.643312766765e-02 },
  {+1.827095123757e-02,+2.655542683451e-01,+2.163900494765e-01,+3.779091333383e-02,+2.643312766765e-02,+2.808252094195e-02 },
  {+3.483276685218e-02,+2.163900494765e-01,+2.685124148268e-01,+2.643312766765e-02,+2.808252094195e-02,-1.194996176057e-01 },
  {+2.163900494765e-01,+3.779091333383e-02,+2.643312766765e-02,+2.588040224349e-01,-1.194996176057e-01,-5.219115752110e-02 },
  {+3.779091333383e-02,+2.643312766765e-02,+2.808252094195e-02,-1.194996176057e-01,+1.785303439718e-01,+1.138368189531e-01 },
  {+2.643312766765e-02,+2.808252094195e-02,-1.194996176057e-01,-5.219115752110e-02,+1.138368189531e-01,+3.094385927402e-01 }   }
}
yMat = 
{
{ {+1.028355394110e-31,+2.183513488184e-23,+1.316225635323e-24,-2.279708744994e-23,-7.021490364425e-24,-1.075242293805e-23 },
  {+2.183513488184e-23,+1.055588769673e-01,+6.363106947569e-03,-1.102093007772e-01,-3.394440281279e-02,-5.198107044951e-02 },
  {+1.316225635323e-24,+6.363106947569e-03,+3.835691624378e-04,-6.643435280956e-03,-2.046174339616e-03,-3.133427713729e-03 },
  {-2.279708744994e-23,-1.102093007772e-01,-6.643435280956e-03,+1.150646002190e-01,+3.543983231707e-02,+5.427111004287e-02 },
  {-7.021490364425e-24,-3.394440281279e-02,-2.046174339616e-03,+3.543983231707e-02,+1.091544847217e-02,+1.671547144751e-02 },
  {-1.075242293805e-23,-5.198107044951e-02,-3.133427713729e-03,+5.427111004287e-02,+1.671547144751e-02,+2.559738946365e-02 }   }
{ {+8.100966590947e-02,+4.476210561563e-02,-2.957093236423e-02,-1.147668403340e-01,-9.055908713222e-02,-8.444139213300e-03 },
  {+4.476210561563e-02,+1.298042966701e-01,-1.443847978271e-01,-5.284367483698e-02,+1.284623874699e-02,-8.500138828633e-02 },
  {-2.957093236423e-02,-1.443847978271e-01,+1.668374988198e-01,+2.901082839801e-02,-4.357833695113e-02,+1.009838053559e-01 },
  {-1.147668403340e-01,-5.284367483698e-02,+2.901082839801e-02,+1.636543550227e-01,+1.346223279121e-01,+3.880400597776e-03 },
  {-9.055908713222e-02,+1.284623874699e-02,-4.357833695113e-02,+1.346223279121e-01,+1.388707980819e-01,-3.864128300828e-02 },
  {-8.444139213300e-03,-8.500138828633e-02,+1.009838053559e-01,+3.880400597776e-03,-3.864128300828e-02,+6.230350121150e-02 }   }
}
    main loop time = 0.110000
        total time = 0.110000
  file   read time = 0.000000
