SDPA-GMP start at Wed Jun  5 23:35:11 2024
*SDP Scan Problem: V = x^2 - 2*x^4 + x^8
* K = 6; eval = -1.9597989949748733; Domain = R+ with BCs: Neumann
data      is /Users/gorg/qmBoot/data/K=6_BC-Neumann_V_0.0_0.0_1.0_0.0_-2.0_0.0_0.0_0.0_1.0/e=-1.9597989949748733_K=6_D=R+.dat
parameter is ./param.sdpa
out       is /Users/gorg/qmBoot/data/K=6_BC-Neumann_V_0.0_0.0_1.0_0.0_-2.0_0.0_0.0_0.0_1.0/e=-1.9597989949748733_K=6_D=R+.out
DENSE computation
   mu      thetaP  thetaD  objP      objD      alphaP  alphaD  beta 
 0 1.0e+20 1.0e+00 1.0e+00 +0.00e+00 -8.22e+09 1.0e+00 9.0e-01 3.00e-01
 1 1.6e+19 8.6e-88 1.0e-01 +1.60e+10 -8.22e+08 9.0e-01 9.0e-01 3.00e-01
 2 2.5e+18 2.6e-87 1.0e-02 +2.46e+10 -8.22e+07 9.0e-01 9.0e-01 3.00e-01
 3 3.8e+17 2.6e-87 1.0e-03 +3.79e+10 -8.22e+06 9.0e-01 9.0e-01 3.00e-01
 4 5.8e+16 2.6e-87 1.0e-04 +5.84e+10 -8.22e+05 9.0e-01 9.0e-01 3.00e-01
 5 9.0e+15 4.3e-87 1.0e-05 +9.00e+10 -8.22e+04 9.0e-01 9.0e-01 3.00e-01
 6 1.4e+15 6.0e-87 1.0e-06 +1.39e+11 -8.22e+03 9.0e-01 9.0e-01 3.00e-01
 7 2.1e+14 6.9e-87 1.0e-07 +2.13e+11 -8.22e+02 9.0e-01 9.0e-01 3.00e-01
 8 3.3e+13 6.9e-87 1.0e-08 +3.29e+11 -8.23e+01 9.0e-01 9.0e-01 3.00e-01
 9 5.1e+12 9.5e-87 1.0e-09 +5.05e+11 -8.30e+00 9.0e-01 9.0e-01 3.00e-01
10 8.2e+11 1.2e-86 9.8e-11 +7.69e+11 -9.04e-01 9.2e-01 9.2e-01 3.00e-01
11 1.7e+11 1.2e-86 7.9e-12 +1.05e+12 -1.63e-01 1.7e+00 1.0e+00 3.00e-01
12 3.6e+10 1.5e-86 1.9e-89 +4.36e+11 -1.03e-01 9.6e-01 9.6e-01 1.00e-01
13 4.9e+09 1.4e-86 7.3e-91 +5.88e+10 -1.03e-01 9.9e-01 9.9e-01 1.00e-01
14 5.4e+08 1.4e-86 9.1e-93 +6.43e+09 -1.03e-01 1.0e+00 1.0e+00 1.00e-01
15 5.4e+07 1.3e-86 4.4e-93 +6.49e+08 -1.04e-01 1.0e+00 1.0e+00 1.00e-01
16 5.4e+06 1.3e-86 1.2e-92 +6.49e+07 -1.04e-01 1.0e+00 1.0e+00 1.00e-01
17 5.4e+05 1.2e-86 1.5e-92 +6.49e+06 -1.04e-01 1.0e+00 1.0e+00 1.00e-01
18 5.4e+04 1.4e-86 7.3e-92 +6.49e+05 -1.05e-01 1.0e+00 1.0e+00 1.00e-01
19 5.4e+03 1.0e-86 2.8e-91 +6.49e+04 -1.05e-01 1.0e+00 1.0e+00 1.00e-01
20 5.4e+02 1.1e-86 1.0e-90 +6.49e+03 -1.05e-01 1.0e+00 1.0e+00 1.00e-01
21 5.4e+01 1.0e-86 3.9e-90 +6.50e+02 -1.05e-01 1.0e+00 9.0e+01 1.00e-01
22 5.4e+00 1.0e-86 8.0e-88 +6.53e+01 -8.50e-02 9.9e-01 2.9e+01 1.00e-01
23 5.7e-01 1.0e-86 2.1e-86 +6.81e+00 -3.85e-02 9.3e-01 7.6e+00 1.00e-01
24 8.4e-02 1.2e-86 1.4e-85 +1.06e+00 +5.42e-02 8.5e-01 1.5e+00 1.00e-01
25 1.6e-02 1.0e-86 7.0e-86 +3.50e-01 +1.57e-01 8.4e-01 9.5e-01 1.00e-01
26 3.3e-03 1.0e-86 3.6e-87 +2.60e-01 +2.21e-01 9.4e-01 9.2e-01 1.00e-01
27 5.3e-04 1.0e-86 2.9e-88 +2.45e-01 +2.39e-01 9.6e-01 9.6e-01 1.00e-01
28 7.2e-05 1.0e-86 5.8e-90 +2.44e-01 +2.43e-01 9.8e-01 1.0e+00 1.00e-01
29 7.6e-06 1.0e-86 9.0e-91 +2.43e-01 +2.43e-01 9.9e-01 1.0e+00 1.00e-01
30 7.8e-07 1.0e-86 1.6e-91 +2.43e-01 +2.43e-01 9.9e-01 1.0e+00 1.00e-01
31 7.8e-08 1.0e-86 9.8e-92 +2.43e-01 +2.43e-01 9.9e-01 1.0e+00 1.00e-01
32 7.8e-09 1.0e-86 3.0e-92 +2.43e-01 +2.43e-01 9.9e-01 1.0e+00 1.00e-01
33 7.8e-10 1.0e-86 1.1e-88 +2.43e-01 +2.43e-01 9.9e-01 1.0e+00 1.00e-01
34 7.8e-11 1.0e-86 2.6e-88 +2.43e-01 +2.43e-01 9.9e-01 1.0e+00 1.00e-01
35 7.8e-12 1.0e-86 3.6e-88 +2.43e-01 +2.43e-01 9.9e-01 1.0e+00 1.00e-01
36 7.8e-13 1.0e-86 5.5e-88 +2.43e-01 +2.43e-01 9.9e-01 1.0e+00 1.00e-01
37 7.8e-14 1.0e-86 6.1e-88 +2.43e-01 +2.43e-01 9.9e-01 1.0e+00 1.00e-01
38 7.8e-15 1.0e-86 5.8e-88 +2.43e-01 +2.43e-01 9.9e-01 1.0e+00 1.00e-01
39 7.8e-16 1.0e-86 5.7e-88 +2.43e-01 +2.43e-01 9.9e-01 1.0e+00 1.00e-01
40 7.8e-17 1.0e-86 6.3e-88 +2.43e-01 +2.43e-01 9.9e-01 1.0e+00 1.00e-01
41 7.8e-18 1.0e-86 8.0e-88 +2.43e-01 +2.43e-01 9.9e-01 1.0e+00 1.00e-01
42 7.8e-19 1.0e-86 7.1e-88 +2.43e-01 +2.43e-01 9.9e-01 1.0e+00 1.00e-01
43 7.8e-20 1.0e-86 8.6e-88 +2.43e-01 +2.43e-01 9.9e-01 1.0e+00 1.00e-01
44 7.8e-21 1.0e-86 8.0e-88 +2.43e-01 +2.43e-01 9.9e-01 1.0e+00 1.00e-01
45 7.8e-22 1.0e-86 6.2e-86 +2.43e-01 +2.43e-01 9.9e-01 1.0e+00 1.00e-01
46 7.8e-23 1.0e-86 5.0e-85 +2.43e-01 +2.43e-01 9.9e-01 1.0e+00 1.00e-01
47 7.8e-24 1.0e-86 1.8e-85 +2.43e-01 +2.43e-01 9.9e-01 1.0e+00 1.00e-01
48 7.8e-25 1.0e-86 3.8e-85 +2.43e-01 +2.43e-01 9.9e-01 1.0e+00 1.00e-01
49 7.8e-26 1.0e-86 7.3e-85 +2.43e-01 +2.43e-01 9.9e-01 1.0e+00 1.00e-01
50 7.8e-27 1.0e-86 1.4e-84 +2.43e-01 +2.43e-01 9.9e-01 1.0e+00 1.00e-01
51 7.8e-28 1.0e-86 8.6e-87 +2.43e-01 +2.43e-01 9.9e-01 1.0e+00 1.00e-01
52 7.8e-29 1.0e-86 6.5e-88 +2.43e-01 +2.43e-01 9.9e-01 1.0e+00 1.00e-01
53 7.8e-30 1.0e-86 8.3e-88 +2.43e-01 +2.43e-01 9.9e-01 1.0e+00 1.00e-01
54 7.8e-31 1.0e-86 9.9e-88 +2.43e-01 +2.43e-01 9.9e-01 1.0e+00 1.00e-01
55 7.8e-32 1.0e-86 7.9e-88 +2.43e-01 +2.43e-01 9.9e-01 1.0e+00 1.00e-01

phase.value = pdOPT     
   Iteration = 55
          mu = 7.8284845580515706e-32
relative gap = 9.3941814696618847e-31
         gap = 9.3941814696618847e-31
      digits = 2.9413272188561969e+01
objValPrimal = 2.4329385163564482e-01
objValDual   = 2.4329385163564482e-01
p.feas.error = 1.0204543112911190e-76
d.feas.error = 9.5238340816627671e-77
relative eps = 8.6361685550944446e-78
total time   = 0.110


Parameters are
maxIteration =    200
epsilonStar  = 1.000e-30
lambdaStar   = 1.000e+10
omegaStar    = 2.000e+00
lowerBound   = -1.000e+05
upperBound   = 1.000e+05
betaStar     = 1.000e-01
betaBar      = 3.000e-01
gammaStar    = 9.000e-01
epsilonDash  = 1.000e-30
precision    =    200

                         Time(sec)  Ratio(% : MainLoop) 
 Predictor time  =       0.040000,  36.363636
 Corrector time  =       0.010000,  9.090909
 Make bMat time  =       0.020000,  18.181818
 Make bDia time  =       0.000000,  0.000000
 Make bF1  time  =       0.020000,  18.181818
 Make bF2  time  =       0.000000,  0.000000
 Make bF3  time  =       0.000000,  0.000000
 Make bPRE time  =       0.020000,  18.181818
 Make rMat time  =       0.000000,  0.000000
 Make gVec Mul   =       0.000000,  0.000000
 Make gVec time  =       0.010000,  9.090909
 Cholesky bMat   =       0.010000,  9.090909
 Ste Pre time    =       0.000000,  0.000000
 Ste Cor time    =       0.050000,  45.454545
 solve           =       0.000000,  0.000000
 sumDz           =       0.000000,  0.000000
 makedX          =       0.010000,  9.090909
 symmetriseDx    =       0.000000,  0.000000
 makedXdZ        =       0.010000,  9.090909
 xMatTime        =       0.000000,  0.000000
 zMatTime        =       0.000000,  0.000000
 invzMatTime     =       0.000000,  0.000000
 xMatzMatTime    =       0.000000,  0.000000
 EigxMatTime     =       0.020000,  18.181818
 EigzMatTime     =       0.030000,  27.272727
 EigxMatzMatTime =       0.000000,  0.000000
 updateRes       =       0.000000,  0.000000
 EigTime         =       0.050000,  45.454545
 sub_total_bMat  =       0.090000,  81.818182
 Main Loop       =       0.110000,  100.000000
 File Check      =       0.000000,  0.000000
 File Change     =       0.000000,  0.000000
 File Read       =       0.000000,  0.000000
 Total           =       0.110000,  100.000000

xVec = 
{-2.432938516356e-01,+1.151903969064e-01,+8.637702983166e-03,+2.866751197805e-02,+2.196400993570e-01,+3.551927156429e-02,+2.153467063563e-02,+2.680192633788e-02}
xMat = 
{
{ {+1.243293851636e+00,+1.151903969064e-01,+8.637702983166e-03,+2.866751197805e-02,+2.196400993570e-01,+3.551927156429e-02 },
  {+1.151903969064e-01,+2.519315546188e-01,+2.866751197805e-02,+2.196400993570e-01,+3.551927156429e-02,+2.153467063563e-02 },
  {+8.637702983166e-03,+2.866751197805e-02,+4.629339509927e-01,+3.551927156429e-02,+2.153467063563e-02,+2.680192633788e-02 },
  {+2.866751197805e-02,+2.196400993570e-01,+3.551927156429e-02,+2.648285222713e-01,+2.680192633788e-02,-1.318467609598e-01 },
  {+2.196400993570e-01,+3.551927156429e-02,+2.153467063563e-02,+2.680192633788e-02,+1.114470906759e-01,-5.138622364831e-02 },
  {+3.551927156429e-02,+2.153467063563e-02,+2.680192633788e-02,-1.318467609598e-01,-5.138622364831e-02,+3.555798265002e-01 }   }
{ {+3.584842485420e-01,+8.637702983166e-03,+2.866751197805e-02,+2.196400993570e-01,+3.551927156429e-02,+2.153467063563e-02 },
  {+8.637702983166e-03,+2.719613636137e-01,+2.196400993570e-01,+3.551927156429e-02,+2.153467063563e-02,+2.680192633788e-02 },
  {+2.866751197805e-02,+2.196400993570e-01,+2.788131231999e-01,+2.153467063563e-02,+2.680192633788e-02,-1.318467609598e-01 },
  {+2.196400993570e-01,+3.551927156429e-02,+2.153467063563e-02,+2.700957779735e-01,-1.318467609598e-01,-5.138622364831e-02 },
  {+3.551927156429e-02,+2.153467063563e-02,+2.680192633788e-02,-1.318467609598e-01,+1.919076279873e-01,+1.122859748646e-01 },
  {+2.153467063563e-02,+2.680192633788e-02,-1.318467609598e-01,-5.138622364831e-02,+1.122859748646e-01,+3.195987135131e-01 }   }
}
yMat = 
{
{ {+1.002266276711e-31,+8.218392214025e-24,+5.133942562282e-25,-8.680344731315e-24,-2.530971443005e-24,-4.120798257761e-24 },
  {+8.218392214025e-24,+1.131344050791e-01,+7.067386279839e-03,-1.194936442415e-01,-3.484135537722e-02,-5.672691711475e-02 },
  {+5.133942562282e-25,+7.067386279839e-03,+4.414921242881e-04,-7.464641204855e-03,-2.176502513022e-03,-3.543670340017e-03 },
  {-8.680344731315e-24,-1.194936442415e-01,-7.464641204855e-03,+1.262103336658e-01,+3.679977387449e-02,+5.991551418763e-02 },
  {-2.530971443005e-24,-3.484135537722e-02,-2.176502513022e-03,+3.679977387449e-02,+1.072989285331e-02,+1.746986407244e-02 },
  {-4.120798257761e-24,-5.672691711475e-02,-3.543670340017e-03,+5.991551418763e-02,+1.746986407244e-02,+2.844354131790e-02 }   }
{ {+7.716365866684e-02,+3.987154387954e-02,-2.542431386153e-02,-1.095414468086e-01,-8.688362288339e-02,-6.118768616046e-03 },
  {+3.987154387954e-02,+1.259819199584e-01,-1.413980072995e-01,-4.589958634898e-02,+1.623624529122e-02,-8.466791594728e-02 },
  {-2.542431386153e-02,-1.413980072995e-01,+1.644872315273e-01,+2.306657847228e-02,-4.577657757287e-02,+1.012198188802e-01 },
  {-1.095414468086e-01,-4.589958634898e-02,+2.306657847228e-02,+1.565917809134e-01,+1.295480799609e-01,+4.086931140892e-04 },
  {-8.688362288339e-02,+1.623624529122e-02,-4.577657757287e-02,+1.295480799609e-01,+1.332892940618e-01,-4.039183230574e-02 },
  {-6.118768616046e-03,-8.466791594728e-02,+1.012198188802e-01,+4.086931140892e-04,-4.039183230574e-02,+6.352644983187e-02 }   }
}
    main loop time = 0.110000
        total time = 0.110000
  file   read time = 0.000000
