SDPA-GMP start at Wed Jun  5 23:35:11 2024
*SDP Scan Problem: V = x^2 - 2*x^4 + x^8
* K = 6; eval = -2.0603015075376883; Domain = R+ with BCs: Neumann
data      is /Users/gorg/qmBoot/data/K=6_BC-Neumann_V_0.0_0.0_1.0_0.0_-2.0_0.0_0.0_0.0_1.0/e=-2.0603015075376883_K=6_D=R+.dat
parameter is ./param.sdpa
out       is /Users/gorg/qmBoot/data/K=6_BC-Neumann_V_0.0_0.0_1.0_0.0_-2.0_0.0_0.0_0.0_1.0/e=-2.0603015075376883_K=6_D=R+.out
DENSE computation
   mu      thetaP  thetaD  objP      objD      alphaP  alphaD  beta 
 0 1.0e+20 1.0e+00 1.0e+00 +0.00e+00 -8.02e+09 1.0e+00 9.0e-01 3.00e-01
 1 1.6e+19 8.6e-88 1.0e-01 +1.60e+10 -8.02e+08 9.0e-01 9.0e-01 3.00e-01
 2 2.5e+18 1.7e-87 1.0e-02 +2.46e+10 -8.02e+07 9.0e-01 9.0e-01 3.00e-01
 3 3.8e+17 3.5e-87 1.0e-03 +3.79e+10 -8.02e+06 9.0e-01 9.0e-01 3.00e-01
 4 5.8e+16 2.6e-87 1.0e-04 +5.84e+10 -8.02e+05 9.0e-01 9.0e-01 3.00e-01
 5 9.0e+15 4.3e-87 1.0e-05 +9.00e+10 -8.02e+04 9.0e-01 9.0e-01 3.00e-01
 6 1.4e+15 6.0e-87 1.0e-06 +1.39e+11 -8.02e+03 9.0e-01 9.0e-01 3.00e-01
 7 2.1e+14 6.0e-87 1.0e-07 +2.13e+11 -8.02e+02 9.0e-01 9.0e-01 3.00e-01
 8 3.3e+13 6.9e-87 1.0e-08 +3.29e+11 -8.03e+01 9.0e-01 9.0e-01 3.00e-01
 9 5.1e+12 8.6e-87 1.0e-09 +5.05e+11 -8.10e+00 9.0e-01 9.0e-01 3.00e-01
10 8.2e+11 9.5e-87 9.8e-11 +7.69e+11 -8.83e-01 9.2e-01 9.2e-01 3.00e-01
11 1.7e+11 1.0e-86 7.8e-12 +1.05e+12 -1.61e-01 1.7e+00 1.0e+00 3.00e-01
12 3.7e+10 1.0e-86 7.6e-90 +4.39e+11 -1.01e-01 9.6e-01 9.6e-01 1.00e-01
13 4.9e+09 9.5e-87 2.9e-91 +5.91e+10 -1.01e-01 9.9e-01 9.9e-01 1.00e-01
14 5.4e+08 1.0e-86 4.2e-93 +6.46e+09 -1.02e-01 1.0e+00 1.0e+00 1.00e-01
15 5.4e+07 9.5e-87 3.9e-93 +6.52e+08 -1.02e-01 1.0e+00 1.0e+00 1.00e-01
16 5.4e+06 7.8e-87 1.2e-92 +6.52e+07 -1.02e-01 1.0e+00 1.0e+00 1.00e-01
17 5.4e+05 6.9e-87 3.1e-92 +6.52e+06 -1.03e-01 1.0e+00 1.0e+00 1.00e-01
18 5.4e+04 8.6e-87 6.0e-92 +6.52e+05 -1.03e-01 1.0e+00 1.0e+00 1.00e-01
19 5.4e+03 8.6e-87 4.0e-91 +6.52e+04 -1.03e-01 1.0e+00 1.0e+00 1.00e-01
20 5.4e+02 7.8e-87 1.3e-90 +6.52e+03 -1.03e-01 1.0e+00 1.0e+00 1.00e-01
21 5.4e+01 7.8e-87 2.7e-90 +6.52e+02 -1.03e-01 1.0e+00 9.0e+01 1.00e-01
22 5.5e+00 8.6e-87 8.1e-88 +6.55e+01 -7.84e-02 9.9e-01 3.1e+01 1.00e-01
23 5.7e-01 8.7e-87 2.2e-86 +6.84e+00 -4.17e-02 9.3e-01 7.2e+00 1.00e-01
24 8.7e-02 8.6e-87 1.4e-85 +1.11e+00 +5.78e-02 8.5e-01 1.6e+00 1.00e-01
25 1.6e-02 8.3e-87 8.2e-86 +3.66e-01 +1.72e-01 8.4e-01 9.5e-01 1.00e-01
26 3.3e-03 8.3e-87 3.9e-87 +2.73e-01 +2.34e-01 9.5e-01 9.3e-01 1.00e-01
27 5.2e-04 8.3e-87 2.9e-88 +2.58e-01 +2.52e-01 9.6e-01 9.6e-01 1.00e-01
28 7.1e-05 8.3e-87 7.1e-90 +2.56e-01 +2.55e-01 9.8e-01 1.0e+00 1.00e-01
29 7.6e-06 8.3e-87 1.1e-90 +2.56e-01 +2.56e-01 9.9e-01 1.0e+00 1.00e-01
30 7.7e-07 8.3e-87 2.3e-91 +2.56e-01 +2.56e-01 9.9e-01 1.0e+00 1.00e-01
31 7.7e-08 8.3e-87 1.1e-91 +2.56e-01 +2.56e-01 9.9e-01 1.0e+00 1.00e-01
32 7.7e-09 8.3e-87 5.1e-92 +2.56e-01 +2.56e-01 9.9e-01 1.0e+00 1.00e-01
33 7.7e-10 8.3e-87 1.2e-88 +2.56e-01 +2.56e-01 9.9e-01 1.0e+00 1.00e-01
34 7.7e-11 8.3e-87 5.2e-88 +2.56e-01 +2.56e-01 9.9e-01 1.0e+00 1.00e-01
35 7.7e-12 8.3e-87 4.7e-88 +2.56e-01 +2.56e-01 9.9e-01 1.0e+00 1.00e-01
36 7.7e-13 8.3e-87 4.4e-88 +2.56e-01 +2.56e-01 9.9e-01 1.0e+00 1.00e-01
37 7.7e-14 8.3e-87 5.1e-88 +2.56e-01 +2.56e-01 9.9e-01 1.0e+00 1.00e-01
38 7.7e-15 8.3e-87 6.9e-88 +2.56e-01 +2.56e-01 9.9e-01 1.0e+00 1.00e-01
39 7.7e-16 8.3e-87 7.6e-88 +2.56e-01 +2.56e-01 9.9e-01 1.0e+00 1.00e-01
40 7.7e-17 8.3e-87 5.2e-88 +2.56e-01 +2.56e-01 9.9e-01 1.0e+00 1.00e-01
41 7.7e-18 8.3e-87 6.0e-88 +2.56e-01 +2.56e-01 9.9e-01 1.0e+00 1.00e-01
42 7.7e-19 8.3e-87 5.5e-88 +2.56e-01 +2.56e-01 9.9e-01 1.0e+00 1.00e-01
43 7.7e-20 8.3e-87 6.3e-88 +2.56e-01 +2.56e-01 9.9e-01 1.0e+00 1.00e-01
44 7.7e-21 8.3e-87 5.8e-88 +2.56e-01 +2.56e-01 9.9e-01 1.0e+00 1.00e-01
45 7.7e-22 8.3e-87 1.7e-85 +2.56e-01 +2.56e-01 9.9e-01 1.0e+00 1.00e-01
46 7.7e-23 8.3e-87 8.7e-85 +2.56e-01 +2.56e-01 9.9e-01 1.0e+00 1.00e-01
47 7.7e-24 8.3e-87 4.6e-85 +2.56e-01 +2.56e-01 9.9e-01 1.0e+00 1.00e-01
48 7.7e-25 8.3e-87 3.5e-85 +2.56e-01 +2.56e-01 9.9e-01 1.0e+00 1.00e-01
49 7.7e-26 8.3e-87 2.9e-84 +2.56e-01 +2.56e-01 9.9e-01 1.0e+00 1.00e-01
50 7.7e-27 8.3e-87 9.4e-84 +2.56e-01 +2.56e-01 9.9e-01 1.0e+00 1.00e-01
51 7.7e-28 8.3e-87 3.9e-86 +2.56e-01 +2.56e-01 9.9e-01 1.0e+00 1.00e-01
52 7.7e-29 8.3e-87 5.7e-88 +2.56e-01 +2.56e-01 9.9e-01 1.0e+00 1.00e-01
53 7.7e-30 8.3e-87 5.7e-88 +2.56e-01 +2.56e-01 9.9e-01 1.0e+00 1.00e-01
54 7.7e-31 8.3e-87 6.6e-88 +2.56e-01 +2.56e-01 9.9e-01 1.0e+00 1.00e-01
55 7.7e-32 8.3e-87 6.0e-88 +2.56e-01 +2.56e-01 9.9e-01 1.0e+00 1.00e-01

phase.value = pdOPT     
   Iteration = 55
          mu = 7.6855775505835100e-32
relative gap = 9.2226930607002120e-31
         gap = 9.2226930607002120e-31
      digits = 2.9443077081731357e+01
objValPrimal = 2.5582020163652707e-01
objValDual   = 2.5582020163652707e-01
p.feas.error = 8.3470283851932405e-77
d.feas.error = 7.1849103293669392e-77
relative eps = 8.6361685550944446e-78
total time   = 0.110


Parameters are
maxIteration =    200
epsilonStar  = 1.000e-30
lambdaStar   = 1.000e+10
omegaStar    = 2.000e+00
lowerBound   = -1.000e+05
upperBound   = 1.000e+05
betaStar     = 1.000e-01
betaBar      = 3.000e-01
gammaStar    = 9.000e-01
epsilonDash  = 1.000e-30
precision    =    200

                         Time(sec)  Ratio(% : MainLoop) 
 Predictor time  =       0.040000,  36.363636
 Corrector time  =       0.020000,  18.181818
 Make bMat time  =       0.030000,  27.272727
 Make bDia time  =       0.000000,  0.000000
 Make bF1  time  =       0.020000,  18.181818
 Make bF2  time  =       0.010000,  9.090909
 Make bF3  time  =       0.000000,  0.000000
 Make bPRE time  =       0.020000,  18.181818
 Make rMat time  =       0.010000,  9.090909
 Make gVec Mul   =       0.000000,  0.000000
 Make gVec time  =       0.000000,  0.000000
 Cholesky bMat   =       0.000000,  0.000000
 Ste Pre time    =       0.000000,  0.000000
 Ste Cor time    =       0.040000,  36.363636
 solve           =       0.010000,  9.090909
 sumDz           =       0.000000,  0.000000
 makedX          =       0.010000,  9.090909
 symmetriseDx    =       0.000000,  0.000000
 makedXdZ        =       0.010000,  9.090909
 xMatTime        =       0.000000,  0.000000
 zMatTime        =       0.010000,  9.090909
 invzMatTime     =       0.000000,  0.000000
 xMatzMatTime    =       0.000000,  0.000000
 EigxMatTime     =       0.020000,  18.181818
 EigzMatTime     =       0.020000,  18.181818
 EigxMatzMatTime =       0.000000,  0.000000
 updateRes       =       0.000000,  0.000000
 EigTime         =       0.040000,  36.363636
 sub_total_bMat  =       0.080000,  72.727273
 Main Loop       =       0.110000,  100.000000
 File Check      =       0.000000,  0.000000
 File Change     =       0.000000,  0.000000
 File Read       =       0.000000,  0.000000
 Total           =       0.110000,  100.000000

xVec = 
{-2.558202016365e-01,+1.080031559339e-01,+1.075902717679e-04,+2.348862098261e-02,+2.237079000663e-01,+3.342184507675e-02,+1.746991292507e-02,+2.569347513235e-02}
xMat = 
{
{ {+1.255820201637e+00,+1.080031559339e-01,+1.075902717679e-04,+2.348862098261e-02,+2.237079000663e-01,+3.342184507675e-02 },
  {+1.080031559339e-01,+2.559277919083e-01,+2.348862098261e-02,+2.237079000663e-01,+3.342184507675e-02,+1.746991292507e-02 },
  {+1.075902717679e-04,+2.348862098261e-02,+4.795281017029e-01,+3.342184507675e-02,+1.746991292507e-02,+2.569347513235e-02 },
  {+2.348862098261e-02,+2.237079000663e-01,+3.342184507675e-02,+2.732901145616e-01,+2.569347513235e-02,-1.436538575366e-01 },
  {+2.237079000663e-01,+3.342184507675e-02,+1.746991292507e-02,+2.569347513235e-02,+1.121663440999e-01,-5.080515332616e-02 },
  {+3.342184507675e-02,+1.746991292507e-02,+2.569347513235e-02,-1.436538575366e-01,-5.080515332616e-02,+3.671348478919e-01 }   }
{ {+3.638233575705e-01,+1.075902717679e-04,+2.348862098261e-02,+2.237079000663e-01,+3.342184507675e-02,+1.746991292507e-02 },
  {+1.075902717679e-04,+2.793088226191e-01,+2.237079000663e-01,+3.342184507675e-02,+1.746991292507e-02,+2.569347513235e-02 },
  {+2.348862098261e-02,+2.237079000663e-01,+2.892420467133e-01,+1.746991292507e-02,+2.569347513235e-02,-1.436538575366e-01 },
  {+2.237079000663e-01,+3.342184507675e-02,+1.746991292507e-02,+2.815136767689e-01,-1.436538575366e-01,-5.080515332616e-02 },
  {+3.342184507675e-02,+1.746991292507e-02,+2.569347513235e-02,-1.436538575366e-01,+2.050150483104e-01,+1.113146462554e-01 },
  {+1.746991292507e-02,+2.569347513235e-02,-1.436538575366e-01,-5.080515332616e-02,+1.113146462554e-01,+3.302773075023e-01 }   }
}
yMat = 
{
{ {+9.903192522045e-32,-4.061233667669e-24,-2.576555943533e-25,+4.332661389254e-24,+1.196340769155e-24,+2.072135798007e-24 },
  {-4.061233667669e-24,+1.210153274723e-01,+7.677538411050e-03,-1.291032433345e-01,-3.564818181009e-02,-6.174483374185e-02 },
  {-2.576555943533e-25,+7.677538411050e-03,+4.870837214123e-04,-8.190657583586e-03,-2.261616696394e-03,-3.917258603835e-03 },
  {+4.332661389254e-24,-1.291032433345e-01,-8.190657583586e-03,+1.377317054593e-01,+3.803068575516e-02,+6.587147646270e-02 },
  {+1.196340769155e-24,-3.564818181009e-02,-2.261616696394e-03,+3.803068575516e-02,+1.050109017517e-02,+1.818853119714e-02 },
  {+2.072135798007e-24,-6.174483374185e-02,-3.917258603835e-03,+6.587147646270e-02,+1.818853119714e-02,+3.150364977263e-02 }   }
{ {+7.348445904393e-02,+3.515388964679e-02,-2.135184258459e-02,-1.045180019573e-01,-8.343609300205e-02,-3.865422029931e-03 },
  {+3.515388964679e-02,+1.214899487344e-01,-1.377468289518e-01,-3.910338065715e-02,+1.923782617855e-02,-8.372238160978e-02 },
  {-2.135184258459e-02,-1.377468289518e-01,+1.615883660672e-01,+1.709283594645e-02,-4.782735790133e-02,+1.008767193323e-01 },
  {-1.045180019573e-01,-3.910338065715e-02,+1.709283594645e-02,+1.497917878945e-01,+1.248301553077e-01,-3.025202926926e-03 },
  {-8.343609300205e-02,+1.923782617855e-02,-4.782735790133e-02,+1.248301553077e-01,+1.281634884365e-01,-4.187907455683e-02 },
  {-3.865422029931e-03,-8.372238160978e-02,+1.008767193323e-01,-3.025202926926e-03,-4.187907455683e-02,+6.424309322256e-02 }   }
}
    main loop time = 0.110000
        total time = 0.110000
  file   read time = 0.000000
