SDPA-GMP start at Wed Jun  5 23:35:11 2024
*SDP Scan Problem: V = x^2 - 2*x^4 + x^8
* K = 6; eval = -2.3618090452261304; Domain = R+ with BCs: Neumann
data      is /Users/gorg/qmBoot/data/K=6_BC-Neumann_V_0.0_0.0_1.0_0.0_-2.0_0.0_0.0_0.0_1.0/e=-2.3618090452261304_K=6_D=R+.dat
parameter is ./param.sdpa
out       is /Users/gorg/qmBoot/data/K=6_BC-Neumann_V_0.0_0.0_1.0_0.0_-2.0_0.0_0.0_0.0_1.0/e=-2.3618090452261304_K=6_D=R+.out
DENSE computation
   mu      thetaP  thetaD  objP      objD      alphaP  alphaD  beta 
 0 1.0e+20 1.0e+00 1.0e+00 +0.00e+00 -7.42e+09 1.0e+00 9.0e-01 3.00e-01
 1 1.6e+19 8.6e-88 1.0e-01 +1.60e+10 -7.42e+08 9.0e-01 9.0e-01 3.00e-01
 2 2.5e+18 2.6e-87 1.0e-02 +2.46e+10 -7.42e+07 9.0e-01 9.0e-01 3.00e-01
 3 3.8e+17 3.5e-87 1.0e-03 +3.79e+10 -7.42e+06 9.0e-01 9.0e-01 3.00e-01
 4 5.8e+16 4.3e-87 1.0e-04 +5.84e+10 -7.42e+05 9.0e-01 9.0e-01 3.00e-01
 5 9.0e+15 5.2e-87 1.0e-05 +9.00e+10 -7.42e+04 9.0e-01 9.0e-01 3.00e-01
 6 1.4e+15 5.2e-87 1.0e-06 +1.39e+11 -7.42e+03 9.0e-01 9.0e-01 3.00e-01
 7 2.1e+14 6.0e-87 1.0e-07 +2.13e+11 -7.42e+02 9.0e-01 9.0e-01 3.00e-01
 8 3.3e+13 8.6e-87 1.0e-08 +3.29e+11 -7.43e+01 9.0e-01 9.0e-01 3.00e-01
 9 5.1e+12 1.0e-86 1.0e-09 +5.05e+11 -7.50e+00 9.0e-01 9.0e-01 3.00e-01
10 8.2e+11 1.1e-86 9.8e-11 +7.69e+11 -8.22e-01 9.2e-01 9.2e-01 3.00e-01
11 1.7e+11 1.3e-86 7.7e-12 +1.05e+12 -1.54e-01 1.7e+00 1.0e+00 3.00e-01
12 3.7e+10 1.2e-86 2.3e-94 +4.44e+11 -9.71e-02 9.6e-01 9.6e-01 1.00e-01
13 5.0e+09 1.0e-86 3.1e-94 +5.96e+10 -9.71e-02 9.9e-01 9.9e-01 1.00e-01
14 5.4e+08 7.8e-87 5.8e-94 +6.52e+09 -9.72e-02 1.0e+00 1.0e+00 1.00e-01
15 5.5e+07 6.0e-87 2.4e-93 +6.58e+08 -9.73e-02 1.0e+00 1.0e+00 1.00e-01
16 5.5e+06 5.2e-87 4.0e-93 +6.58e+07 -9.74e-02 1.0e+00 1.0e+00 1.00e-01
17 5.5e+05 6.0e-87 1.9e-92 +6.58e+06 -9.74e-02 1.0e+00 1.0e+00 1.00e-01
18 5.5e+04 6.0e-87 6.1e-92 +6.58e+05 -9.75e-02 1.0e+00 1.0e+00 1.00e-01
19 5.5e+03 7.7e-87 1.8e-91 +6.58e+04 -9.76e-02 1.0e+00 1.0e+00 1.00e-01
20 5.5e+02 7.7e-87 7.5e-91 +6.58e+03 -9.76e-02 1.0e+00 1.0e+00 1.00e-01
21 5.5e+01 1.0e-86 1.8e-90 +6.58e+02 -9.76e-02 1.0e+00 9.0e+01 1.00e-01
22 5.5e+00 1.1e-86 7.2e-88 +6.61e+01 -6.17e-02 9.9e-01 3.4e+01 1.00e-01
23 5.8e-01 1.2e-86 2.3e-86 +6.93e+00 -5.02e-02 9.1e-01 6.5e+00 1.00e-01
24 9.7e-02 1.3e-86 1.3e-85 +1.23e+00 +6.65e-02 8.5e-01 1.7e+00 1.00e-01
25 1.7e-02 1.2e-86 9.3e-86 +4.12e-01 +2.14e-01 8.4e-01 9.6e-01 1.00e-01
26 3.4e-03 1.2e-86 3.8e-87 +3.11e-01 +2.70e-01 9.3e-01 9.4e-01 1.00e-01
27 5.4e-04 1.2e-86 2.9e-88 +2.96e-01 +2.89e-01 9.6e-01 9.5e-01 1.00e-01
28 7.6e-05 1.2e-86 1.0e-89 +2.94e-01 +2.93e-01 9.7e-01 1.0e+00 1.00e-01
29 8.3e-06 1.2e-86 1.0e-90 +2.93e-01 +2.93e-01 9.8e-01 1.0e+00 1.00e-01
30 8.4e-07 1.2e-86 3.3e-91 +2.93e-01 +2.93e-01 9.8e-01 1.0e+00 1.00e-01
31 8.5e-08 1.2e-86 6.0e-92 +2.93e-01 +2.93e-01 9.8e-01 1.0e+00 1.00e-01
32 8.5e-09 1.2e-86 2.4e-92 +2.93e-01 +2.93e-01 9.8e-01 1.0e+00 1.00e-01
33 8.5e-10 1.2e-86 1.6e-92 +2.93e-01 +2.93e-01 9.8e-01 1.0e+00 1.00e-01
34 8.5e-11 1.2e-86 6.0e-89 +2.93e-01 +2.93e-01 9.8e-01 1.0e+00 1.00e-01
35 8.5e-12 1.2e-86 2.2e-88 +2.93e-01 +2.93e-01 9.8e-01 1.0e+00 1.00e-01
36 8.5e-13 1.2e-86 3.7e-88 +2.93e-01 +2.93e-01 9.8e-01 1.0e+00 1.00e-01
37 8.5e-14 1.2e-86 4.6e-88 +2.93e-01 +2.93e-01 9.8e-01 1.0e+00 1.00e-01
38 8.5e-15 1.2e-86 6.3e-88 +2.93e-01 +2.93e-01 9.8e-01 1.0e+00 1.00e-01
39 8.5e-16 1.2e-86 7.5e-88 +2.93e-01 +2.93e-01 9.8e-01 1.0e+00 1.00e-01
40 8.5e-17 1.2e-86 6.1e-88 +2.93e-01 +2.93e-01 9.8e-01 1.0e+00 1.00e-01
41 8.5e-18 1.2e-86 6.7e-88 +2.93e-01 +2.93e-01 9.8e-01 1.0e+00 1.00e-01
42 8.5e-19 1.2e-86 8.5e-88 +2.93e-01 +2.93e-01 9.8e-01 1.0e+00 1.00e-01
43 8.5e-20 1.2e-86 9.9e-88 +2.93e-01 +2.93e-01 9.8e-01 1.0e+00 1.00e-01
44 8.5e-21 1.2e-86 8.1e-88 +2.93e-01 +2.93e-01 9.8e-01 1.0e+00 1.00e-01
45 8.5e-22 1.2e-86 2.2e-87 +2.93e-01 +2.93e-01 9.8e-01 1.0e+00 1.00e-01
46 8.5e-23 1.2e-86 1.1e-85 +2.93e-01 +2.93e-01 9.8e-01 1.0e+00 1.00e-01
47 8.5e-24 1.2e-86 3.4e-86 +2.93e-01 +2.93e-01 9.8e-01 1.0e+00 1.00e-01
48 8.5e-25 1.2e-86 1.6e-86 +2.93e-01 +2.93e-01 9.8e-01 1.0e+00 1.00e-01
49 8.5e-26 1.2e-86 6.6e-88 +2.93e-01 +2.93e-01 9.8e-01 1.0e+00 1.00e-01
50 8.5e-27 1.2e-86 9.5e-88 +2.93e-01 +2.93e-01 9.8e-01 1.0e+00 1.00e-01
51 8.5e-28 1.2e-86 7.6e-88 +2.93e-01 +2.93e-01 9.8e-01 1.0e+00 1.00e-01
52 8.5e-29 1.2e-86 1.0e-87 +2.93e-01 +2.93e-01 9.8e-01 1.0e+00 1.00e-01
53 8.5e-30 1.2e-86 9.2e-88 +2.93e-01 +2.93e-01 9.8e-01 1.0e+00 1.00e-01
54 8.5e-31 1.2e-86 9.4e-88 +2.93e-01 +2.93e-01 9.8e-01 1.0e+00 1.00e-01
55 8.5e-32 1.2e-86 9.9e-88 +2.93e-01 +2.93e-01 9.8e-01 1.0e+00 1.00e-01
56 8.5e-33 1.2e-86 9.9e-88 +2.93e-01 +2.93e-01 9.8e-01 1.0e+00 1.00e-01

phase.value = pdOPT     
   Iteration = 56
          mu = 8.4776292574936719e-33
relative gap = 1.0173155108992406e-31
         gap = 1.0173155108992406e-31
      digits = 3.0459788399690208e+01
objValPrimal = 2.9325408187430429e-01
objValDual   = 2.9325408187430429e-01
p.feas.error = 1.1853800882787434e-76
d.feas.error = 1.1927269023582888e-76
relative eps = 8.6361685550944446e-78
total time   = 0.110


Parameters are
maxIteration =    200
epsilonStar  = 1.000e-30
lambdaStar   = 1.000e+10
omegaStar    = 2.000e+00
lowerBound   = -1.000e+05
upperBound   = 1.000e+05
betaStar     = 1.000e-01
betaBar      = 3.000e-01
gammaStar    = 9.000e-01
epsilonDash  = 1.000e-30
precision    =    200

                         Time(sec)  Ratio(% : MainLoop) 
 Predictor time  =       0.040000,  36.363636
 Corrector time  =       0.020000,  18.181818
 Make bMat time  =       0.040000,  36.363636
 Make bDia time  =       0.000000,  0.000000
 Make bF1  time  =       0.020000,  18.181818
 Make bF2  time  =       0.020000,  18.181818
 Make bF3  time  =       0.000000,  0.000000
 Make bPRE time  =       0.010000,  9.090909
 Make rMat time  =       0.000000,  0.000000
 Make gVec Mul   =       0.000000,  0.000000
 Make gVec time  =       0.000000,  0.000000
 Cholesky bMat   =       0.000000,  0.000000
 Ste Pre time    =       0.000000,  0.000000
 Ste Cor time    =       0.050000,  45.454545
 solve           =       0.000000,  0.000000
 sumDz           =       0.000000,  0.000000
 makedX          =       0.020000,  18.181818
 symmetriseDx    =       0.000000,  0.000000
 makedXdZ        =       0.020000,  18.181818
 xMatTime        =       0.000000,  0.000000
 zMatTime        =       0.000000,  0.000000
 invzMatTime     =       0.000000,  0.000000
 xMatzMatTime    =       0.000000,  0.000000
 EigxMatTime     =       0.030000,  27.272727
 EigzMatTime     =       0.020000,  18.181818
 EigxMatzMatTime =       0.000000,  0.000000
 updateRes       =       0.000000,  0.000000
 EigTime         =       0.050000,  45.454545
 sub_total_bMat  =       0.070000,  63.636364
 Main Loop       =       0.110000,  100.000000
 File Check      =       0.000000,  0.000000
 File Change     =       0.000000,  0.000000
 File Read       =       0.000000,  0.000000
 Total           =       0.110000,  100.000000

xVec = 
{-2.932540818743e-01,+9.132836997710e-02,-2.093196732371e-02,+1.197679199143e-02,+2.394832572703e-01,+2.764737050606e-02,+9.067567552803e-03,+2.281209983160e-02}
xMat = 
{
{ {+1.293254081874e+00,+9.132836997710e-02,-2.093196732371e-02,+1.197679199143e-02,+2.394832572703e-01,+2.764737050606e-02 },
  {+9.132836997710e-02,+2.723221145506e-01,+1.197679199143e-02,+2.394832572703e-01,+2.764737050606e-02,+9.067567552803e-03 },
  {-2.093196732371e-02,+1.197679199143e-02,+5.327373391446e-01,+2.764737050606e-02,+9.067567552803e-03,+2.281209983160e-02 },
  {+1.197679199143e-02,+2.394832572703e-01,+2.764737050606e-02,+3.023216494271e-01,+2.281209983160e-02,-1.766091133914e-01 },
  {+2.394832572703e-01,+2.764737050606e-02,+9.067567552803e-03,+2.281209983160e-02,+1.166449684829e-01,-5.052857246494e-02 },
  {+2.764737050606e-02,+9.067567552803e-03,+2.281209983160e-02,-1.766091133914e-01,-5.052857246494e-02,+4.048333069779e-01 }   }
{ {+3.845824518514e-01,-2.093196732371e-02,+1.197679199143e-02,+2.394832572703e-01,+2.764737050606e-02,+9.067567552803e-03 },
  {-2.093196732371e-02,+3.052308738657e-01,+2.394832572703e-01,+2.764737050606e-02,+9.067567552803e-03,+2.281209983160e-02 },
  {+1.197679199143e-02,+2.394832572703e-01,+3.209014523804e-01,+9.067567552803e-03,+2.281209983160e-02,-1.766091133914e-01 },
  {+2.394832572703e-01,+2.764737050606e-02,+9.067567552803e-03,+3.160661817059e-01,-1.766091133914e-01,-5.052857246494e-02 },
  {+2.764737050606e-02,+9.067567552803e-03,+2.281209983160e-02,-1.766091133914e-01,+2.427255094094e-01,+1.115792251036e-01 },
  {+9.067567552803e-03,+2.281209983160e-02,-1.766091133914e-01,-5.052857246494e-02,+1.115792251036e-01,+3.645454547092e-01 }   }
}
yMat = 
{
{ {+1.049140516128e-32,-8.290201236345e-24,-5.087313075560e-25,+9.036171835227e-24,+2.154264165783e-24,+4.425276644050e-24 },
  {-8.290201236345e-24,+1.445291046010e-01,+8.869082718158e-03,-1.575341523455e-01,-3.755685361932e-02,-7.714906470297e-02 },
  {-5.087313075560e-25,+8.869082718158e-03,+5.442545878818e-04,-9.667142351327e-03,-2.304690410303e-03,-4.734281294887e-03 },
  {+9.036171835227e-24,-1.575341523455e-01,-9.667142351327e-03,+1.717094229826e-01,+4.093630217955e-02,+8.409110777921e-02 },
  {+2.154264165783e-24,-3.755685361932e-02,-2.304690410303e-03,+4.093630217955e-02,+9.759399379645e-03,+2.004769999729e-02 },
  {+4.425276644050e-24,-7.714906470297e-02,-4.734281294887e-03,+8.409110777921e-02,+2.004769999729e-02,+4.118186576314e-02 }   }
{ {+6.344814314466e-02,+2.252970350770e-02,-1.007540537646e-02,-9.092301837285e-02,-7.432499982179e-02,+2.277458057365e-03 },
  {+2.252970350770e-02,+1.065729227526e-01,-1.249756571998e-01,-2.067515174016e-02,+2.633312705638e-02,-7.870129011088e-02 },
  {-1.007540537646e-02,-1.249756571998e-01,+1.511083424868e-01,+1.392915896920e-04,-5.313124537310e-02,+9.755932466953e-02 },
  {-9.092301837285e-02,-2.067515174016e-02,+1.392915896920e-04,+1.316628751820e-01,+1.127201740211e-01,-1.262887269855e-02 },
  {-7.432499982179e-02,+2.633312705638e-02,-5.313124537310e-02,+1.127201740211e-01,+1.152682755651e-01,-4.519651603858e-02 },
  {+2.277458057365e-03,-7.870129011088e-02,+9.755932466953e-02,-1.262887269855e-02,-4.519651603858e-02,+6.421539355467e-02 }   }
}
    main loop time = 0.110000
        total time = 0.110000
  file   read time = 0.000000
