SDPA-GMP start at Wed Jun  5 23:35:11 2024
*SDP Scan Problem: V = x^2 - 2*x^4 + x^8
* K = 6; eval = -2.964824120603015; Domain = R+ with BCs: Neumann
data      is /Users/gorg/qmBoot/data/K=6_BC-Neumann_V_0.0_0.0_1.0_0.0_-2.0_0.0_0.0_0.0_1.0/e=-2.964824120603015_K=6_D=R+.dat
parameter is ./param.sdpa
out       is /Users/gorg/qmBoot/data/K=6_BC-Neumann_V_0.0_0.0_1.0_0.0_-2.0_0.0_0.0_0.0_1.0/e=-2.964824120603015_K=6_D=R+.out
DENSE computation
   mu      thetaP  thetaD  objP      objD      alphaP  alphaD  beta 
 0 1.0e+20 1.0e+00 1.0e+00 +0.00e+00 -6.21e+09 1.0e+00 9.0e-01 3.00e-01
 1 1.6e+19 8.6e-88 1.0e-01 +1.60e+10 -6.21e+08 9.0e-01 9.0e-01 3.00e-01
 2 2.5e+18 1.7e-87 1.0e-02 +2.46e+10 -6.21e+07 9.0e-01 9.0e-01 3.00e-01
 3 3.8e+17 2.6e-87 1.0e-03 +3.79e+10 -6.21e+06 9.0e-01 9.0e-01 3.00e-01
 4 5.8e+16 3.5e-87 1.0e-04 +5.84e+10 -6.21e+05 9.0e-01 9.0e-01 3.00e-01
 5 9.0e+15 6.9e-87 1.0e-05 +9.00e+10 -6.21e+04 9.0e-01 9.0e-01 3.00e-01
 6 1.4e+15 7.8e-87 1.0e-06 +1.39e+11 -6.21e+03 9.0e-01 9.0e-01 3.00e-01
 7 2.1e+14 6.9e-87 1.0e-07 +2.13e+11 -6.21e+02 9.0e-01 9.0e-01 3.00e-01
 8 3.3e+13 9.5e-87 1.0e-08 +3.29e+11 -6.22e+01 9.0e-01 9.0e-01 3.00e-01
 9 5.1e+12 1.1e-86 1.0e-09 +5.05e+11 -6.29e+00 9.0e-01 9.0e-01 3.00e-01
10 8.2e+11 1.4e-86 9.8e-11 +7.69e+11 -7.02e-01 9.2e-01 9.2e-01 3.00e-01
11 1.7e+11 1.6e-86 7.6e-12 +1.05e+12 -1.41e-01 1.6e+00 1.0e+00 3.00e-01
12 3.8e+10 1.3e-86 2.4e-94 +4.50e+11 -9.04e-02 9.6e-01 9.0e+01 1.00e-01
13 5.0e+09 1.3e-86 3.1e-92 +6.03e+10 -7.89e-02 9.9e-01 9.9e-01 1.00e-01
14 5.4e+08 9.5e-87 9.0e-94 +6.52e+09 -7.99e-02 1.0e+00 1.0e+00 1.00e-01
15 5.6e+07 8.6e-87 1.3e-93 +6.71e+08 -8.08e-02 1.0e+00 1.0e+00 1.00e-01
16 5.7e+06 9.5e-87 3.9e-93 +6.79e+07 -8.16e-02 1.0e+00 1.0e+00 1.00e-01
17 5.7e+05 1.1e-86 1.7e-92 +6.83e+06 -8.23e-02 1.0e+00 1.0e+00 1.00e-01
18 5.7e+04 1.0e-86 4.0e-92 +6.85e+05 -8.30e-02 1.0e+00 1.0e+00 1.00e-01
19 5.7e+03 1.1e-86 2.1e-91 +6.85e+04 -8.36e-02 1.0e+00 1.0e+00 1.00e-01
20 5.7e+02 1.1e-86 5.5e-91 +6.85e+03 -8.41e-02 1.0e+00 1.0e+00 1.00e-01
21 5.7e+01 1.2e-86 1.8e-90 +6.86e+02 -8.46e-02 1.0e+00 3.2e+01 1.00e-01
22 5.8e+00 1.4e-86 4.3e-88 +6.89e+01 -8.26e-02 9.9e-01 2.1e+01 1.00e-01
23 6.3e-01 1.5e-86 7.6e-87 +7.57e+00 -2.05e-02 9.4e-01 6.0e+00 1.00e-01
24 8.9e-02 1.6e-86 3.9e-86 +1.20e+00 +1.25e-01 8.5e-01 1.3e+00 1.00e-01
25 1.7e-02 1.5e-86 1.3e-86 +4.72e-01 +2.71e-01 8.8e-01 9.8e-01 1.00e-01
26 2.8e-03 1.5e-86 3.6e-88 +3.81e-01 +3.47e-01 9.2e-01 9.1e-01 1.00e-01
27 5.0e-04 1.5e-86 7.2e-89 +3.70e-01 +3.64e-01 9.8e-01 9.4e-01 1.00e-01
28 7.2e-05 1.5e-86 4.3e-90 +3.68e-01 +3.67e-01 9.8e-01 9.9e-01 1.00e-01
29 8.3e-06 1.5e-86 1.1e-90 +3.68e-01 +3.68e-01 9.9e-01 1.0e+00 1.00e-01
30 8.4e-07 1.5e-86 5.3e-91 +3.68e-01 +3.68e-01 9.9e-01 1.0e+00 1.00e-01
31 8.4e-08 1.5e-86 2.5e-91 +3.68e-01 +3.68e-01 9.9e-01 1.0e+00 1.00e-01
32 8.5e-09 1.5e-86 9.8e-92 +3.68e-01 +3.68e-01 9.9e-01 1.0e+00 1.00e-01
33 8.5e-10 1.5e-86 3.2e-92 +3.68e-01 +3.68e-01 9.9e-01 1.0e+00 1.00e-01
34 8.5e-11 1.5e-86 2.8e-88 +3.68e-01 +3.68e-01 9.9e-01 1.0e+00 1.00e-01
35 8.5e-12 1.5e-86 5.2e-88 +3.68e-01 +3.68e-01 9.9e-01 1.0e+00 1.00e-01
36 8.5e-13 1.5e-86 6.2e-88 +3.68e-01 +3.68e-01 9.9e-01 1.0e+00 1.00e-01
37 8.5e-14 1.5e-86 8.5e-88 +3.68e-01 +3.68e-01 9.9e-01 1.0e+00 1.00e-01
38 8.5e-15 1.5e-86 5.8e-88 +3.68e-01 +3.68e-01 9.9e-01 1.0e+00 1.00e-01
39 8.5e-16 1.5e-86 8.7e-88 +3.68e-01 +3.68e-01 9.9e-01 1.0e+00 1.00e-01
40 8.5e-17 1.5e-86 9.2e-88 +3.68e-01 +3.68e-01 9.9e-01 1.0e+00 1.00e-01
41 8.5e-18 1.5e-86 6.5e-88 +3.68e-01 +3.68e-01 9.9e-01 1.0e+00 1.00e-01
42 8.5e-19 1.5e-86 8.7e-88 +3.68e-01 +3.68e-01 9.9e-01 1.0e+00 1.00e-01
43 8.5e-20 1.5e-86 6.4e-88 +3.68e-01 +3.68e-01 9.9e-01 1.0e+00 1.00e-01
44 8.5e-21 1.5e-86 1.1e-87 +3.68e-01 +3.68e-01 9.9e-01 1.0e+00 1.00e-01
45 8.5e-22 1.5e-86 6.8e-86 +3.68e-01 +3.68e-01 9.9e-01 1.0e+00 1.00e-01
46 8.5e-23 1.5e-86 1.1e-84 +3.68e-01 +3.68e-01 9.9e-01 1.0e+00 1.00e-01
47 8.5e-24 1.5e-86 3.7e-85 +3.68e-01 +3.68e-01 9.9e-01 1.0e+00 1.00e-01
48 8.5e-25 1.5e-86 2.9e-85 +3.68e-01 +3.68e-01 9.9e-01 1.0e+00 1.00e-01
49 8.5e-26 1.5e-86 1.2e-84 +3.68e-01 +3.68e-01 9.9e-01 1.0e+00 1.00e-01
50 8.5e-27 1.5e-86 2.9e-84 +3.68e-01 +3.68e-01 9.9e-01 1.0e+00 1.00e-01
51 8.5e-28 1.5e-86 9.7e-87 +3.68e-01 +3.68e-01 9.9e-01 1.0e+00 1.00e-01
52 8.5e-29 1.5e-86 6.7e-88 +3.68e-01 +3.68e-01 9.9e-01 1.0e+00 1.00e-01
53 8.5e-30 1.5e-86 9.2e-88 +3.68e-01 +3.68e-01 9.9e-01 1.0e+00 1.00e-01
54 8.5e-31 1.5e-86 9.4e-88 +3.68e-01 +3.68e-01 9.9e-01 1.0e+00 1.00e-01
55 8.5e-32 1.5e-86 8.9e-88 +3.68e-01 +3.68e-01 9.9e-01 1.0e+00 1.00e-01
56 8.5e-33 1.5e-86 1.2e-87 +3.68e-01 +3.68e-01 9.9e-01 1.0e+00 1.00e-01

phase.value = pdOPT     
   Iteration = 56
          mu = 8.4613470512656949e-33
relative gap = 1.0153616461518834e-31
         gap = 1.0153616461518834e-31
      digits = 3.0559189826007312e+01
objValPrimal = 3.6796844756014979e-01
objValDual   = 3.6796844756014979e-01
p.feas.error = 1.5083106884377797e-76
d.feas.error = 1.4313676214542742e-76
relative eps = 8.6361685550944446e-78
total time   = 0.100


Parameters are
maxIteration =    200
epsilonStar  = 1.000e-30
lambdaStar   = 1.000e+10
omegaStar    = 2.000e+00
lowerBound   = -1.000e+05
upperBound   = 1.000e+05
betaStar     = 1.000e-01
betaBar      = 3.000e-01
gammaStar    = 9.000e-01
epsilonDash  = 1.000e-30
precision    =    200

                         Time(sec)  Ratio(% : MainLoop) 
 Predictor time  =       0.020000,  20.000000
 Corrector time  =       0.020000,  20.000000
 Make bMat time  =       0.010000,  10.000000
 Make bDia time  =       0.000000,  0.000000
 Make bF1  time  =       0.000000,  0.000000
 Make bF2  time  =       0.010000,  10.000000
 Make bF3  time  =       0.000000,  0.000000
 Make bPRE time  =       0.000000,  0.000000
 Make rMat time  =       0.010000,  10.000000
 Make gVec Mul   =       0.000000,  0.000000
 Make gVec time  =       0.000000,  0.000000
 Cholesky bMat   =       0.000000,  0.000000
 Ste Pre time    =       0.000000,  0.000000
 Ste Cor time    =       0.060000,  60.000000
 solve           =       0.000000,  0.000000
 sumDz           =       0.010000,  10.000000
 makedX          =       0.010000,  10.000000
 symmetriseDx    =       0.000000,  0.000000
 makedXdZ        =       0.020000,  20.000000
 xMatTime        =       0.000000,  0.000000
 zMatTime        =       0.000000,  0.000000
 invzMatTime     =       0.000000,  0.000000
 xMatzMatTime    =       0.000000,  0.000000
 EigxMatTime     =       0.030000,  30.000000
 EigzMatTime     =       0.030000,  30.000000
 EigxMatzMatTime =       0.000000,  0.000000
 updateRes       =       0.000000,  0.000000
 EigTime         =       0.060000,  60.000000
 sub_total_bMat  =       0.090000,  90.000000
 Main Loop       =       0.100000,  100.000000
 File Check      =       0.000000,  0.000000
 File Change     =       0.000000,  0.000000
 File Read       =       0.000000,  0.000000
 Total           =       0.100000,  100.000000

xVec = 
{-3.679684475601e-01,+7.184004840919e-02,-5.186289348006e-02,-1.781441566996e-03,+2.802511846484e-01,+1.768169592829e-02,+1.231015195651e-03,+1.789334829380e-02}
xMat = 
{
{ {+1.367968447560e+00,+7.184004840919e-02,-5.186289348006e-02,-1.781441566996e-03,+2.802511846484e-01,+1.768169592829e-02 },
  {+7.184004840919e-02,+3.161055540801e-01,-1.781441566996e-03,+2.802511846484e-01,+1.768169592829e-02,+1.231015195651e-03 },
  {-5.186289348006e-02,-1.781441566996e-03,+6.482196322086e-01,+1.768169592829e-02,+1.231015195651e-03,+1.789334829380e-02 },
  {-1.781441566996e-03,+2.802511846484e-01,+1.768169592829e-02,+3.691994627558e-01,+1.789334829380e-02,-2.359182451505e-01 },
  {+2.802511846484e-01,+1.768169592829e-02,+1.231015195651e-03,+1.789334829380e-02,+1.320502024097e-01,-5.499390222010e-02 },
  {+1.768169592829e-02,+1.231015195651e-03,+1.789334829380e-02,-2.359182451505e-01,-5.499390222010e-02,+4.897682312780e-01 }   }
{ {+4.398084959693e-01,-5.186289348006e-02,-1.781441566996e-03,+2.802511846484e-01,+1.768169592829e-02,+1.231015195651e-03 },
  {-5.186289348006e-02,+3.661870059932e-01,+2.802511846484e-01,+1.768169592829e-02,+1.231015195651e-03,+1.789334829380e-02 },
  {-1.781441566996e-03,+2.802511846484e-01,+3.856501434884e-01,+1.231015195651e-03,+1.789334829380e-02,-2.359182451505e-01 },
  {+2.802511846484e-01,+1.768169592829e-02,+1.231015195651e-03,+3.858617958539e-01,-2.359182451505e-01,-5.499390222010e-02 },
  {+1.768169592829e-02,+1.231015195651e-03,+1.789334829380e-02,-2.359182451505e-01,+3.129745453400e-01,+1.217997837178e-01 },
  {+1.231015195651e-03,+1.789334829380e-02,-2.359182451505e-01,-5.499390222010e-02,+1.217997837178e-01,+4.402782768162e-01 }   }
}
yMat = 
{
{ {+1.134243905872e-32,+1.222305307771e-23,+5.995660873474e-25,-1.358404332689e-23,-2.673574973687e-24,-6.896178187585e-24 },
  {+1.222305307771e-23,+1.818047976192e-01,+8.917902121240e-03,-2.020480670389e-01,-3.976655826300e-02,-1.025732499937e-01 },
  {+5.995660873474e-25,+8.917902121240e-03,+4.374415817705e-04,-9.910876441296e-03,-1.950632100649e-03,-5.031430499523e-03 },
  {-1.358404332689e-23,-2.020480670389e-01,-9.910876441296e-03,+2.245453471457e-01,+4.419441255153e-02,+1.139943893809e-01 },
  {-2.673574973687e-24,-3.976655826300e-02,-1.950632100649e-03,+4.419441255153e-02,+8.698225661774e-03,+2.243606976006e-02 },
  {-6.896178187585e-24,-1.025732499937e-01,-5.031430499523e-03,+1.139943893809e-01,+2.243606976006e-02,+5.787125396052e-02 }   }
{ {+4.875446683578e-02,+4.565716319351e-03,+7.114428676569e-03,-7.177366309412e-02,-6.180502961170e-02,+1.162318421201e-02 },
  {+4.565716319351e-03,+8.123164356413e-02,-1.015196605121e-01,+5.294025661519e-03,+3.521045702147e-02,-6.679174327228e-02 },
  {+7.114428676569e-03,-1.015196605121e-01,+1.302638139362e-01,-2.566833744669e-02,-6.086583416199e-02,+8.753832403583e-02 },
  {-7.177366309412e-02,+5.294025661519e-03,-2.566833744669e-02,+1.074479388555e-01,+9.708236687582e-02,-2.720468616623e-02 },
  {-6.180502961170e-02,+3.521045702147e-02,-6.086583416199e-02,+9.708236687582e-02,+9.915066028793e-02,-4.917549366600e-02 },
  {+1.162318421201e-02,-6.679174327228e-02,+8.753832403583e-02,-2.720468616623e-02,-4.917549366600e-02,+5.979441055152e-02 }   }
}
    main loop time = 0.100000
        total time = 0.100000
  file   read time = 0.000000
