SDPA-GMP start at Wed Jun  5 23:35:11 2024
*SDP Scan Problem: V = x^2 - 2*x^4 + x^8
* K = 6; eval = -2.8643216080402008; Domain = R+ with BCs: Neumann
data      is /Users/gorg/qmBoot/data/K=6_BC-Neumann_V_0.0_0.0_1.0_0.0_-2.0_0.0_0.0_0.0_1.0/e=-2.8643216080402008_K=6_D=R+.dat
parameter is ./param.sdpa
out       is /Users/gorg/qmBoot/data/K=6_BC-Neumann_V_0.0_0.0_1.0_0.0_-2.0_0.0_0.0_0.0_1.0/e=-2.8643216080402008_K=6_D=R+.out
DENSE computation
   mu      thetaP  thetaD  objP      objD      alphaP  alphaD  beta 
 0 1.0e+20 1.0e+00 1.0e+00 +0.00e+00 -6.41e+09 1.0e+00 9.0e-01 3.00e-01
 1 1.6e+19 8.6e-88 1.0e-01 +1.60e+10 -6.41e+08 9.0e-01 9.0e-01 3.00e-01
 2 2.5e+18 2.6e-87 1.0e-02 +2.46e+10 -6.41e+07 9.0e-01 9.0e-01 3.00e-01
 3 3.8e+17 2.6e-87 1.0e-03 +3.79e+10 -6.41e+06 9.0e-01 9.0e-01 3.00e-01
 4 5.8e+16 4.3e-87 1.0e-04 +5.84e+10 -6.41e+05 9.0e-01 9.0e-01 3.00e-01
 5 9.0e+15 4.3e-87 1.0e-05 +9.00e+10 -6.41e+04 9.0e-01 9.0e-01 3.00e-01
 6 1.4e+15 6.0e-87 1.0e-06 +1.39e+11 -6.41e+03 9.0e-01 9.0e-01 3.00e-01
 7 2.1e+14 8.6e-87 1.0e-07 +2.13e+11 -6.42e+02 9.0e-01 9.0e-01 3.00e-01
 8 3.3e+13 8.6e-87 1.0e-08 +3.29e+11 -6.42e+01 9.0e-01 9.0e-01 3.00e-01
 9 5.1e+12 9.5e-87 1.0e-09 +5.05e+11 -6.49e+00 9.0e-01 9.0e-01 3.00e-01
10 8.2e+11 1.2e-86 9.8e-11 +7.69e+11 -7.22e-01 9.2e-01 9.2e-01 3.00e-01
11 1.7e+11 1.3e-86 7.6e-12 +1.05e+12 -1.43e-01 1.6e+00 1.0e+00 3.00e-01
12 3.7e+10 8.6e-87 8.3e-90 +4.50e+11 -9.14e-02 9.6e-01 9.0e+01 1.00e-01
13 5.0e+09 8.6e-87 7.2e-88 +6.02e+10 -8.08e-02 9.9e-01 9.9e-01 1.00e-01
14 5.4e+08 7.8e-87 7.6e-94 +6.51e+09 -8.18e-02 1.0e+00 1.0e+00 1.00e-01
15 5.6e+07 9.5e-87 1.7e-93 +6.70e+08 -8.26e-02 1.0e+00 1.0e+00 1.00e-01
16 5.7e+06 9.5e-87 7.4e-93 +6.79e+07 -8.34e-02 1.0e+00 1.0e+00 1.00e-01
17 5.7e+05 9.5e-87 3.0e-92 +6.83e+06 -8.40e-02 1.0e+00 1.0e+00 1.00e-01
18 5.7e+04 9.5e-87 5.0e-92 +6.85e+05 -8.47e-02 1.0e+00 1.0e+00 1.00e-01
19 5.7e+03 9.5e-87 1.4e-91 +6.85e+04 -8.52e-02 1.0e+00 1.0e+00 1.00e-01
20 5.7e+02 9.5e-87 7.0e-91 +6.85e+03 -8.57e-02 1.0e+00 1.0e+00 1.00e-01
21 5.7e+01 1.1e-86 2.0e-90 +6.86e+02 -8.61e-02 1.0e+00 3.2e+01 1.00e-01
22 5.8e+00 1.2e-86 2.9e-88 +6.89e+01 -8.37e-02 9.9e-01 2.1e+01 1.00e-01
23 6.3e-01 1.2e-86 5.2e-87 +7.54e+00 -2.34e-02 9.4e-01 6.0e+00 1.00e-01
24 8.9e-02 1.1e-86 2.7e-86 +1.18e+00 +1.15e-01 8.4e-01 1.4e+00 1.00e-01
25 1.7e-02 1.1e-86 9.7e-87 +4.61e-01 +2.59e-01 8.8e-01 9.7e-01 1.00e-01
26 2.9e-03 1.1e-86 3.6e-88 +3.69e-01 +3.34e-01 9.2e-01 9.1e-01 1.00e-01
27 5.1e-04 1.1e-86 7.2e-89 +3.58e-01 +3.51e-01 9.8e-01 9.4e-01 1.00e-01
28 7.3e-05 1.1e-86 4.0e-90 +3.56e-01 +3.55e-01 9.8e-01 9.9e-01 1.00e-01
29 8.3e-06 1.1e-86 1.6e-90 +3.56e-01 +3.55e-01 9.9e-01 1.0e+00 1.00e-01
30 8.4e-07 1.1e-86 4.4e-91 +3.56e-01 +3.56e-01 9.9e-01 1.0e+00 1.00e-01
31 8.4e-08 1.1e-86 1.9e-91 +3.56e-01 +3.56e-01 9.9e-01 1.0e+00 1.00e-01
32 8.5e-09 1.1e-86 8.0e-92 +3.56e-01 +3.56e-01 9.9e-01 1.0e+00 1.00e-01
33 8.5e-10 1.1e-86 5.0e-92 +3.56e-01 +3.56e-01 9.9e-01 1.0e+00 1.00e-01
34 8.5e-11 1.1e-86 3.0e-88 +3.56e-01 +3.56e-01 9.9e-01 1.0e+00 1.00e-01
35 8.5e-12 1.1e-86 6.7e-88 +3.56e-01 +3.56e-01 9.9e-01 1.0e+00 1.00e-01
36 8.5e-13 1.1e-86 5.7e-88 +3.56e-01 +3.56e-01 9.9e-01 1.0e+00 1.00e-01
37 8.5e-14 1.1e-86 6.6e-88 +3.56e-01 +3.56e-01 9.9e-01 1.0e+00 1.00e-01
38 8.5e-15 1.1e-86 5.1e-88 +3.56e-01 +3.56e-01 9.9e-01 1.0e+00 1.00e-01
39 8.5e-16 1.1e-86 7.7e-88 +3.56e-01 +3.56e-01 9.9e-01 1.0e+00 1.00e-01
40 8.5e-17 1.1e-86 3.1e-88 +3.56e-01 +3.56e-01 9.9e-01 1.0e+00 1.00e-01
41 8.5e-18 1.1e-86 8.0e-88 +3.56e-01 +3.56e-01 9.9e-01 1.0e+00 1.00e-01
42 8.5e-19 1.1e-86 8.5e-88 +3.56e-01 +3.56e-01 9.9e-01 1.0e+00 1.00e-01
43 8.5e-20 1.1e-86 7.8e-88 +3.56e-01 +3.56e-01 9.9e-01 1.0e+00 1.00e-01
44 8.5e-21 1.1e-86 7.8e-88 +3.56e-01 +3.56e-01 9.9e-01 1.0e+00 1.00e-01
45 8.5e-22 1.1e-86 4.5e-86 +3.56e-01 +3.56e-01 9.9e-01 1.0e+00 1.00e-01
46 8.5e-23 1.1e-86 1.1e-84 +3.56e-01 +3.56e-01 9.9e-01 1.0e+00 1.00e-01
47 8.5e-24 1.1e-86 4.0e-85 +3.56e-01 +3.56e-01 9.9e-01 1.0e+00 1.00e-01
48 8.5e-25 1.1e-86 2.4e-85 +3.56e-01 +3.56e-01 9.9e-01 1.0e+00 1.00e-01
49 8.5e-26 1.1e-86 2.1e-84 +3.56e-01 +3.56e-01 9.9e-01 1.0e+00 1.00e-01
50 8.5e-27 1.1e-86 6.5e-84 +3.56e-01 +3.56e-01 9.9e-01 1.0e+00 1.00e-01
51 8.5e-28 1.1e-86 1.8e-86 +3.56e-01 +3.56e-01 9.9e-01 1.0e+00 1.00e-01
52 8.5e-29 1.1e-86 8.3e-88 +3.56e-01 +3.56e-01 9.9e-01 1.0e+00 1.00e-01
53 8.5e-30 1.1e-86 9.3e-88 +3.56e-01 +3.56e-01 9.9e-01 1.0e+00 1.00e-01
54 8.5e-31 1.1e-86 5.9e-88 +3.56e-01 +3.56e-01 9.9e-01 1.0e+00 1.00e-01
55 8.5e-32 1.1e-86 1.1e-87 +3.56e-01 +3.56e-01 9.9e-01 1.0e+00 1.00e-01
56 8.5e-33 1.1e-86 9.2e-88 +3.56e-01 +3.56e-01 9.9e-01 1.0e+00 1.00e-01

phase.value = pdOPT     
   Iteration = 56
          mu = 8.4623679351769310e-33
relative gap = 1.0154841522212317e-31
         gap = 1.0154841522212317e-31
      digits = 3.0544184692231934e+01
objValPrimal = 3.5551492880455205e-01
objValDual   = 3.5551492880455205e-01
p.feas.error = 1.1217471616745887e-76
d.feas.error = 1.1010020882495423e-76
relative eps = 8.6361685550944446e-78
total time   = 0.120


Parameters are
maxIteration =    200
epsilonStar  = 1.000e-30
lambdaStar   = 1.000e+10
omegaStar    = 2.000e+00
lowerBound   = -1.000e+05
upperBound   = 1.000e+05
betaStar     = 1.000e-01
betaBar      = 3.000e-01
gammaStar    = 9.000e-01
epsilonDash  = 1.000e-30
precision    =    200

                         Time(sec)  Ratio(% : MainLoop) 
 Predictor time  =       0.030000,  25.000000
 Corrector time  =       0.030000,  25.000000
 Make bMat time  =       0.030000,  25.000000
 Make bDia time  =       0.000000,  0.000000
 Make bF1  time  =       0.010000,  8.333333
 Make bF2  time  =       0.020000,  16.666667
 Make bF3  time  =       0.000000,  0.000000
 Make bPRE time  =       0.010000,  8.333333
 Make rMat time  =       0.020000,  16.666667
 Make gVec Mul   =       0.000000,  0.000000
 Make gVec time  =       0.000000,  0.000000
 Cholesky bMat   =       0.000000,  0.000000
 Ste Pre time    =       0.000000,  0.000000
 Ste Cor time    =       0.040000,  33.333333
 solve           =       0.000000,  0.000000
 sumDz           =       0.000000,  0.000000
 makedX          =       0.000000,  0.000000
 symmetriseDx    =       0.000000,  0.000000
 makedXdZ        =       0.000000,  0.000000
 xMatTime        =       0.000000,  0.000000
 zMatTime        =       0.010000,  8.333333
 invzMatTime     =       0.000000,  0.000000
 xMatzMatTime    =       0.000000,  0.000000
 EigxMatTime     =       0.020000,  16.666667
 EigzMatTime     =       0.020000,  16.666667
 EigxMatzMatTime =       0.000000,  0.000000
 updateRes       =       0.010000,  8.333333
 EigTime         =       0.040000,  33.333333
 sub_total_bMat  =       0.090000,  75.000000
 Main Loop       =       0.120000,  100.000000
 File Check      =       0.000000,  0.000000
 File Change     =       0.000000,  0.000000
 File Read       =       0.000000,  0.000000
 Total           =       0.120000,  100.000000

xVec = 
{-3.555149288046e-01,+7.420339034562e-02,-4.737833800224e-02,+1.640898888715e-05,+2.728969921610e-01,+1.919162583774e-02,+2.101708812564e-03,+1.863360818545e-02}
xMat = 
{
{ {+1.355514928805e+00,+7.420339034562e-02,-4.737833800224e-02,+1.640898888715e-05,+2.728969921610e-01,+1.919162583774e-02 },
  {+7.420339034562e-02,+3.081365908023e-01,+1.640898888715e-05,+2.728969921610e-01,+1.919162583774e-02,+2.101708812564e-03 },
  {-4.737833800224e-02,+1.640898888715e-05,+6.284119209655e-01,+1.919162583774e-02,+2.101708812564e-03,+1.863360818545e-02 },
  {+1.640898888715e-05,+2.728969921610e-01,+1.919162583774e-02,+3.576166376171e-01,+1.863360818545e-02,-2.264365958140e-01 },
  {+2.728969921610e-01,+1.919162583774e-02,+2.101708812564e-03,+1.863360818545e-02,+1.290783329906e-01,-5.391763671255e-02 },
  {+1.919162583774e-02,+2.101708812564e-03,+1.863360818545e-02,-2.264365958140e-01,-5.391763671255e-02,+4.750220018560e-01 }   }
{ {+4.297183191502e-01,-4.737833800224e-02,+1.640898888715e-05,+2.728969921610e-01,+1.919162583774e-02,+2.101708812564e-03 },
  {-4.737833800224e-02,+3.555313377934e-01,+2.728969921610e-01,+1.919162583774e-02,+2.101708812564e-03,+1.863360818545e-02 },
  {+1.640898888715e-05,+2.728969921610e-01,+3.747065546423e-01,+2.101708812564e-03,+1.863360818545e-02,-2.264365958140e-01 },
  {+2.728969921610e-01,+1.919162583774e-02,+2.101708812564e-03,+3.741485369900e-01,-2.264365958140e-01,-5.391763671255e-02 },
  {+1.919162583774e-02,+2.101708812564e-03,+1.863360818545e-02,-2.264365958140e-01,+3.015972920920e-01,+1.195070730515e-01 },
  {+2.101708812564e-03,+1.863360818545e-02,-2.264365958140e-01,-5.391763671255e-02,+1.195070730515e-01,+4.270996173826e-01 }   }
}
yMat = 
{
{ {+1.129802187335e-32,+1.205629275747e-23,+6.174393128713e-25,-1.337160692047e-23,-2.694999467824e-24,-6.757525084152e-24 },
  {+1.205629275747e-23,+1.767367492019e-01,+9.051224865582e-03,-1.960183271962e-01,-3.950679119520e-02,-9.906055197441e-02 },
  {+6.174393128713e-25,+9.051224865582e-03,+4.635406724255e-04,-1.003869294439e-02,-2.023262578044e-03,-5.073191259192e-03 },
  {-1.337160692047e-23,-1.960183271962e-01,-1.003869294439e-02,+2.174034815640e-01,+4.381689240039e-02,+1.098678332426e-01 },
  {-2.694999467824e-24,-3.950679119520e-02,-2.023262578044e-03,+4.381689240039e-02,+8.831137596394e-03,+2.214346795563e-02 },
  {-6.757525084152e-24,-9.906055197441e-02,-5.073191259192e-03,+1.098678332426e-01,+2.214346795563e-02,+5.552321745075e-02 }   }
{ {+5.068582885016e-02,+6.976245900791e-03,+4.715024516009e-03,-7.422412591424e-02,-6.337714026381e-02,+1.030944892115e-02 },
  {+6.976245900791e-03,+8.474748974755e-02,-1.049050072471e-01,+1.868522321307e-03,+3.404842500690e-02,-6.864072547654e-02 },
  {+4.715024516009e-03,-1.049050072471e-01,+1.334139012416e-01,-2.212854420973e-02,-5.977847013923e-02,+8.921916214357e-02 },
  {-7.422412591424e-02,+1.868522321307e-03,-2.212854420973e-02,+1.104364439129e-01,+9.897809218411e-02,-2.520171319945e-02 },
  {-6.337714026381e-02,+3.404842500690e-02,-5.977847013923e-02,+9.897809218411e-02,+1.010800874932e-01,-4.865468788889e-02 },
  {+1.030944892115e-02,-6.864072547654e-02,+8.921916214357e-02,-2.520171319945e-02,-4.865468788889e-02,+6.067812226908e-02 }   }
}
    main loop time = 0.120000
        total time = 0.120000
  file   read time = 0.000000
