SDPA-GMP start at Wed Jun  5 23:35:11 2024
*SDP Scan Problem: V = x^2 - 2*x^4 + x^8
* K = 6; eval = -2.2613065326633164; Domain = R+ with BCs: Neumann
data      is /Users/gorg/qmBoot/data/K=6_BC-Neumann_V_0.0_0.0_1.0_0.0_-2.0_0.0_0.0_0.0_1.0/e=-2.2613065326633164_K=6_D=R+.dat
parameter is ./param.sdpa
out       is /Users/gorg/qmBoot/data/K=6_BC-Neumann_V_0.0_0.0_1.0_0.0_-2.0_0.0_0.0_0.0_1.0/e=-2.2613065326633164_K=6_D=R+.out
DENSE computation
   mu      thetaP  thetaD  objP      objD      alphaP  alphaD  beta 
 0 1.0e+20 1.0e+00 1.0e+00 +0.00e+00 -7.62e+09 1.0e+00 9.0e-01 3.00e-01
 1 1.6e+19 8.6e-88 1.0e-01 +1.60e+10 -7.62e+08 9.0e-01 9.0e-01 3.00e-01
 2 2.5e+18 1.7e-87 1.0e-02 +2.46e+10 -7.62e+07 9.0e-01 9.0e-01 3.00e-01
 3 3.8e+17 1.7e-87 1.0e-03 +3.79e+10 -7.62e+06 9.0e-01 9.0e-01 3.00e-01
 4 5.8e+16 3.5e-87 1.0e-04 +5.84e+10 -7.62e+05 9.0e-01 9.0e-01 3.00e-01
 5 9.0e+15 5.2e-87 1.0e-05 +9.00e+10 -7.62e+04 9.0e-01 9.0e-01 3.00e-01
 6 1.4e+15 6.0e-87 1.0e-06 +1.39e+11 -7.62e+03 9.0e-01 9.0e-01 3.00e-01
 7 2.1e+14 6.9e-87 1.0e-07 +2.13e+11 -7.62e+02 9.0e-01 9.0e-01 3.00e-01
 8 3.3e+13 9.5e-87 1.0e-08 +3.29e+11 -7.63e+01 9.0e-01 9.0e-01 3.00e-01
 9 5.1e+12 1.0e-86 1.0e-09 +5.05e+11 -7.70e+00 9.0e-01 9.0e-01 3.00e-01
10 8.2e+11 1.1e-86 9.8e-11 +7.69e+11 -8.42e-01 9.2e-01 9.2e-01 3.00e-01
11 1.7e+11 1.2e-86 7.8e-12 +1.05e+12 -1.56e-01 1.7e+00 1.0e+00 3.00e-01
12 3.7e+10 1.3e-86 1.2e-89 +4.43e+11 -9.84e-02 9.6e-01 9.6e-01 1.00e-01
13 5.0e+09 1.1e-86 4.8e-91 +5.95e+10 -9.85e-02 9.9e-01 9.9e-01 1.00e-01
14 5.4e+08 9.5e-87 6.0e-93 +6.50e+09 -9.86e-02 1.0e+00 1.0e+00 1.00e-01
15 5.5e+07 9.5e-87 3.6e-93 +6.56e+08 -9.88e-02 1.0e+00 1.0e+00 1.00e-01
16 5.5e+06 9.5e-87 8.4e-93 +6.56e+07 -9.89e-02 1.0e+00 1.0e+00 1.00e-01
17 5.5e+05 6.9e-87 3.0e-92 +6.56e+06 -9.90e-02 1.0e+00 1.0e+00 1.00e-01
18 5.5e+04 7.8e-87 1.3e-91 +6.56e+05 -9.91e-02 1.0e+00 1.0e+00 1.00e-01
19 5.5e+03 7.8e-87 3.6e-91 +6.56e+04 -9.92e-02 1.0e+00 1.0e+00 1.00e-01
20 5.5e+02 6.9e-87 1.4e-90 +6.56e+03 -9.93e-02 1.0e+00 1.0e+00 1.00e-01
21 5.5e+01 6.0e-87 2.3e-90 +6.56e+02 -9.93e-02 1.0e+00 9.0e+01 1.00e-01
22 5.5e+00 5.2e-87 7.4e-88 +6.60e+01 -6.68e-02 9.9e-01 3.3e+01 1.00e-01
23 5.8e-01 6.9e-87 2.2e-86 +6.91e+00 -4.77e-02 9.2e-01 6.7e+00 1.00e-01
24 9.4e-02 7.8e-87 1.3e-85 +1.19e+00 +6.38e-02 8.5e-01 1.7e+00 1.00e-01
25 1.6e-02 7.4e-87 9.0e-86 +3.97e-01 +2.01e-01 8.4e-01 9.6e-01 1.00e-01
26 3.4e-03 7.4e-87 3.7e-87 +2.99e-01 +2.58e-01 9.4e-01 9.4e-01 1.00e-01
27 5.3e-04 7.4e-87 2.2e-88 +2.83e-01 +2.77e-01 9.6e-01 9.5e-01 1.00e-01
28 7.3e-05 7.4e-87 8.7e-90 +2.81e-01 +2.80e-01 9.8e-01 1.0e+00 1.00e-01
29 8.0e-06 7.4e-87 7.0e-91 +2.81e-01 +2.81e-01 9.8e-01 1.0e+00 1.00e-01
30 8.1e-07 7.4e-87 3.3e-91 +2.81e-01 +2.81e-01 9.8e-01 1.0e+00 1.00e-01
31 8.1e-08 7.4e-87 9.7e-92 +2.81e-01 +2.81e-01 9.8e-01 1.0e+00 1.00e-01
32 8.1e-09 7.4e-87 4.9e-92 +2.81e-01 +2.81e-01 9.8e-01 1.0e+00 1.00e-01
33 8.1e-10 7.4e-87 9.6e-93 +2.81e-01 +2.81e-01 9.8e-01 1.0e+00 1.00e-01
34 8.1e-11 7.4e-87 1.8e-88 +2.81e-01 +2.81e-01 9.8e-01 1.0e+00 1.00e-01
35 8.1e-12 7.4e-87 4.0e-88 +2.81e-01 +2.81e-01 9.8e-01 1.0e+00 1.00e-01
36 8.1e-13 7.4e-87 5.3e-88 +2.81e-01 +2.81e-01 9.8e-01 1.0e+00 1.00e-01
37 8.1e-14 7.4e-87 6.7e-88 +2.81e-01 +2.81e-01 9.8e-01 1.0e+00 1.00e-01
38 8.1e-15 7.4e-87 6.6e-88 +2.81e-01 +2.81e-01 9.8e-01 1.0e+00 1.00e-01
39 8.1e-16 7.4e-87 5.4e-88 +2.81e-01 +2.81e-01 9.8e-01 1.0e+00 1.00e-01
40 8.1e-17 7.4e-87 8.9e-88 +2.81e-01 +2.81e-01 9.8e-01 1.0e+00 1.00e-01
41 8.1e-18 7.4e-87 8.8e-88 +2.81e-01 +2.81e-01 9.8e-01 1.0e+00 1.00e-01
42 8.1e-19 7.4e-87 7.8e-88 +2.81e-01 +2.81e-01 9.8e-01 1.0e+00 1.00e-01
43 8.1e-20 7.4e-87 7.3e-88 +2.81e-01 +2.81e-01 9.8e-01 1.0e+00 1.00e-01
44 8.1e-21 7.4e-87 8.6e-88 +2.81e-01 +2.81e-01 9.8e-01 1.0e+00 1.00e-01
45 8.1e-22 7.4e-87 4.4e-86 +2.81e-01 +2.81e-01 9.8e-01 1.0e+00 1.00e-01
46 8.1e-23 7.4e-87 3.2e-85 +2.81e-01 +2.81e-01 9.8e-01 1.0e+00 1.00e-01
47 8.1e-24 7.4e-87 7.6e-86 +2.81e-01 +2.81e-01 9.8e-01 1.0e+00 1.00e-01
48 8.1e-25 7.4e-87 4.5e-85 +2.81e-01 +2.81e-01 9.8e-01 1.0e+00 1.00e-01
49 8.1e-26 7.4e-87 1.1e-84 +2.81e-01 +2.81e-01 9.8e-01 1.0e+00 1.00e-01
50 8.1e-27 7.4e-87 7.8e-87 +2.81e-01 +2.81e-01 9.8e-01 1.0e+00 1.00e-01
51 8.1e-28 7.4e-87 9.7e-88 +2.81e-01 +2.81e-01 9.8e-01 1.0e+00 1.00e-01
52 8.1e-29 7.4e-87 9.6e-88 +2.81e-01 +2.81e-01 9.8e-01 1.0e+00 1.00e-01
53 8.1e-30 7.4e-87 1.1e-87 +2.81e-01 +2.81e-01 9.8e-01 1.0e+00 1.00e-01
54 8.1e-31 7.4e-87 1.2e-87 +2.81e-01 +2.81e-01 9.8e-01 1.0e+00 1.00e-01
55 8.1e-32 7.4e-87 9.3e-88 +2.81e-01 +2.81e-01 9.8e-01 1.0e+00 1.00e-01

phase.value = pdOPT     
   Iteration = 55
          mu = 8.0882414794034686e-32
relative gap = 9.7058897752841623e-31
         gap = 9.7058897752841623e-31
      digits = 2.9461348005323160e+01
objValPrimal = 2.8079111426737591e-01
objValDual   = 2.8079111426737591e-01
p.feas.error = 7.4291773375093280e-77
d.feas.error = 1.1142083846178317e-76
relative eps = 8.6361685550944446e-78
total time   = 0.110


Parameters are
maxIteration =    200
epsilonStar  = 1.000e-30
lambdaStar   = 1.000e+10
omegaStar    = 2.000e+00
lowerBound   = -1.000e+05
upperBound   = 1.000e+05
betaStar     = 1.000e-01
betaBar      = 3.000e-01
gammaStar    = 9.000e-01
epsilonDash  = 1.000e-30
precision    =    200

                         Time(sec)  Ratio(% : MainLoop) 
 Predictor time  =       0.040000,  36.363636
 Corrector time  =       0.030000,  27.272727
 Make bMat time  =       0.030000,  27.272727
 Make bDia time  =       0.000000,  0.000000
 Make bF1  time  =       0.010000,  9.090909
 Make bF2  time  =       0.010000,  9.090909
 Make bF3  time  =       0.010000,  9.090909
 Make bPRE time  =       0.010000,  9.090909
 Make rMat time  =       0.000000,  0.000000
 Make gVec Mul   =       0.000000,  0.000000
 Make gVec time  =       0.000000,  0.000000
 Cholesky bMat   =       0.000000,  0.000000
 Ste Pre time    =       0.000000,  0.000000
 Ste Cor time    =       0.040000,  36.363636
 solve           =       0.000000,  0.000000
 sumDz           =       0.000000,  0.000000
 makedX          =       0.040000,  36.363636
 symmetriseDx    =       0.000000,  0.000000
 makedXdZ        =       0.040000,  36.363636
 xMatTime        =       0.000000,  0.000000
 zMatTime        =       0.000000,  0.000000
 invzMatTime     =       0.000000,  0.000000
 xMatzMatTime    =       0.000000,  0.000000
 EigxMatTime     =       0.010000,  9.090909
 EigzMatTime     =       0.030000,  27.272727
 EigxMatzMatTime =       0.000000,  0.000000
 updateRes       =       0.000000,  0.000000
 EigTime         =       0.040000,  36.363636
 sub_total_bMat  =       0.080000,  72.727273
 Main Loop       =       0.110000,  100.000000
 File Check      =       0.000000,  0.000000
 File Change     =       0.000000,  0.000000
 File Read       =       0.000000,  0.000000
 Total           =       0.110000,  100.000000

xVec = 
{-2.807911142674e-01,+9.619510954047e-02,-1.452064876192e-02,+1.528815544875e-02,+2.337374197858e-01,+2.951000491857e-02,+1.135054632095e-02,+2.373035805191e-02}
xMat = 
{
{ {+1.280791114267e+00,+9.619510954047e-02,-1.452064876192e-02,+1.528815544875e-02,+2.337374197858e-01,+2.951000491857e-02 },
  {+9.619510954047e-02,+2.662704655055e-01,+1.528815544875e-02,+2.337374197858e-01,+2.951000491857e-02,+1.135054632095e-02 },
  {-1.452064876192e-02,+1.528815544875e-02,+5.145285340532e-01,+2.951000491857e-02,+1.135054632095e-02,+2.373035805191e-02 },
  {+1.528815544875e-02,+2.337374197858e-01,+2.951000491857e-02,+2.921416605883e-01,+2.373035805191e-02,-1.659681432849e-01 },
  {+2.337374197858e-01,+2.951000491857e-02,+1.135054632095e-02,+2.373035805191e-02,+1.148229709824e-01,-5.038510328605e-02 },
  {+2.951000491857e-02,+1.135054632095e-02,+2.373035805191e-02,-1.659681432849e-01,-5.038510328605e-02,+3.918000710928e-01 }   }
{ {+3.769862238078e-01,-1.452064876192e-02,+1.528815544875e-02,+2.337374197858e-01,+2.951000491857e-02,+1.135054632095e-02 },
  {-1.452064876192e-02,+2.960792697161e-01,+2.337374197858e-01,+2.951000491857e-02,+1.135054632095e-02,+2.373035805191e-02 },
  {+1.528815544875e-02,+2.337374197858e-01,+3.103011191859e-01,+1.135054632095e-02,+2.373035805191e-02,-1.659681432849e-01 },
  {+2.337374197858e-01,+2.951000491857e-02,+1.135054632095e-02,+3.045214723193e-01,-1.659681432849e-01,-5.038510328605e-02 },
  {+2.951000491857e-02,+1.135054632095e-02,+2.373035805191e-02,-1.659681432849e-01,+2.304060109813e-01,+1.110089568254e-01 },
  {+1.135054632095e-02,+2.373035805191e-02,-1.659681432849e-01,-5.038510328605e-02,+1.110089568254e-01,+3.528036275322e-01 }   }
}
yMat = 
{
{ {+1.018259668457e-31,-2.874915315389e-23,-1.802056422961e-24,+3.115229129193e-23,+7.771065899931e-24,+1.513760812234e-23 },
  {-2.874915315389e-23,+1.368764814037e-01,+8.579701203001e-03,-1.483179695259e-01,-3.699852243145e-02,-7.207108088911e-02 },
  {-1.802056422961e-24,+8.579701203001e-03,+5.377934322820e-04,-9.296877363574e-03,-2.319143976810e-03,-4.517564544797e-03 },
  {+3.115229129193e-23,-1.483179695259e-01,-9.296877363574e-03,+1.607158502226e-01,+4.009122433754e-02,+7.809549361135e-02 },
  {+7.771065899931e-24,-3.699852243145e-02,-2.319143976810e-03,+4.009122433754e-02,+1.000091942803e-02,+1.948123940350e-02 },
  {+1.513760812234e-23,-7.207108088911e-02,-4.517564544797e-03,+7.809549361135e-02,+1.948123940350e-02,+3.794837978925e-02 }   }
{ {+6.661512042870e-02,+2.645613461919e-02,-1.364523348769e-02,-9.518040800321e-02,-7.715596767361e-02,+3.421823442393e-04 },
  {+2.645613461919e-02,+1.115840052800e-01,-1.293589270306e-01,-2.642318048859e-02,+2.424294055420e-02,-8.061198047917e-02 },
  {-1.364523348769e-02,-1.293589270306e-01,+1.547689049196e-01,+5.545301276751e-03,-5.149558163983e-02,+9.894227539234e-02 },
  {-9.518040800321e-02,-2.642318048859e-02,+5.545301276751e-03,+1.372755135021e-01,+1.164194030117e-01,-9.578220777230e-03 },
  {-7.715596767361e-02,+2.424294055420e-02,-5.149558163983e-02,+1.164194030117e-01,+1.191678056532e-01,-4.424287698903e-02 },
  {+3.421823442393e-04,-8.061198047917e-02,+9.894227539234e-02,-9.578220777230e-03,-4.424287698903e-02,+6.450922594050e-02 }   }
}
    main loop time = 0.110000
        total time = 0.110000
  file   read time = 0.000000
