SDPA-GMP start at Wed Jun  5 23:35:11 2024
*SDP Scan Problem: V = x^2 - 2*x^4 + x^8
* K = 6; eval = -2.4623115577889445; Domain = R+ with BCs: Neumann
data      is /Users/gorg/qmBoot/data/K=6_BC-Neumann_V_0.0_0.0_1.0_0.0_-2.0_0.0_0.0_0.0_1.0/e=-2.4623115577889445_K=6_D=R+.dat
parameter is ./param.sdpa
out       is /Users/gorg/qmBoot/data/K=6_BC-Neumann_V_0.0_0.0_1.0_0.0_-2.0_0.0_0.0_0.0_1.0/e=-2.4623115577889445_K=6_D=R+.out
DENSE computation
   mu      thetaP  thetaD  objP      objD      alphaP  alphaD  beta 
 0 1.0e+20 1.0e+00 1.0e+00 +0.00e+00 -7.22e+09 1.0e+00 9.0e-01 3.00e-01
 1 1.6e+19 8.6e-88 1.0e-01 +1.60e+10 -7.22e+08 9.0e-01 9.0e-01 3.00e-01
 2 2.5e+18 1.7e-87 1.0e-02 +2.46e+10 -7.22e+07 9.0e-01 9.0e-01 3.00e-01
 3 3.8e+17 4.3e-87 1.0e-03 +3.79e+10 -7.22e+06 9.0e-01 9.0e-01 3.00e-01
 4 5.8e+16 6.9e-87 1.0e-04 +5.84e+10 -7.22e+05 9.0e-01 9.0e-01 3.00e-01
 5 9.0e+15 7.8e-87 1.0e-05 +9.00e+10 -7.22e+04 9.0e-01 9.0e-01 3.00e-01
 6 1.4e+15 1.1e-86 1.0e-06 +1.39e+11 -7.22e+03 9.0e-01 9.0e-01 3.00e-01
 7 2.1e+14 1.2e-86 1.0e-07 +2.13e+11 -7.22e+02 9.0e-01 9.0e-01 3.00e-01
 8 3.3e+13 1.4e-86 1.0e-08 +3.29e+11 -7.23e+01 9.0e-01 9.0e-01 3.00e-01
 9 5.1e+12 1.6e-86 1.0e-09 +5.05e+11 -7.30e+00 9.0e-01 9.0e-01 3.00e-01
10 8.2e+11 1.6e-86 9.8e-11 +7.69e+11 -8.02e-01 9.2e-01 9.2e-01 3.00e-01
11 1.7e+11 1.8e-86 7.7e-12 +1.05e+12 -1.51e-01 1.6e+00 1.0e+00 3.00e-01
12 3.7e+10 1.4e-86 2.3e-94 +4.45e+11 -9.59e-02 9.6e-01 9.0e+01 1.00e-01
13 5.0e+09 1.2e-86 4.3e-92 +5.98e+10 -9.29e-02 9.9e-01 9.9e-01 1.00e-01
14 5.4e+08 1.1e-86 9.1e-94 +6.47e+09 -9.35e-02 1.0e+00 1.0e+00 1.00e-01
15 5.6e+07 8.6e-87 2.3e-93 +6.70e+08 -9.37e-02 1.0e+00 1.0e+00 1.00e-01
16 5.7e+06 8.6e-87 6.1e-93 +6.79e+07 -9.39e-02 1.0e+00 1.0e+00 1.00e-01
17 5.7e+05 7.8e-87 2.6e-92 +6.85e+06 -9.42e-02 1.0e+00 1.0e+00 1.00e-01
18 5.7e+04 9.5e-87 5.0e-92 +6.87e+05 -9.44e-02 1.0e+00 1.0e+00 1.00e-01
19 5.7e+03 8.6e-87 1.4e-91 +6.88e+04 -9.46e-02 1.0e+00 1.0e+00 1.00e-01
20 5.7e+02 9.5e-87 6.2e-91 +6.88e+03 -9.47e-02 1.0e+00 1.0e+00 1.00e-01
21 5.7e+01 1.2e-86 2.6e-90 +6.88e+02 -9.48e-02 1.0e+00 2.9e+01 1.00e-01
22 5.8e+00 1.2e-86 3.2e-88 +6.91e+01 -8.62e-02 9.9e-01 2.3e+01 1.00e-01
23 6.2e-01 1.2e-86 6.3e-87 +7.46e+00 -3.88e-02 9.4e-01 5.7e+00 1.00e-01
24 8.8e-02 1.4e-86 3.0e-86 +1.13e+00 +7.58e-02 8.3e-01 1.5e+00 1.00e-01
25 1.7e-02 1.3e-86 1.4e-86 +4.17e-01 +2.11e-01 8.7e-01 9.4e-01 1.00e-01
26 3.2e-03 1.3e-86 8.6e-88 +3.21e-01 +2.82e-01 9.3e-01 9.2e-01 1.00e-01
27 5.5e-04 1.3e-86 7.2e-89 +3.08e-01 +3.01e-01 9.7e-01 9.5e-01 1.00e-01
28 7.7e-05 1.3e-86 7.2e-89 +3.06e-01 +3.05e-01 9.9e-01 9.9e-01 1.00e-01
29 8.5e-06 1.3e-86 1.1e-90 +3.06e-01 +3.06e-01 1.0e+00 1.0e+00 1.00e-01
30 8.7e-07 1.3e-86 1.3e-91 +3.06e-01 +3.06e-01 1.0e+00 1.0e+00 1.00e-01
31 8.8e-08 1.3e-86 1.1e-91 +3.06e-01 +3.06e-01 1.0e+00 1.0e+00 1.00e-01
32 8.8e-09 1.3e-86 8.4e-92 +3.06e-01 +3.06e-01 1.0e+00 1.0e+00 1.00e-01
33 8.8e-10 1.3e-86 1.2e-88 +3.06e-01 +3.06e-01 1.0e+00 1.0e+00 1.00e-01
34 8.8e-11 1.3e-86 1.8e-88 +3.06e-01 +3.06e-01 1.0e+00 1.0e+00 1.00e-01
35 8.8e-12 1.3e-86 4.2e-88 +3.06e-01 +3.06e-01 1.0e+00 1.0e+00 1.00e-01
36 8.8e-13 1.3e-86 5.8e-88 +3.06e-01 +3.06e-01 1.0e+00 1.0e+00 1.00e-01
37 8.8e-14 1.3e-86 6.5e-88 +3.06e-01 +3.06e-01 1.0e+00 1.0e+00 1.00e-01
38 8.8e-15 1.3e-86 8.0e-88 +3.06e-01 +3.06e-01 1.0e+00 1.0e+00 1.00e-01
39 8.8e-16 1.3e-86 8.6e-88 +3.06e-01 +3.06e-01 1.0e+00 1.0e+00 1.00e-01
40 8.8e-17 1.3e-86 8.7e-88 +3.06e-01 +3.06e-01 1.0e+00 1.0e+00 1.00e-01
41 8.8e-18 1.3e-86 7.5e-88 +3.06e-01 +3.06e-01 1.0e+00 1.0e+00 1.00e-01
42 8.8e-19 1.3e-86 8.3e-88 +3.06e-01 +3.06e-01 1.0e+00 1.0e+00 1.00e-01
43 8.8e-20 1.3e-86 8.7e-88 +3.06e-01 +3.06e-01 1.0e+00 1.0e+00 1.00e-01
44 8.8e-21 1.3e-86 8.2e-88 +3.06e-01 +3.06e-01 1.0e+00 1.0e+00 1.00e-01
45 8.8e-22 1.3e-86 1.9e-85 +3.06e-01 +3.06e-01 1.0e+00 1.0e+00 1.00e-01
46 8.8e-23 1.3e-86 3.4e-84 +3.06e-01 +3.06e-01 1.0e+00 1.0e+00 1.00e-01
47 8.8e-24 1.3e-86 1.2e-84 +3.06e-01 +3.06e-01 1.0e+00 1.0e+00 1.00e-01
48 8.8e-25 1.3e-86 8.2e-85 +3.06e-01 +3.06e-01 1.0e+00 1.0e+00 1.00e-01
49 8.8e-26 1.3e-86 3.4e-84 +3.06e-01 +3.06e-01 1.0e+00 1.0e+00 1.00e-01
50 8.8e-27 1.3e-86 2.0e-83 +3.06e-01 +3.06e-01 1.0e+00 1.0e+00 1.00e-01
51 8.8e-28 1.3e-86 3.9e-83 +3.06e-01 +3.06e-01 1.0e+00 1.0e+00 1.00e-01
52 8.8e-29 1.3e-86 3.4e-86 +3.06e-01 +3.06e-01 1.0e+00 1.0e+00 1.00e-01
53 8.8e-30 1.3e-86 9.4e-88 +3.06e-01 +3.06e-01 1.0e+00 1.0e+00 1.00e-01
54 8.8e-31 1.3e-86 8.6e-88 +3.06e-01 +3.06e-01 1.0e+00 1.0e+00 1.00e-01
55 8.8e-32 1.3e-86 1.8e-87 +3.06e-01 +3.06e-01 1.0e+00 1.0e+00 1.00e-01
56 8.8e-33 1.3e-86 2.8e-87 +3.06e-01 +3.06e-01 1.0e+00 1.0e+00 1.00e-01

phase.value = pdOPT     
   Iteration = 56
          mu = 8.7779258264333619e-33
relative gap = 1.0533510991720034e-31
         gap = 1.0533510991720034e-31
      digits = 3.0462736207916844e+01
objValPrimal = 3.0570979983530885e-01
objValDual   = 3.0570979983530885e-01
p.feas.error = 1.3103549750938772e-76
d.feas.error = 3.3202600066790886e-76
relative eps = 8.6361685550944446e-78
total time   = 0.120


Parameters are
maxIteration =    200
epsilonStar  = 1.000e-30
lambdaStar   = 1.000e+10
omegaStar    = 2.000e+00
lowerBound   = -1.000e+05
upperBound   = 1.000e+05
betaStar     = 1.000e-01
betaBar      = 3.000e-01
gammaStar    = 9.000e-01
epsilonDash  = 1.000e-30
precision    =    200

                         Time(sec)  Ratio(% : MainLoop) 
 Predictor time  =       0.020000,  16.666667
 Corrector time  =       0.050000,  41.666667
 Make bMat time  =       0.010000,  8.333333
 Make bDia time  =       0.000000,  0.000000
 Make bF1  time  =       0.010000,  8.333333
 Make bF2  time  =       0.000000,  0.000000
 Make bF3  time  =       0.000000,  0.000000
 Make bPRE time  =       0.010000,  8.333333
 Make rMat time  =       0.020000,  16.666667
 Make gVec Mul   =       0.000000,  0.000000
 Make gVec time  =       0.000000,  0.000000
 Cholesky bMat   =       0.000000,  0.000000
 Ste Pre time    =       0.000000,  0.000000
 Ste Cor time    =       0.040000,  33.333333
 solve           =       0.010000,  8.333333
 sumDz           =       0.000000,  0.000000
 makedX          =       0.020000,  16.666667
 symmetriseDx    =       0.000000,  0.000000
 makedXdZ        =       0.020000,  16.666667
 xMatTime        =       0.000000,  0.000000
 zMatTime        =       0.010000,  8.333333
 invzMatTime     =       0.000000,  0.000000
 xMatzMatTime    =       0.000000,  0.000000
 EigxMatTime     =       0.010000,  8.333333
 EigzMatTime     =       0.030000,  25.000000
 EigxMatzMatTime =       0.000000,  0.000000
 updateRes       =       0.000000,  0.000000
 EigTime         =       0.040000,  33.333333
 sub_total_bMat  =       0.110000,  91.666667
 Main Loop       =       0.120000,  100.000000
 File Check      =       0.000000,  0.000000
 File Change     =       0.000000,  0.000000
 File Read       =       0.000000,  0.000000
 Total           =       0.120000,  100.000000

xVec = 
{-3.057097998353e-01,+8.702922988502e-02,-2.688657784146e-02,+9.053995175069e-03,+2.456084907002e-01,+2.583944962998e-02,+7.171799381647e-03,+2.192079179986e-02}
xMat = 
{
{ {+1.305709799835e+00,+8.702922988502e-02,-2.688657784146e-02,+9.053995175069e-03,+2.456084907002e-01,+2.583944962998e-02 },
  {+8.702922988502e-02,+2.788232219939e-01,+9.053995175069e-03,+2.456084907002e-01,+2.583944962998e-02,+7.171799381647e-03 },
  {-2.688657784146e-02,+9.053995175069e-03,+5.513182905355e-01,+2.583944962998e-02,+7.171799381647e-03,+2.192079179986e-02 },
  {+9.053995175069e-03,+2.456084907002e-01,+2.583944962998e-02,+3.128815992170e-01,+2.192079179986e-02,-1.869774915810e-01 },
  {+2.456084907002e-01,+2.583944962998e-02,+7.171799381647e-03,+2.192079179986e-02,+1.187323082544e-01,-5.087984158415e-02 },
  {+2.583944962998e-02,+7.171799381647e-03,+2.192079179986e-02,-1.869774915810e-01,-5.087984158415e-02,+4.182660034240e-01 }   }
{ {+3.927390297203e-01,-2.688657784146e-02,+9.053995175069e-03,+2.456084907002e-01,+2.583944962998e-02,+7.171799381647e-03 },
  {-2.688657784146e-02,+3.147637950104e-01,+2.456084907002e-01,+2.583944962998e-02,+7.171799381647e-03,+2.192079179986e-02 },
  {+9.053995175069e-03,+2.456084907002e-01,+3.315492494653e-01,+7.171799381647e-03,+2.192079179986e-02,-1.869774915810e-01 },
  {+2.456084907002e-01,+2.583944962998e-02,+7.171799381647e-03,+3.276305916352e-01,-1.869774915810e-01,-5.087984158415e-02 },
  {+2.583944962998e-02,+7.171799381647e-03,+2.192079179986e-02,-1.869774915810e-01,+2.548299582512e-01,+1.125562035887e-01 },
  {+7.171799381647e-03,+2.192079179986e-02,-1.869774915810e-01,-5.087984158415e-02,+1.125562035887e-01,+3.765663754483e-01 }   }
}
yMat = 
{
{ {+1.166401054606e-32,+1.425354186435e-23,+8.503366139202e-25,-1.561178496299e-23,-3.571692023531e-24,-7.702378592465e-24 },
  {+1.425354186435e-23,+1.518436836760e-01,+9.058677827365e-03,-1.663131143050e-01,-3.804941080884e-02,-8.205381855199e-02 },
  {+8.503366139202e-25,+9.058677827365e-03,+5.404218469508e-04,-9.921893914069e-03,-2.269948579315e-03,-4.895159869498e-03 },
  {-1.561178496299e-23,-1.663131143050e-01,-9.921893914069e-03,+1.821613604215e-01,+4.167520081106e-02,+8.987285986237e-02 },
  {-3.571692023531e-24,-3.804941080884e-02,-2.269948579315e-03,+4.167520081106e-02,+9.534526743891e-03,+2.056127311282e-02 },
  {-7.702378592465e-24,-8.205381855199e-02,-4.895159869498e-03,+8.987285986237e-02,+2.056127311282e-02,+4.434052820616e-02 }   }
{ {+6.047792571554e-02,+1.889196367513e-02,-6.713292546624e-03,-8.696699539733e-02,-7.170726973775e-02,+4.097907433740e-03 },
  {+1.889196367513e-02,+1.017013952592e-01,-1.206329499267e-01,-1.535677907061e-02,+2.820141391253e-02,-7.668264433262e-02 },
  {-6.713292546624e-03,-1.206329499267e-01,+1.474128095591e-01,-4.958875606905e-03,-5.465039748627e-02,+9.601050529926e-02 },
  {-8.696699539733e-02,-1.535677907061e-02,-4.958875606905e-03,+1.265140191441e-01,+1.093526257814e-01,-1.550366432145e-02 },
  {-7.170726973775e-02,+2.820141391253e-02,-5.465039748627e-02,+1.093526257814e-01,+1.117489897627e-01,-4.603841527624e-02 },
  {+4.097907433740e-03,-7.668264433262e-02,+9.601050529926e-02,-1.550366432145e-02,-4.603841527624e-02,+6.372433966488e-02 }   }
}
    main loop time = 0.120000
        total time = 0.120000
  file   read time = 0.000000
