SDPA-GMP start at Wed Jun  5 23:35:11 2024
*SDP Scan Problem: V = x^2 - 2*x^4 + x^8
* K = 6; eval = -2.1608040201005023; Domain = R+ with BCs: Neumann
data      is /Users/gorg/qmBoot/data/K=6_BC-Neumann_V_0.0_0.0_1.0_0.0_-2.0_0.0_0.0_0.0_1.0/e=-2.1608040201005023_K=6_D=R+.dat
parameter is ./param.sdpa
out       is /Users/gorg/qmBoot/data/K=6_BC-Neumann_V_0.0_0.0_1.0_0.0_-2.0_0.0_0.0_0.0_1.0/e=-2.1608040201005023_K=6_D=R+.out
DENSE computation
   mu      thetaP  thetaD  objP      objD      alphaP  alphaD  beta 
 0 1.0e+20 1.0e+00 1.0e+00 +0.00e+00 -7.82e+09 1.0e+00 9.0e-01 3.00e-01
 1 1.6e+19 8.6e-88 1.0e-01 +1.60e+10 -7.82e+08 9.0e-01 9.0e-01 3.00e-01
 2 2.5e+18 8.6e-88 1.0e-02 +2.46e+10 -7.82e+07 9.0e-01 9.0e-01 3.00e-01
 3 3.8e+17 1.7e-87 1.0e-03 +3.79e+10 -7.82e+06 9.0e-01 9.0e-01 3.00e-01
 4 5.8e+16 3.5e-87 1.0e-04 +5.84e+10 -7.82e+05 9.0e-01 9.0e-01 3.00e-01
 5 9.0e+15 4.3e-87 1.0e-05 +9.00e+10 -7.82e+04 9.0e-01 9.0e-01 3.00e-01
 6 1.4e+15 6.9e-87 1.0e-06 +1.39e+11 -7.82e+03 9.0e-01 9.0e-01 3.00e-01
 7 2.1e+14 6.9e-87 1.0e-07 +2.13e+11 -7.82e+02 9.0e-01 9.0e-01 3.00e-01
 8 3.3e+13 7.8e-87 1.0e-08 +3.29e+11 -7.83e+01 9.0e-01 9.0e-01 3.00e-01
 9 5.1e+12 9.5e-87 1.0e-09 +5.05e+11 -7.90e+00 9.0e-01 9.0e-01 3.00e-01
10 8.2e+11 1.1e-86 9.8e-11 +7.69e+11 -8.63e-01 9.2e-01 9.2e-01 3.00e-01
11 1.7e+11 1.2e-86 7.8e-12 +1.05e+12 -1.58e-01 1.7e+00 1.0e+00 3.00e-01
12 3.7e+10 1.3e-86 2.2e-94 +4.41e+11 -9.98e-02 9.6e-01 9.6e-01 1.00e-01
13 4.9e+09 1.1e-86 2.0e-94 +5.93e+10 -9.99e-02 9.9e-01 9.9e-01 1.00e-01
14 5.4e+08 1.3e-86 8.4e-94 +6.48e+09 -1.00e-01 1.0e+00 1.0e+00 1.00e-01
15 5.4e+07 1.2e-86 2.2e-93 +6.54e+08 -1.00e-01 1.0e+00 1.0e+00 1.00e-01
16 5.5e+06 1.1e-86 9.9e-93 +6.54e+07 -1.01e-01 1.0e+00 1.0e+00 1.00e-01
17 5.5e+05 9.5e-87 1.6e-92 +6.54e+06 -1.01e-01 1.0e+00 1.0e+00 1.00e-01
18 5.5e+04 1.0e-86 7.9e-92 +6.54e+05 -1.01e-01 1.0e+00 1.0e+00 1.00e-01
19 5.5e+03 1.0e-86 2.4e-91 +6.54e+04 -1.01e-01 1.0e+00 1.0e+00 1.00e-01
20 5.5e+02 1.0e-86 5.4e-91 +6.54e+03 -1.01e-01 1.0e+00 1.0e+00 1.00e-01
21 5.5e+01 1.1e-86 1.3e-90 +6.54e+02 -1.01e-01 1.0e+00 9.0e+01 1.00e-01
22 5.5e+00 1.2e-86 1.2e-87 +6.58e+01 -7.23e-02 9.9e-01 3.2e+01 1.00e-01
23 5.8e-01 1.3e-86 3.6e-86 +6.88e+00 -4.48e-02 9.2e-01 6.9e+00 1.00e-01
24 9.0e-02 1.4e-86 2.1e-85 +1.15e+00 +6.09e-02 8.5e-01 1.7e+00 1.00e-01
25 1.6e-02 1.4e-86 1.4e-85 +3.81e-01 +1.87e-01 8.4e-01 9.6e-01 1.00e-01
26 3.3e-03 1.4e-86 6.0e-87 +2.86e-01 +2.46e-01 9.4e-01 9.3e-01 1.00e-01
27 5.2e-04 1.4e-86 4.3e-88 +2.70e-01 +2.64e-01 9.6e-01 9.6e-01 1.00e-01
28 7.1e-05 1.4e-86 5.6e-90 +2.69e-01 +2.68e-01 9.8e-01 9.9e-01 1.00e-01
29 7.7e-06 1.4e-86 2.6e-91 +2.68e-01 +2.68e-01 9.9e-01 1.0e+00 1.00e-01
30 7.8e-07 1.4e-86 1.4e-91 +2.68e-01 +2.68e-01 9.9e-01 1.0e+00 1.00e-01
31 7.8e-08 1.4e-86 6.0e-92 +2.68e-01 +2.68e-01 9.9e-01 1.0e+00 1.00e-01
32 7.8e-09 1.4e-86 4.7e-92 +2.68e-01 +2.68e-01 9.9e-01 1.0e+00 1.00e-01
33 7.8e-10 1.4e-86 5.0e-89 +2.68e-01 +2.68e-01 9.9e-01 1.0e+00 1.00e-01
34 7.8e-11 1.4e-86 3.5e-88 +2.68e-01 +2.68e-01 9.9e-01 1.0e+00 1.00e-01
35 7.8e-12 1.4e-86 5.3e-88 +2.68e-01 +2.68e-01 9.9e-01 1.0e+00 1.00e-01
36 7.8e-13 1.4e-86 5.8e-88 +2.68e-01 +2.68e-01 9.9e-01 1.0e+00 1.00e-01
37 7.8e-14 1.4e-86 6.5e-88 +2.68e-01 +2.68e-01 9.9e-01 1.0e+00 1.00e-01
38 7.8e-15 1.4e-86 7.2e-88 +2.68e-01 +2.68e-01 9.9e-01 1.0e+00 1.00e-01
39 7.8e-16 1.4e-86 7.7e-88 +2.68e-01 +2.68e-01 9.9e-01 1.0e+00 1.00e-01
40 7.8e-17 1.4e-86 6.7e-88 +2.68e-01 +2.68e-01 9.9e-01 1.0e+00 1.00e-01
41 7.8e-18 1.4e-86 6.0e-88 +2.68e-01 +2.68e-01 9.9e-01 1.0e+00 1.00e-01
42 7.8e-19 1.4e-86 6.3e-88 +2.68e-01 +2.68e-01 9.9e-01 1.0e+00 1.00e-01
43 7.8e-20 1.4e-86 6.1e-88 +2.68e-01 +2.68e-01 9.9e-01 1.0e+00 1.00e-01
44 7.8e-21 1.4e-86 8.7e-88 +2.68e-01 +2.68e-01 9.9e-01 1.0e+00 1.00e-01
45 7.8e-22 1.4e-86 6.0e-86 +2.68e-01 +2.68e-01 9.9e-01 1.0e+00 1.00e-01
46 7.8e-23 1.4e-86 5.8e-85 +2.68e-01 +2.68e-01 9.9e-01 1.0e+00 1.00e-01
47 7.8e-24 1.4e-86 2.6e-85 +2.68e-01 +2.68e-01 9.9e-01 1.0e+00 1.00e-01
48 7.8e-25 1.4e-86 4.6e-85 +2.68e-01 +2.68e-01 9.9e-01 1.0e+00 1.00e-01
49 7.8e-26 1.4e-86 9.6e-85 +2.68e-01 +2.68e-01 9.9e-01 1.0e+00 1.00e-01
50 7.8e-27 1.4e-86 1.5e-84 +2.68e-01 +2.68e-01 9.9e-01 1.0e+00 1.00e-01
51 7.8e-28 1.4e-86 7.1e-87 +2.68e-01 +2.68e-01 9.9e-01 1.0e+00 1.00e-01
52 7.8e-29 1.4e-86 5.2e-88 +2.68e-01 +2.68e-01 9.9e-01 1.0e+00 1.00e-01
53 7.8e-30 1.4e-86 6.2e-88 +2.68e-01 +2.68e-01 9.9e-01 1.0e+00 1.00e-01
54 7.8e-31 1.4e-86 4.0e-88 +2.68e-01 +2.68e-01 9.9e-01 1.0e+00 1.00e-01
55 7.8e-32 1.4e-86 5.9e-88 +2.68e-01 +2.68e-01 9.9e-01 1.0e+00 1.00e-01

phase.value = pdOPT     
   Iteration = 55
          mu = 7.7898403984530384e-32
relative gap = 9.3478084781436461e-31
         gap = 9.3478084781436461e-31
      digits = 2.9457936250944201e+01
objValPrimal = 2.6831568232270642e-01
objValDual   = 2.6831568232270642e-01
p.feas.error = 1.3661751951127609e-76
d.feas.error = 7.0457262354960972e-77
relative eps = 8.6361685550944446e-78
total time   = 0.110


Parameters are
maxIteration =    200
epsilonStar  = 1.000e-30
lambdaStar   = 1.000e+10
omegaStar    = 2.000e+00
lowerBound   = -1.000e+05
upperBound   = 1.000e+05
betaStar     = 1.000e-01
betaBar      = 3.000e-01
gammaStar    = 9.000e-01
epsilonDash  = 1.000e-30
precision    =    200

                         Time(sec)  Ratio(% : MainLoop) 
 Predictor time  =       0.030000,  27.272727
 Corrector time  =       0.020000,  18.181818
 Make bMat time  =       0.020000,  18.181818
 Make bDia time  =       0.000000,  0.000000
 Make bF1  time  =       0.020000,  18.181818
 Make bF2  time  =       0.000000,  0.000000
 Make bF3  time  =       0.000000,  0.000000
 Make bPRE time  =       0.020000,  18.181818
 Make rMat time  =       0.010000,  9.090909
 Make gVec Mul   =       0.000000,  0.000000
 Make gVec time  =       0.000000,  0.000000
 Cholesky bMat   =       0.000000,  0.000000
 Ste Pre time    =       0.000000,  0.000000
 Ste Cor time    =       0.060000,  54.545455
 solve           =       0.000000,  0.000000
 sumDz           =       0.000000,  0.000000
 makedX          =       0.010000,  9.090909
 symmetriseDx    =       0.000000,  0.000000
 makedXdZ        =       0.010000,  9.090909
 xMatTime        =       0.000000,  0.000000
 zMatTime        =       0.000000,  0.000000
 invzMatTime     =       0.000000,  0.000000
 xMatzMatTime    =       0.000000,  0.000000
 EigxMatTime     =       0.030000,  27.272727
 EigzMatTime     =       0.030000,  27.272727
 EigxMatzMatTime =       0.000000,  0.000000
 updateRes       =       0.000000,  0.000000
 EigTime         =       0.060000,  54.545455
 sub_total_bMat  =       0.090000,  81.818182
 Main Loop       =       0.110000,  100.000000
 File Check      =       0.000000,  0.000000
 File Change     =       0.000000,  0.000000
 File Read       =       0.000000,  0.000000
 Total           =       0.110000,  100.000000

xVec = 
{-2.683156823227e-01,+1.017172752677e-01,-7.552321298528e-03,+1.908358366685e-02,+2.284469186249e-01,+3.143025527036e-02,+1.411502534632e-02,+2.468376664732e-02}
xMat = 
{
{ {+1.268315682323e+00,+1.017172752677e-01,-7.552321298528e-03,+1.908358366685e-02,+2.284469186249e-01,+3.143025527036e-02 },
  {+1.017172752677e-01,+2.607633610242e-01,+1.908358366685e-02,+2.284469186249e-01,+3.143025527036e-02,+1.411502534632e-02 },
  {-7.552321298528e-03,+1.908358366685e-02,+4.967626009476e-01,+3.143025527036e-02,+1.411502534632e-02,+2.468376664732e-02 },
  {+1.908358366685e-02,+2.284469186249e-01,+3.143025527036e-02,+2.824307076690e-01,+2.468376664732e-02,-1.550035731508e-01 },
  {+2.284469186249e-01,+3.143025527036e-02,+1.411502534632e-02,+2.468376664732e-02,+1.133121091719e-01,-5.047192710050e-02 },
  {+3.143025527036e-02,+1.411502534632e-02,+2.468376664732e-02,-1.550035731508e-01,-5.047192710050e-02,+3.792185162702e-01 }   }
{ {+3.700329575904e-01,-7.552321298528e-03,+1.908358366685e-02,+2.284469186249e-01,+3.143025527036e-02,+1.411502534632e-02 },
  {-7.552321298528e-03,+2.873992659896e-01,+2.284469186249e-01,+3.143025527036e-02,+1.411502534632e-02,+2.468376664732e-02 },
  {+1.908358366685e-02,+2.284469186249e-01,+2.997459375931e-01,+1.411502534632e-02,+2.468376664732e-02,-1.550035731508e-01 },
  {+2.284469186249e-01,+3.143025527036e-02,+1.411502534632e-02,+2.929994489700e-01,-1.550035731508e-01,-5.047192710050e-02 },
  {+3.143025527036e-02,+1.411502534632e-02,+2.468376664732e-02,-1.550035731508e-01,+2.178437552222e-01,+1.109028339475e-01 },
  {+1.411502534632e-02,+2.468376664732e-02,-1.550035731508e-01,-5.047192710050e-02,+1.109028339475e-01,+3.413674370478e-01 }   }
}
yMat = 
{
{ {+9.970841874118e-32,-1.578039863718e-23,-1.001112206212e-24,+1.697856682205e-23,+4.448841156728e-24,+8.184547751409e-24 },
  {-1.578039863718e-23,+1.289903372178e-01,+8.183177460718e-03,-1.387842672304e-01,-3.636521246776e-02,-6.690119839653e-02 },
  {-1.001112206212e-24,+8.183177460718e-03,+5.191427109809e-04,-8.804506694050e-03,-2.307017668446e-03,-4.244227828391e-03 },
  {+1.697856682205e-23,-1.387842672304e-01,-8.804506694050e-03,+1.493218270928e-01,+3.912633669988e-02,+7.198084753138e-02 },
  {+4.448841156728e-24,-3.636521246776e-02,-2.307017668446e-03,+3.912633669988e-02,+1.025215303990e-02,+1.886091893789e-02 },
  {+8.184547751409e-24,-6.690119839653e-02,-4.244227828391e-03,+7.198084753138e-02,+1.886091893789e-02,+3.469849326258e-02 }   }
{ {+6.996535469785e-02,+3.066977901143e-02,-1.741202832374e-02,-9.972093175867e-02,-8.019458364143e-02,-1.707356856400e-03 },
  {+3.066977901143e-02,+1.166139353632e-01,-1.336678149416e-01,-3.258231627930e-02,+2.189207933565e-02,-8.232405229400e-02 },
  {-1.741202832374e-02,-1.336678149416e-01,+1.583015938169e-01,+1.121920529247e-02,-4.973126308403e-02,+1.000801431718e-01 },
  {-9.972093175867e-02,-3.258231627930e-02,+1.121920529247e-02,+1.433321935461e-01,+1.204552598386e-01,-6.367751404524e-03 },
  {-8.019458364143e-02,+2.189207933565e-02,-4.973126308403e-02,+1.204552598386e-01,+1.234619421489e-01,-4.314888430850e-02 },
  {-1.707356856400e-03,-8.232405229400e-02,+1.000801431718e-01,-6.367751404524e-03,-4.314888430850e-02,+6.454302710298e-02 }   }
}
    main loop time = 0.110000
        total time = 0.110000
  file   read time = 0.000000
