SDPA-GMP start at Wed Jun  5 23:35:11 2024
*SDP Scan Problem: V = x^2 - 2*x^4 + x^8
* K = 6; eval = -2.5628140703517586; Domain = R+ with BCs: Neumann
data      is /Users/gorg/qmBoot/data/K=6_BC-Neumann_V_0.0_0.0_1.0_0.0_-2.0_0.0_0.0_0.0_1.0/e=-2.5628140703517586_K=6_D=R+.dat
parameter is ./param.sdpa
out       is /Users/gorg/qmBoot/data/K=6_BC-Neumann_V_0.0_0.0_1.0_0.0_-2.0_0.0_0.0_0.0_1.0/e=-2.5628140703517586_K=6_D=R+.out
DENSE computation
   mu      thetaP  thetaD  objP      objD      alphaP  alphaD  beta 
 0 1.0e+20 1.0e+00 1.0e+00 +0.00e+00 -7.02e+09 1.0e+00 9.0e-01 3.00e-01
 1 1.6e+19 8.6e-88 1.0e-01 +1.60e+10 -7.02e+08 9.0e-01 9.0e-01 3.00e-01
 2 2.5e+18 1.7e-87 1.0e-02 +2.46e+10 -7.02e+07 9.0e-01 9.0e-01 3.00e-01
 3 3.8e+17 3.5e-87 1.0e-03 +3.79e+10 -7.02e+06 9.0e-01 9.0e-01 3.00e-01
 4 5.8e+16 3.5e-87 1.0e-04 +5.84e+10 -7.02e+05 9.0e-01 9.0e-01 3.00e-01
 5 9.0e+15 5.2e-87 1.0e-05 +9.00e+10 -7.02e+04 9.0e-01 9.0e-01 3.00e-01
 6 1.4e+15 6.0e-87 1.0e-06 +1.39e+11 -7.02e+03 9.0e-01 9.0e-01 3.00e-01
 7 2.1e+14 6.9e-87 1.0e-07 +2.13e+11 -7.02e+02 9.0e-01 9.0e-01 3.00e-01
 8 3.3e+13 8.6e-87 1.0e-08 +3.29e+11 -7.03e+01 9.0e-01 9.0e-01 3.00e-01
 9 5.1e+12 1.0e-86 1.0e-09 +5.05e+11 -7.10e+00 9.0e-01 9.0e-01 3.00e-01
10 8.2e+11 1.0e-86 9.8e-11 +7.69e+11 -7.82e-01 9.2e-01 9.2e-01 3.00e-01
11 1.7e+11 1.1e-86 7.7e-12 +1.05e+12 -1.49e-01 1.6e+00 1.0e+00 3.00e-01
12 3.7e+10 6.9e-87 1.3e-89 +4.47e+11 -9.47e-02 9.6e-01 9.0e+01 1.00e-01
13 5.0e+09 5.8e-87 1.2e-87 +5.99e+10 -8.90e-02 9.9e-01 9.9e-01 1.00e-01
14 5.4e+08 5.2e-87 1.2e-93 +6.48e+09 -8.97e-02 1.0e+00 1.0e+00 1.00e-01
15 5.6e+07 5.2e-87 2.3e-93 +6.70e+08 -9.02e-02 1.0e+00 1.0e+00 1.00e-01
16 5.7e+06 6.0e-87 4.9e-93 +6.79e+07 -9.06e-02 1.0e+00 1.0e+00 1.00e-01
17 5.7e+05 5.2e-87 2.3e-92 +6.84e+06 -9.10e-02 1.0e+00 1.0e+00 1.00e-01
18 5.7e+04 6.9e-87 5.7e-92 +6.86e+05 -9.14e-02 1.0e+00 1.0e+00 1.00e-01
19 5.7e+03 6.9e-87 2.2e-91 +6.87e+04 -9.17e-02 1.0e+00 1.0e+00 1.00e-01
20 5.7e+02 6.9e-87 5.2e-91 +6.87e+03 -9.20e-02 1.0e+00 1.0e+00 1.00e-01
21 5.7e+01 7.2e-87 2.9e-90 +6.87e+02 -9.22e-02 1.0e+00 3.0e+01 1.00e-01
22 5.8e+00 8.9e-87 3.3e-88 +6.91e+01 -8.60e-02 9.9e-01 2.3e+01 1.00e-01
23 6.3e-01 8.9e-87 6.3e-87 +7.48e+00 -3.41e-02 9.4e-01 5.8e+00 1.00e-01
24 8.8e-02 1.1e-86 3.1e-86 +1.14e+00 +8.58e-02 8.3e-01 1.4e+00 1.00e-01
25 1.7e-02 9.7e-87 1.4e-86 +4.27e-01 +2.23e-01 8.8e-01 9.5e-01 1.00e-01
26 3.1e-03 9.7e-87 7.9e-88 +3.32e-01 +2.95e-01 9.3e-01 9.2e-01 1.00e-01
27 5.4e-04 9.7e-87 7.2e-89 +3.20e-01 +3.14e-01 9.7e-01 9.5e-01 1.00e-01
28 7.5e-05 9.7e-87 3.8e-90 +3.18e-01 +3.17e-01 9.9e-01 9.9e-01 1.00e-01
29 8.3e-06 9.7e-87 6.7e-91 +3.18e-01 +3.18e-01 9.9e-01 1.0e+00 1.00e-01
30 8.6e-07 9.7e-87 2.8e-91 +3.18e-01 +3.18e-01 1.0e+00 1.0e+00 1.00e-01
31 8.6e-08 9.7e-87 2.0e-91 +3.18e-01 +3.18e-01 1.0e+00 1.0e+00 1.00e-01
32 8.6e-09 9.7e-87 1.3e-91 +3.18e-01 +3.18e-01 1.0e+00 1.0e+00 1.00e-01
33 8.6e-10 9.7e-87 8.9e-89 +3.18e-01 +3.18e-01 1.0e+00 1.0e+00 1.00e-01
34 8.6e-11 9.7e-87 3.2e-88 +3.18e-01 +3.18e-01 1.0e+00 1.0e+00 1.00e-01
35 8.6e-12 9.7e-87 6.2e-88 +3.18e-01 +3.18e-01 1.0e+00 1.0e+00 1.00e-01
36 8.6e-13 9.7e-87 6.2e-88 +3.18e-01 +3.18e-01 1.0e+00 1.0e+00 1.00e-01
37 8.6e-14 9.7e-87 6.6e-88 +3.18e-01 +3.18e-01 1.0e+00 1.0e+00 1.00e-01
38 8.6e-15 9.7e-87 5.4e-88 +3.18e-01 +3.18e-01 1.0e+00 1.0e+00 1.00e-01
39 8.6e-16 9.7e-87 7.9e-88 +3.18e-01 +3.18e-01 1.0e+00 1.0e+00 1.00e-01
40 8.6e-17 9.7e-87 8.1e-88 +3.18e-01 +3.18e-01 1.0e+00 1.0e+00 1.00e-01
41 8.6e-18 9.7e-87 7.2e-88 +3.18e-01 +3.18e-01 1.0e+00 1.0e+00 1.00e-01
42 8.6e-19 9.7e-87 6.4e-88 +3.18e-01 +3.18e-01 1.0e+00 1.0e+00 1.00e-01
43 8.6e-20 9.7e-87 7.7e-88 +3.18e-01 +3.18e-01 1.0e+00 1.0e+00 1.00e-01
44 8.6e-21 9.7e-87 9.1e-88 +3.18e-01 +3.18e-01 1.0e+00 1.0e+00 1.00e-01
45 8.6e-22 9.7e-87 2.3e-85 +3.18e-01 +3.18e-01 1.0e+00 1.0e+00 1.00e-01
46 8.6e-23 9.7e-87 3.0e-84 +3.18e-01 +3.18e-01 1.0e+00 1.0e+00 1.00e-01
47 8.6e-24 9.7e-87 1.8e-84 +3.18e-01 +3.18e-01 1.0e+00 1.0e+00 1.00e-01
48 8.6e-25 9.7e-87 6.7e-85 +3.18e-01 +3.18e-01 1.0e+00 1.0e+00 1.00e-01
49 8.6e-26 9.7e-87 4.6e-84 +3.18e-01 +3.18e-01 1.0e+00 1.0e+00 1.00e-01
50 8.6e-27 9.7e-87 9.9e-84 +3.18e-01 +3.18e-01 1.0e+00 1.0e+00 1.00e-01
51 8.6e-28 9.7e-87 3.7e-83 +3.18e-01 +3.18e-01 1.0e+00 1.0e+00 1.00e-01
52 8.6e-29 9.7e-87 4.5e-86 +3.18e-01 +3.18e-01 1.0e+00 1.0e+00 1.00e-01
53 8.6e-30 9.7e-87 8.8e-88 +3.18e-01 +3.18e-01 1.0e+00 1.0e+00 1.00e-01
54 8.6e-31 9.7e-87 8.3e-88 +3.18e-01 +3.18e-01 1.0e+00 1.0e+00 1.00e-01
55 8.6e-32 9.7e-87 1.4e-87 +3.18e-01 +3.18e-01 1.0e+00 1.0e+00 1.00e-01
56 8.6e-33 9.7e-87 4.1e-87 +3.18e-01 +3.18e-01 1.0e+00 1.0e+00 1.00e-01

phase.value = pdOPT     
   Iteration = 56
          mu = 8.6079305057266405e-33
relative gap = 1.0329516606871969e-31
         gap = 1.0329516606871969e-31
      digits = 3.0488568022004948e+01
objValPrimal = 3.1816178915809608e-01
objValDual   = 3.1816178915809608e-01
p.feas.error = 9.7492260643832873e-77
d.feas.error = 4.9393062734400117e-76
relative eps = 8.6361685550944446e-78
total time   = 0.100


Parameters are
maxIteration =    200
epsilonStar  = 1.000e-30
lambdaStar   = 1.000e+10
omegaStar    = 2.000e+00
lowerBound   = -1.000e+05
upperBound   = 1.000e+05
betaStar     = 1.000e-01
betaBar      = 3.000e-01
gammaStar    = 9.000e-01
epsilonDash  = 1.000e-30
precision    =    200

                         Time(sec)  Ratio(% : MainLoop) 
 Predictor time  =       0.030000,  30.000000
 Corrector time  =       0.020000,  20.000000
 Make bMat time  =       0.020000,  20.000000
 Make bDia time  =       0.000000,  0.000000
 Make bF1  time  =       0.010000,  10.000000
 Make bF2  time  =       0.010000,  10.000000
 Make bF3  time  =       0.000000,  0.000000
 Make bPRE time  =       0.010000,  10.000000
 Make rMat time  =       0.020000,  20.000000
 Make gVec Mul   =       0.000000,  0.000000
 Make gVec time  =       0.010000,  10.000000
 Cholesky bMat   =       0.000000,  0.000000
 Ste Pre time    =       0.000000,  0.000000
 Ste Cor time    =       0.030000,  30.000000
 solve           =       0.000000,  0.000000
 sumDz           =       0.000000,  0.000000
 makedX          =       0.000000,  0.000000
 symmetriseDx    =       0.000000,  0.000000
 makedXdZ        =       0.000000,  0.000000
 xMatTime        =       0.000000,  0.000000
 zMatTime        =       0.010000,  10.000000
 invzMatTime     =       0.000000,  0.000000
 xMatzMatTime    =       0.000000,  0.000000
 EigxMatTime     =       0.010000,  10.000000
 EigzMatTime     =       0.020000,  20.000000
 EigxMatzMatTime =       0.000000,  0.000000
 updateRes       =       0.010000,  10.000000
 EigTime         =       0.030000,  30.000000
 sub_total_bMat  =       0.080000,  80.000000
 Main Loop       =       0.100000,  100.000000
 File Check      =       0.000000,  0.000000
 File Change     =       0.000000,  0.000000
 File Read       =       0.000000,  0.000000
 Total           =       0.100000,  100.000000

xVec = 
{-3.181617891581e-01,+8.322468642066e-02,-3.245909506547e-02,+6.446883171833e-03,+2.520537900450e-01,+2.408777810121e-02,+5.584744418922e-03,+2.105512913475e-02}
xMat = 
{
{ {+1.318161789158e+00,+8.322468642066e-02,-3.245909506547e-02,+6.446883171833e-03,+2.520537900450e-01,+2.408777810121e-02 },
  {+8.322468642066e-02,+2.857026940926e-01,+6.446883171833e-03,+2.520537900450e-01,+2.408777810121e-02,+5.584744418922e-03 },
  {-3.245909506547e-02,+6.446883171833e-03,+5.702155792031e-01,+2.408777810121e-02,+5.584744418922e-03,+2.105512913475e-02 },
  {+6.446883171833e-03,+2.520537900450e-01,+2.408777810121e-02,+3.237465335770e-01,+2.105512913475e-02,-1.971146279901e-01 },
  {+2.520537900450e-01,+2.408777810121e-02,+5.584744418922e-03,+2.105512913475e-02,+1.210471611680e-01,-5.141524780746e-02 },
  {+2.408777810121e-02,+5.584744418922e-03,+2.105512913475e-02,-1.971146279901e-01,-5.141524780746e-02,+4.320463835357e-01 }   }
{ {+4.013864755788e-01,-3.245909506547e-02,+6.446883171833e-03,+2.520537900450e-01,+2.408777810121e-02,+5.584744418922e-03 },
  {-3.245909506547e-02,+3.246086723299e-01,+2.520537900450e-01,+2.408777810121e-02,+5.584744418922e-03,+2.105512913475e-02 },
  {+6.446883171833e-03,+2.520537900450e-01,+3.422495672593e-01,+5.584744418922e-03,+2.105512913475e-02,-1.971146279901e-01 },
  {+2.520537900450e-01,+2.408777810121e-02,+5.584744418922e-03,+3.392169182928e-01,-1.971146279901e-01,-5.141524780746e-02 },
  {+2.408777810121e-02,+5.584744418922e-03,+2.105512913475e-02,-1.971146279901e-01,+2.667465413506e-01,+1.138845943776e-01 },
  {+5.584744418922e-03,+2.105512913475e-02,-1.971146279901e-01,-5.141524780746e-02,+1.138845943776e-01,+3.888470549111e-01 }   }
}
yMat = 
{
{ {+1.145146351052e-32,+1.315262010927e-23,+7.588497739725e-25,-1.446397484812e-23,-3.188458793792e-24,-7.185404717559e-24 },
  {+1.315262010927e-23,+1.587514933044e-01,+9.159280328479e-03,-1.745794820329e-01,-3.848454426566e-02,-8.672748994097e-02 },
  {+7.588497739725e-25,+9.159280328479e-03,+5.284511936831e-04,-1.007248739685e-02,-2.220393156033e-03,-5.003804222690e-03 },
  {-1.446397484812e-23,-1.745794820329e-01,-1.007248739685e-02,+1.919855675842e-01,+4.232156601696e-02,+9.537447463803e-02 },
  {-3.188458793792e-24,-3.848454426566e-02,-2.220393156033e-03,+4.232156601696e-02,+9.329424980564e-03,+2.102448207705e-02 },
  {-7.185404717559e-24,-8.672748994097e-02,-5.003804222690e-03,+9.537447463803e-02,+2.102448207705e-02,+4.738007406985e-02 }   }
{ {+5.771397940771e-02,+1.553410355927e-02,-3.560086426237e-03,-8.332126373943e-02,-6.930578957379e-02,+5.806248986525e-03 },
  {+1.553410355927e-02,+9.704765435608e-02,-1.164111494429e-01,-1.046454288719e-02,+2.988135154665e-02,-7.462447666447e-02 },
  {-3.560086426237e-03,-1.164111494429e-01,+1.437522232779e-01,-9.731562353742e-03,-5.606481399088e-02,+9.435886788402e-02 },
  {-8.332126373943e-02,-1.046454288719e-02,-9.731562353742e-03,+1.218311087762e-01,+1.063080233781e-01,-1.819595239929e-02 },
  {-6.930578957379e-02,+2.988135154665e-02,-5.606481399088e-02,+1.063080233781e-01,+1.085922248005e-01,-4.679069424708e-02 },
  {+5.806248986525e-03,-7.462447666447e-02,+9.435886788402e-02,-1.819595239929e-02,-4.679069424708e-02,+6.308779824903e-02 }   }
}
    main loop time = 0.100000
        total time = 0.100000
  file   read time = 0.000000
