SDPA-GMP start at Wed Jun  5 23:35:11 2024
*SDP Scan Problem: V = x^2 - 2*x^4 + x^8
* K = 6; eval = -3.065326633165829; Domain = R+ with BCs: Neumann
data      is /Users/gorg/qmBoot/data/K=6_BC-Neumann_V_0.0_0.0_1.0_0.0_-2.0_0.0_0.0_0.0_1.0/e=-3.065326633165829_K=6_D=R+.dat
parameter is ./param.sdpa
out       is /Users/gorg/qmBoot/data/K=6_BC-Neumann_V_0.0_0.0_1.0_0.0_-2.0_0.0_0.0_0.0_1.0/e=-3.065326633165829_K=6_D=R+.out
DENSE computation
   mu      thetaP  thetaD  objP      objD      alphaP  alphaD  beta 
 0 1.0e+20 1.0e+00 1.0e+00 +0.00e+00 -6.01e+09 1.0e+00 9.0e-01 3.00e-01
 1 1.6e+19 8.6e-88 1.0e-01 +1.60e+10 -6.01e+08 9.0e-01 9.0e-01 3.00e-01
 2 2.5e+18 2.6e-87 1.0e-02 +2.46e+10 -6.01e+07 9.0e-01 9.0e-01 3.00e-01
 3 3.8e+17 3.5e-87 1.0e-03 +3.79e+10 -6.01e+06 9.0e-01 9.0e-01 3.00e-01
 4 5.8e+16 4.3e-87 1.0e-04 +5.84e+10 -6.01e+05 9.0e-01 9.0e-01 3.00e-01
 5 9.0e+15 8.6e-87 1.0e-05 +9.00e+10 -6.01e+04 9.0e-01 9.0e-01 3.00e-01
 6 1.4e+15 8.6e-87 1.0e-06 +1.39e+11 -6.01e+03 9.0e-01 9.0e-01 3.00e-01
 7 2.1e+14 1.2e-86 1.0e-07 +2.13e+11 -6.01e+02 9.0e-01 9.0e-01 3.00e-01
 8 3.3e+13 1.3e-86 1.0e-08 +3.29e+11 -6.02e+01 9.0e-01 9.0e-01 3.00e-01
 9 5.1e+12 1.5e-86 1.0e-09 +5.05e+11 -6.09e+00 9.0e-01 9.0e-01 3.00e-01
10 8.2e+11 1.7e-86 9.8e-11 +7.69e+11 -6.82e-01 9.2e-01 9.2e-01 3.00e-01
11 1.7e+11 2.0e-86 7.6e-12 +1.05e+12 -1.39e-01 1.6e+00 1.0e+00 3.00e-01
12 3.8e+10 1.5e-86 2.0e-94 +4.51e+11 -8.95e-02 9.6e-01 9.0e+01 1.00e-01
13 5.0e+09 1.5e-86 3.3e-92 +6.04e+10 -7.72e-02 9.9e-01 9.9e-01 1.00e-01
14 5.4e+08 1.4e-86 9.6e-94 +6.53e+09 -7.83e-02 1.0e+00 1.0e+00 1.00e-01
15 5.6e+07 1.3e-86 1.8e-93 +6.71e+08 -7.92e-02 1.0e+00 1.0e+00 1.00e-01
16 5.7e+06 1.1e-86 6.2e-93 +6.80e+07 -8.00e-02 1.0e+00 1.0e+00 1.00e-01
17 5.7e+05 9.5e-87 1.9e-92 +6.83e+06 -8.08e-02 1.0e+00 1.0e+00 1.00e-01
18 5.7e+04 9.5e-87 5.8e-92 +6.85e+05 -8.15e-02 1.0e+00 1.0e+00 1.00e-01
19 5.7e+03 1.0e-86 2.0e-91 +6.85e+04 -8.21e-02 1.0e+00 1.0e+00 1.00e-01
20 5.7e+02 1.5e-86 7.0e-91 +6.85e+03 -8.27e-02 1.0e+00 1.0e+00 1.00e-01
21 5.7e+01 1.2e-86 2.3e-90 +6.86e+02 -8.31e-02 1.0e+00 3.2e+01 1.00e-01
22 5.8e+00 1.5e-86 4.5e-88 +6.90e+01 -8.13e-02 9.9e-01 2.1e+01 1.00e-01
23 6.3e-01 1.6e-86 8.3e-87 +7.59e+00 -1.78e-02 9.4e-01 6.0e+00 1.00e-01
24 9.0e-02 1.6e-86 4.2e-86 +1.21e+00 +1.35e-01 8.5e-01 1.3e+00 1.00e-01
25 1.7e-02 1.5e-86 1.4e-86 +4.84e-01 +2.83e-01 8.8e-01 9.8e-01 1.00e-01
26 2.8e-03 1.5e-86 3.6e-88 +3.93e-01 +3.59e-01 9.2e-01 9.1e-01 1.00e-01
27 5.0e-04 1.5e-86 7.2e-89 +3.82e-01 +3.76e-01 9.8e-01 9.4e-01 1.00e-01
28 7.3e-05 1.5e-86 1.9e-90 +3.81e-01 +3.80e-01 9.7e-01 9.9e-01 1.00e-01
29 8.4e-06 1.5e-86 8.5e-91 +3.80e-01 +3.80e-01 9.9e-01 1.0e+00 1.00e-01
30 8.5e-07 1.5e-86 5.6e-91 +3.80e-01 +3.80e-01 9.9e-01 1.0e+00 1.00e-01
31 8.6e-08 1.5e-86 3.4e-91 +3.80e-01 +3.80e-01 9.9e-01 1.0e+00 1.00e-01
32 8.6e-09 1.5e-86 1.1e-91 +3.80e-01 +3.80e-01 9.9e-01 1.0e+00 1.00e-01
33 8.6e-10 1.5e-86 6.3e-92 +3.80e-01 +3.80e-01 9.9e-01 1.0e+00 1.00e-01
34 8.6e-11 1.5e-86 3.0e-88 +3.80e-01 +3.80e-01 9.9e-01 1.0e+00 1.00e-01
35 8.6e-12 1.5e-86 4.4e-88 +3.80e-01 +3.80e-01 9.9e-01 1.0e+00 1.00e-01
36 8.6e-13 1.5e-86 5.2e-88 +3.80e-01 +3.80e-01 9.9e-01 1.0e+00 1.00e-01
37 8.6e-14 1.5e-86 5.3e-88 +3.80e-01 +3.80e-01 9.9e-01 1.0e+00 1.00e-01
38 8.6e-15 1.5e-86 7.3e-88 +3.80e-01 +3.80e-01 9.9e-01 1.0e+00 1.00e-01
39 8.6e-16 1.5e-86 6.9e-88 +3.80e-01 +3.80e-01 9.9e-01 1.0e+00 1.00e-01
40 8.6e-17 1.5e-86 6.9e-88 +3.80e-01 +3.80e-01 9.9e-01 1.0e+00 1.00e-01
41 8.6e-18 1.5e-86 9.0e-88 +3.80e-01 +3.80e-01 9.9e-01 1.0e+00 1.00e-01
42 8.6e-19 1.5e-86 6.5e-88 +3.80e-01 +3.80e-01 9.9e-01 1.0e+00 1.00e-01
43 8.6e-20 1.5e-86 6.2e-88 +3.80e-01 +3.80e-01 9.9e-01 1.0e+00 1.00e-01
44 8.6e-21 1.5e-86 6.2e-88 +3.80e-01 +3.80e-01 9.9e-01 1.0e+00 1.00e-01
45 8.6e-22 1.5e-86 5.5e-86 +3.80e-01 +3.80e-01 9.9e-01 1.0e+00 1.00e-01
46 8.6e-23 1.5e-86 9.2e-85 +3.80e-01 +3.80e-01 9.9e-01 1.0e+00 1.00e-01
47 8.6e-24 1.5e-86 3.8e-85 +3.80e-01 +3.80e-01 9.9e-01 1.0e+00 1.00e-01
48 8.6e-25 1.5e-86 4.5e-85 +3.80e-01 +3.80e-01 9.9e-01 1.0e+00 1.00e-01
49 8.6e-26 1.5e-86 3.6e-84 +3.80e-01 +3.80e-01 9.9e-01 1.0e+00 1.00e-01
50 8.6e-27 1.5e-86 2.8e-84 +3.80e-01 +3.80e-01 9.9e-01 1.0e+00 1.00e-01
51 8.6e-28 1.5e-86 1.1e-86 +3.80e-01 +3.80e-01 9.9e-01 1.0e+00 1.00e-01
52 8.6e-29 1.5e-86 9.2e-88 +3.80e-01 +3.80e-01 9.9e-01 1.0e+00 1.00e-01
53 8.6e-30 1.5e-86 8.2e-88 +3.80e-01 +3.80e-01 9.9e-01 1.0e+00 1.00e-01
54 8.6e-31 1.5e-86 9.8e-88 +3.80e-01 +3.80e-01 9.9e-01 1.0e+00 1.00e-01
55 8.6e-32 1.5e-86 7.9e-88 +3.80e-01 +3.80e-01 9.9e-01 1.0e+00 1.00e-01
56 8.6e-33 1.5e-86 9.5e-88 +3.80e-01 +3.80e-01 9.9e-01 1.0e+00 1.00e-01

phase.value = pdOPT     
   Iteration = 56
          mu = 8.5965240663674653e-33
relative gap = 1.0315828879640958e-31
         gap = 1.0315828879640958e-31
      digits = 3.0566763811118935e+01
objValPrimal = 3.8042402875369298e-01
objValDual   = 3.8042402875369298e-01
p.feas.error = 1.5405594988887561e-76
d.feas.error = 1.1420851381515224e-76
relative eps = 8.6361685550944446e-78
total time   = 0.110


Parameters are
maxIteration =    200
epsilonStar  = 1.000e-30
lambdaStar   = 1.000e+10
omegaStar    = 2.000e+00
lowerBound   = -1.000e+05
upperBound   = 1.000e+05
betaStar     = 1.000e-01
betaBar      = 3.000e-01
gammaStar    = 9.000e-01
epsilonDash  = 1.000e-30
precision    =    200

                         Time(sec)  Ratio(% : MainLoop) 
 Predictor time  =       0.060000,  54.545455
 Corrector time  =       0.010000,  9.090909
 Make bMat time  =       0.040000,  36.363636
 Make bDia time  =       0.000000,  0.000000
 Make bF1  time  =       0.000000,  0.000000
 Make bF2  time  =       0.040000,  36.363636
 Make bF3  time  =       0.000000,  0.000000
 Make bPRE time  =       0.010000,  9.090909
 Make rMat time  =       0.000000,  0.000000
 Make gVec Mul   =       0.000000,  0.000000
 Make gVec time  =       0.000000,  0.000000
 Cholesky bMat   =       0.000000,  0.000000
 Ste Pre time    =       0.000000,  0.000000
 Ste Cor time    =       0.040000,  36.363636
 solve           =       0.000000,  0.000000
 sumDz           =       0.010000,  9.090909
 makedX          =       0.020000,  18.181818
 symmetriseDx    =       0.000000,  0.000000
 makedXdZ        =       0.030000,  27.272727
 xMatTime        =       0.000000,  0.000000
 zMatTime        =       0.000000,  0.000000
 invzMatTime     =       0.000000,  0.000000
 xMatzMatTime    =       0.000000,  0.000000
 EigxMatTime     =       0.030000,  27.272727
 EigzMatTime     =       0.010000,  9.090909
 EigxMatzMatTime =       0.000000,  0.000000
 updateRes       =       0.000000,  0.000000
 EigTime         =       0.040000,  36.363636
 sub_total_bMat  =       0.070000,  63.636364
 Main Loop       =       0.110000,  100.000000
 File Check      =       0.000000,  0.000000
 File Change     =       0.000000,  0.000000
 File Read       =       0.000000,  0.000000
 Total           =       0.110000,  100.000000

xVec = 
{-3.804240287537e-01,+6.973639279305e-02,-5.614146436193e-02,-3.448758803147e-03,+2.877747462078e-01,+1.623145007826e-02,+4.582801173645e-04,+1.718954050488e-02}
xMat = 
{
{ {+1.380424028754e+00,+6.973639279305e-02,-5.614146436193e-02,-3.448758803147e-03,+2.877747462078e-01,+1.623145007826e-02 },
  {+6.973639279305e-02,+3.242825643918e-01,-3.448758803147e-03,+2.877747462078e-01,+1.623145007826e-02,+4.582801173645e-04 },
  {-5.614146436193e-02,-3.448758803147e-03,+6.681987749615e-01,+1.623145007826e-02,+4.582801173645e-04,+1.718954050488e-02 },
  {-3.448758803147e-03,+2.877747462078e-01,+1.623145007826e-02,+3.808823088711e-01,+1.718954050488e-02,-2.452790454391e-01 },
  {+2.877747462078e-01,+1.623145007826e-02,+4.582801173645e-04,+1.718954050488e-02,+1.351449833146e-01,-5.616885421347e-02 },
  {+1.623145007826e-02,+4.582801173645e-04,+1.718954050488e-02,-2.452790454391e-01,-5.616885421347e-02,+5.046753993456e-01 }   }
{ {+4.501604215467e-01,-5.614146436193e-02,-3.448758803147e-03,+2.877747462078e-01,+1.623145007826e-02,+4.582801173645e-04 },
  {-5.614146436193e-02,+3.769752699505e-01,+2.877747462078e-01,+1.623145007826e-02,+4.582801173645e-04,+1.718954050488e-02 },
  {-3.448758803147e-03,+2.877747462078e-01,+3.966554788320e-01,+4.582801173645e-04,+1.718954050488e-02,-2.452790454391e-01 },
  {+2.877747462078e-01,+1.623145007826e-02,+4.582801173645e-04,+3.976135692586e-01,-2.452790454391e-01,-5.616885421347e-02 },
  {+1.623145007826e-02,+4.582801173645e-04,+1.718954050488e-02,-2.452790454391e-01,+3.242551745402e-01,+1.242513705919e-01 },
  {+4.582801173645e-04,+1.718954050488e-02,-2.452790454391e-01,-5.616885421347e-02,+1.242513705919e-01,+4.536517639122e-01 }   }
}
yMat = 
{
{ {+1.154892714429e-32,+1.305251263190e-23,+6.128137434527e-25,-1.453132712241e-23,-2.799840817688e-24,-7.406760058005e-24 },
  {+1.305251263190e-23,+1.864277293538e-01,+8.752757244638e-03,-2.075494884459e-01,-3.998984533122e-02,-1.057900112942e-01 },
  {+6.128137434527e-25,+8.752757244638e-03,+4.109407953909e-04,-9.744421041399e-03,-1.877517951048e-03,-4.966827043247e-03 },
  {-1.453132712241e-23,-2.075494884459e-01,-9.744421041399e-03,+2.310642858949e-01,+4.452058698721e-02,+1.177757343443e-01 },
  {-2.799840817688e-24,-3.998984533122e-02,-1.877517951048e-03,+4.452058698721e-02,+8.578057219054e-03,+2.269258014302e-02 },
  {-7.406760058005e-24,-1.057900112942e-01,-4.966827043247e-03,+1.177757343443e-01,+2.269258014302e-02,+6.003144772732e-02 }   }
{ {+4.701754941794e-02,+2.344872224022e-03,+9.354515284419e-03,-6.959165714911e-02,-6.041991539640e-02,+1.285344004672e-02 },
  {+2.344872224022e-03,+7.799830994643e-02,-9.836600982406e-02,+8.426785531218e-03,+3.628257205720e-02,-6.503620061791e-02 },
  {+9.354515284419e-03,-9.836600982406e-02,+1.272810295887e-01,-2.894388162954e-02,-6.188800593741e-02,+8.590261728304e-02 },
  {-6.959165714911e-02,+8.426785531218e-03,-2.894388162954e-02,+1.048215738918e-01,+9.543177588868e-02,-2.905777085920e-02 },
  {-6.041991539640e-02,+3.628257205720e-02,-6.188800593741e-02,+9.543177588868e-02,+9.746975867216e-02,-4.965544478726e-02 },
  {+1.285344004672e-02,-6.503620061791e-02,+8.590261728304e-02,-2.905777085920e-02,-4.965544478726e-02,+5.889931749251e-02 }   }
}
    main loop time = 0.110000
        total time = 0.110000
  file   read time = 0.000000
