SDPA-GMP start at Wed Jun  5 23:35:11 2024
*SDP Scan Problem: V = x^2 - 2*x^4 + x^8
* K = 6; eval = -3.165829145728643; Domain = R+ with BCs: Neumann
data      is /Users/gorg/qmBoot/data/K=6_BC-Neumann_V_0.0_0.0_1.0_0.0_-2.0_0.0_0.0_0.0_1.0/e=-3.165829145728643_K=6_D=R+.dat
parameter is ./param.sdpa
out       is /Users/gorg/qmBoot/data/K=6_BC-Neumann_V_0.0_0.0_1.0_0.0_-2.0_0.0_0.0_0.0_1.0/e=-3.165829145728643_K=6_D=R+.out
DENSE computation
   mu      thetaP  thetaD  objP      objD      alphaP  alphaD  beta 
 0 1.0e+20 1.0e+00 1.0e+00 +0.00e+00 -5.81e+09 1.0e+00 9.0e-01 3.00e-01
 1 1.6e+19 8.6e-88 1.0e-01 +1.60e+10 -5.81e+08 9.0e-01 9.0e-01 3.00e-01
 2 2.5e+18 2.6e-87 1.0e-02 +2.46e+10 -5.81e+07 9.0e-01 9.0e-01 3.00e-01
 3 3.8e+17 5.2e-87 1.0e-03 +3.79e+10 -5.81e+06 9.0e-01 9.0e-01 3.00e-01
 4 5.8e+16 5.2e-87 1.0e-04 +5.84e+10 -5.81e+05 9.0e-01 9.0e-01 3.00e-01
 5 9.0e+15 7.8e-87 1.0e-05 +9.00e+10 -5.81e+04 9.0e-01 9.0e-01 3.00e-01
 6 1.4e+15 7.8e-87 1.0e-06 +1.39e+11 -5.81e+03 9.0e-01 9.0e-01 3.00e-01
 7 2.1e+14 8.6e-87 1.0e-07 +2.13e+11 -5.81e+02 9.0e-01 9.0e-01 3.00e-01
 8 3.3e+13 1.1e-86 1.0e-08 +3.29e+11 -5.82e+01 9.0e-01 9.0e-01 3.00e-01
 9 5.1e+12 9.5e-87 1.0e-09 +5.05e+11 -5.89e+00 9.0e-01 9.0e-01 3.00e-01
10 8.2e+11 1.0e-86 9.8e-11 +7.69e+11 -6.62e-01 9.2e-01 9.2e-01 3.00e-01
11 1.7e+11 1.2e-86 7.6e-12 +1.05e+12 -1.37e-01 1.6e+00 1.0e+00 3.00e-01
12 3.8e+10 1.0e-86 3.0e-94 +4.52e+11 -8.86e-02 9.6e-01 9.0e+01 1.00e-01
13 5.0e+09 9.5e-87 5.4e-92 +6.05e+10 -7.58e-02 9.9e-01 9.9e-01 1.00e-01
14 5.4e+08 6.9e-87 9.0e-94 +6.53e+09 -7.69e-02 1.0e+00 1.0e+00 1.00e-01
15 5.6e+07 7.8e-87 1.4e-93 +6.72e+08 -7.78e-02 1.0e+00 1.0e+00 1.00e-01
16 5.7e+06 7.8e-87 6.3e-93 +6.80e+07 -7.86e-02 1.0e+00 1.0e+00 1.00e-01
17 5.7e+05 8.6e-87 1.4e-92 +6.84e+06 -7.94e-02 1.0e+00 1.0e+00 1.00e-01
18 5.7e+04 1.0e-86 6.2e-92 +6.85e+05 -8.02e-02 1.0e+00 1.0e+00 1.00e-01
19 5.7e+03 9.5e-87 2.0e-91 +6.86e+04 -8.08e-02 1.0e+00 1.0e+00 1.00e-01
20 5.7e+02 1.0e-86 5.1e-91 +6.86e+03 -8.14e-02 1.0e+00 1.0e+00 1.00e-01
21 5.7e+01 1.1e-86 1.0e-90 +6.86e+02 -8.18e-02 1.0e+00 3.3e+01 1.00e-01
22 5.8e+00 1.2e-86 2.4e-88 +6.90e+01 -7.98e-02 9.9e-01 2.1e+01 1.00e-01
23 6.4e-01 1.3e-86 3.7e-87 +7.62e+00 -1.52e-02 9.3e-01 5.9e+00 1.00e-01
24 9.0e-02 1.2e-86 1.9e-86 +1.23e+00 +1.44e-01 8.5e-01 1.3e+00 1.00e-01
25 1.7e-02 1.2e-86 6.1e-87 +4.96e-01 +2.95e-01 8.9e-01 9.8e-01 1.00e-01
26 2.8e-03 1.2e-86 2.2e-88 +4.05e-01 +3.72e-01 9.2e-01 9.1e-01 1.00e-01
27 5.0e-04 1.2e-86 7.2e-89 +3.95e-01 +3.89e-01 9.8e-01 9.3e-01 1.00e-01
28 7.4e-05 1.2e-86 5.2e-90 +3.93e-01 +3.92e-01 9.7e-01 9.9e-01 1.00e-01
29 8.5e-06 1.2e-86 5.1e-90 +3.93e-01 +3.93e-01 9.9e-01 1.0e+00 1.00e-01
30 8.7e-07 1.2e-86 1.3e-90 +3.93e-01 +3.93e-01 9.9e-01 1.0e+00 1.00e-01
31 8.8e-08 1.2e-86 5.1e-91 +3.93e-01 +3.93e-01 9.9e-01 1.0e+00 1.00e-01
32 8.8e-09 1.2e-86 1.5e-91 +3.93e-01 +3.93e-01 9.9e-01 1.0e+00 1.00e-01
33 8.8e-10 1.2e-86 7.2e-92 +3.93e-01 +3.93e-01 9.9e-01 1.0e+00 1.00e-01
34 8.8e-11 1.2e-86 2.6e-88 +3.93e-01 +3.93e-01 9.9e-01 1.0e+00 1.00e-01
35 8.8e-12 1.2e-86 4.4e-88 +3.93e-01 +3.93e-01 9.9e-01 1.0e+00 1.00e-01
36 8.8e-13 1.2e-86 5.7e-88 +3.93e-01 +3.93e-01 9.9e-01 1.0e+00 1.00e-01
37 8.8e-14 1.2e-86 1.0e-87 +3.93e-01 +3.93e-01 9.9e-01 1.0e+00 1.00e-01
38 8.8e-15 1.2e-86 4.6e-88 +3.93e-01 +3.93e-01 9.9e-01 1.0e+00 1.00e-01
39 8.8e-16 1.2e-86 6.4e-88 +3.93e-01 +3.93e-01 9.9e-01 1.0e+00 1.00e-01
40 8.8e-17 1.2e-86 6.3e-88 +3.93e-01 +3.93e-01 9.9e-01 1.0e+00 1.00e-01
41 8.8e-18 1.2e-86 1.0e-87 +3.93e-01 +3.93e-01 9.9e-01 1.0e+00 1.00e-01
42 8.8e-19 1.2e-86 6.0e-88 +3.93e-01 +3.93e-01 9.9e-01 1.0e+00 1.00e-01
43 8.8e-20 1.2e-86 9.2e-88 +3.93e-01 +3.93e-01 9.9e-01 1.0e+00 1.00e-01
44 8.8e-21 1.2e-86 6.9e-88 +3.93e-01 +3.93e-01 9.9e-01 1.0e+00 1.00e-01
45 8.8e-22 1.2e-86 6.9e-86 +3.93e-01 +3.93e-01 9.9e-01 1.0e+00 1.00e-01
46 8.8e-23 1.2e-86 4.3e-85 +3.93e-01 +3.93e-01 9.9e-01 1.0e+00 1.00e-01
47 8.8e-24 1.2e-86 1.9e-85 +3.93e-01 +3.93e-01 9.9e-01 1.0e+00 1.00e-01
48 8.8e-25 1.2e-86 3.0e-85 +3.93e-01 +3.93e-01 9.9e-01 1.0e+00 1.00e-01
49 8.8e-26 1.2e-86 2.8e-84 +3.93e-01 +3.93e-01 9.9e-01 1.0e+00 1.00e-01
50 8.8e-27 1.2e-86 4.5e-84 +3.93e-01 +3.93e-01 9.9e-01 1.0e+00 1.00e-01
51 8.8e-28 1.2e-86 2.0e-86 +3.93e-01 +3.93e-01 9.9e-01 1.0e+00 1.00e-01
52 8.8e-29 1.2e-86 6.4e-88 +3.93e-01 +3.93e-01 9.9e-01 1.0e+00 1.00e-01
53 8.8e-30 1.2e-86 9.3e-88 +3.93e-01 +3.93e-01 9.9e-01 1.0e+00 1.00e-01
54 8.8e-31 1.2e-86 1.0e-87 +3.93e-01 +3.93e-01 9.9e-01 1.0e+00 1.00e-01
55 8.8e-32 1.2e-86 8.4e-88 +3.93e-01 +3.93e-01 9.9e-01 1.0e+00 1.00e-01
56 8.8e-33 1.2e-86 7.5e-88 +3.93e-01 +3.93e-01 9.9e-01 1.0e+00 1.00e-01

phase.value = pdOPT     
   Iteration = 56
          mu = 8.7805494877523001e-33
relative gap = 1.0536659385302760e-31
         gap = 1.0536659385302760e-31
      digits = 3.0571559063162155e+01
objValPrimal = 3.9288188440433809e-01
objValDual   = 3.9288188440433809e-01
p.feas.error = 1.2400596872475820e-76
d.feas.error = 8.9535984761512628e-77
relative eps = 8.6361685550944446e-78
total time   = 0.110


Parameters are
maxIteration =    200
epsilonStar  = 1.000e-30
lambdaStar   = 1.000e+10
omegaStar    = 2.000e+00
lowerBound   = -1.000e+05
upperBound   = 1.000e+05
betaStar     = 1.000e-01
betaBar      = 3.000e-01
gammaStar    = 9.000e-01
epsilonDash  = 1.000e-30
precision    =    200

                         Time(sec)  Ratio(% : MainLoop) 
 Predictor time  =       0.040000,  36.363636
 Corrector time  =       0.020000,  18.181818
 Make bMat time  =       0.010000,  9.090909
 Make bDia time  =       0.000000,  0.000000
 Make bF1  time  =       0.010000,  9.090909
 Make bF2  time  =       0.000000,  0.000000
 Make bF3  time  =       0.000000,  0.000000
 Make bPRE time  =       0.010000,  9.090909
 Make rMat time  =       0.000000,  0.000000
 Make gVec Mul   =       0.000000,  0.000000
 Make gVec time  =       0.000000,  0.000000
 Cholesky bMat   =       0.000000,  0.000000
 Ste Pre time    =       0.000000,  0.000000
 Ste Cor time    =       0.040000,  36.363636
 solve           =       0.000000,  0.000000
 sumDz           =       0.000000,  0.000000
 makedX          =       0.040000,  36.363636
 symmetriseDx    =       0.000000,  0.000000
 makedXdZ        =       0.040000,  36.363636
 xMatTime        =       0.000000,  0.000000
 zMatTime        =       0.000000,  0.000000
 invzMatTime     =       0.000000,  0.000000
 xMatzMatTime    =       0.000000,  0.000000
 EigxMatTime     =       0.000000,  0.000000
 EigzMatTime     =       0.040000,  36.363636
 EigxMatzMatTime =       0.000000,  0.000000
 updateRes       =       0.010000,  9.090909
 EigTime         =       0.040000,  36.363636
 sub_total_bMat  =       0.100000,  90.909091
 Main Loop       =       0.110000,  100.000000
 File Check      =       0.000000,  0.000000
 File Change     =       0.000000,  0.000000
 File Read       =       0.000000,  0.000000
 Total           =       0.110000,  100.000000

xVec = 
{-3.928818844043e-01,+6.786207038966e-02,-6.023042348758e-02,-5.004026683105e-03,+2.954530176752e-01,+1.483890009624e-02,-2.359474171061e-04,+1.652305366463e-02}
xMat = 
{
{ {+1.392881884404e+00,+6.786207038966e-02,-6.023042348758e-02,-5.004026683105e-03,+2.954530176752e-01,+1.483890009624e-02 },
  {+6.786207038966e-02,+3.326514609168e-01,-5.004026683105e-03,+2.954530176752e-01,+1.483890009624e-02,-2.359474171061e-04 },
  {-6.023042348758e-02,-5.004026683105e-03,+6.883349020795e-01,+1.483890009624e-02,-2.359474171061e-04,+1.652305366463e-02 },
  {-5.004026683105e-03,+2.954530176752e-01,+1.483890009624e-02,+3.926459369872e-01,+1.652305366463e-02,-2.545300385405e-01 },
  {+2.954530176752e-01,+1.483890009624e-02,-2.359474171061e-04,+1.652305366463e-02,+1.383518458639e-01,-5.743187530764e-02 },
  {+1.483890009624e-02,-2.359474171061e-04,+1.652305366463e-02,-2.545300385405e-01,-5.743187530764e-02,+5.197199051955e-01 }   }
{ {+4.607439547940e-01,-6.023042348758e-02,-5.004026683105e-03,+2.954530176752e-01,+1.483890009624e-02,-2.359474171061e-04 },
  {-6.023042348758e-02,+3.878778577212e-01,+2.954530176752e-01,+1.483890009624e-02,-2.359474171061e-04,+1.652305366463e-02 },
  {-5.004026683105e-03,+2.954530176752e-01,+4.077207845006e-01,-2.359474171061e-04,+1.652305366463e-02,-2.545300385405e-01 },
  {+2.954530176752e-01,+1.483890009624e-02,-2.359474171061e-04,+4.094049380690e-01,-2.545300385405e-01,-5.743187530764e-02 },
  {+1.483890009624e-02,-2.359474171061e-04,+1.652305366463e-02,-2.545300385405e-01,+3.354500090967e-01,+1.268380207911e-01 },
  {-2.359474171061e-04,+1.652305366463e-02,-2.545300385405e-01,-5.743187530764e-02,+1.268380207911e-01,+4.672096518931e-01 }   }
}
yMat = 
{
{ {+1.182635628519e-32,+1.415126955652e-23,+6.357479045809e-25,-1.577883396784e-23,-2.982661125303e-24,-8.070986966785e-24 },
  {+1.415126955652e-23,+1.906250386739e-01,+8.563858401128e-03,-2.125491867057e-01,-4.017801265053e-02,-1.087204364085e-01 },
  {+6.357479045809e-25,+8.563858401128e-03,+3.847326207762e-04,-9.548804033746e-03,-1.805003233424e-03,-4.884281882318e-03 },
  {-1.577883396784e-23,-2.125491867057e-01,-9.548804033746e-03,+2.369948726753e-01,+4.479896225454e-02,+1.212245804521e-01 },
  {-2.982661125303e-24,-4.017801265053e-02,-1.805003233424e-03,+4.479896225454e-02,+8.468314088100e-03,+2.291499112488e-02 },
  {-8.070986966785e-24,-1.087204364085e-01,-4.884281882318e-03,+1.212245804521e-01,+2.291499112488e-02,+6.200724403823e-02 }   }
{ {+4.546611221484e-02,+2.963362697184e-04,+1.144732968385e-02,-6.766276797107e-02,-5.921136101137e-02,+1.400607341202e-02 },
  {+2.963362697184e-04,+7.503404597762e-02,-9.543919741377e-02,+1.129499098101e-02,+3.727525225831e-02,-6.337859423904e-02 },
  {+1.144732968385e-02,-9.543919741377e-02,+1.244686144364e-01,-3.197554387387e-02,-6.284970652001e-02,+8.432181559617e-02 },
  {-6.766276797107e-02,+1.129499098101e-02,-3.197554387387e-02,+1.025315428082e-01,+9.400917556038e-02,-3.077138482991e-02 },
  {-5.921136101137e-02,+3.727525225831e-02,-6.284970652001e-02,+9.400917556038e-02,+9.601548191381e-02,-5.009806696367e-02 },
  {+1.400607341202e-02,-6.337859423904e-02,+8.432181559617e-02,-3.077138482991e-02,-5.009806696367e-02,+5.800400055280e-02 }   }
}
    main loop time = 0.110000
        total time = 0.110000
  file   read time = 0.000000
