SDPA-GMP start at Wed Jun  5 23:35:11 2024
*SDP Scan Problem: V = x^2 - 2*x^4 + x^8
* K = 6; eval = -4.773869346733668; Domain = R+ with BCs: Neumann
data      is /Users/gorg/qmBoot/data/K=6_BC-Neumann_V_0.0_0.0_1.0_0.0_-2.0_0.0_0.0_0.0_1.0/e=-4.773869346733668_K=6_D=R+.dat
parameter is ./param.sdpa
out       is /Users/gorg/qmBoot/data/K=6_BC-Neumann_V_0.0_0.0_1.0_0.0_-2.0_0.0_0.0_0.0_1.0/e=-4.773869346733668_K=6_D=R+.out
DENSE computation
   mu      thetaP  thetaD  objP      objD      alphaP  alphaD  beta 
 0 1.0e+20 1.0e+00 1.0e+00 +0.00e+00 -2.60e+09 1.0e+00 9.0e-01 3.00e-01
 1 1.6e+19 8.6e-88 1.0e-01 +1.60e+10 -2.60e+08 9.0e-01 9.0e-01 3.00e-01
 2 2.5e+18 2.6e-87 1.0e-02 +2.46e+10 -2.60e+07 9.0e-01 9.0e-01 3.00e-01
 3 3.8e+17 1.7e-87 1.0e-03 +3.79e+10 -2.60e+06 9.0e-01 9.0e-01 3.00e-01
 4 5.8e+16 3.5e-87 1.0e-04 +5.84e+10 -2.60e+05 9.0e-01 9.0e-01 3.00e-01
 5 9.0e+15 3.5e-87 1.0e-05 +9.00e+10 -2.60e+04 9.0e-01 9.0e-01 3.00e-01
 6 1.4e+15 4.3e-87 1.0e-06 +1.39e+11 -2.60e+03 9.0e-01 9.0e-01 3.00e-01
 7 2.1e+14 6.9e-87 1.0e-07 +2.13e+11 -2.60e+02 9.0e-01 9.0e-01 3.00e-01
 8 3.3e+13 8.6e-87 1.0e-08 +3.29e+11 -2.60e+01 9.0e-01 9.0e-01 3.00e-01
 9 5.1e+12 1.1e-86 1.0e-09 +5.05e+11 -2.68e+00 9.0e-01 9.0e-01 3.00e-01
10 8.2e+11 1.3e-86 9.8e-11 +7.69e+11 -3.45e-01 9.2e-01 9.2e-01 3.00e-01
11 1.7e+11 1.4e-86 7.8e-12 +1.05e+12 -1.09e-01 1.6e+00 1.0e+00 3.00e-01
12 3.9e+10 1.3e-86 1.9e-89 +4.62e+11 -7.68e-02 9.6e-01 9.0e+01 1.00e-01
13 5.1e+09 1.5e-86 1.7e-87 +6.17e+10 -6.09e-02 9.9e-01 9.9e-01 1.00e-01
14 5.6e+08 1.6e-86 1.2e-93 +6.72e+09 -6.16e-02 1.0e+00 1.0e+00 1.00e-01
15 5.8e+07 1.6e-86 2.3e-93 +6.91e+08 -6.25e-02 1.0e+00 1.0e+00 1.00e-01
16 5.8e+06 1.9e-86 6.7e-93 +7.00e+07 -6.34e-02 1.0e+00 1.0e+00 1.00e-01
17 5.9e+05 2.1e-86 1.4e-92 +7.03e+06 -6.42e-02 1.0e+00 1.0e+00 1.00e-01
18 5.9e+04 2.3e-86 6.2e-92 +7.04e+05 -6.49e-02 1.0e+00 1.0e+00 1.00e-01
19 5.9e+03 2.3e-86 2.1e-91 +7.04e+04 -6.56e-02 1.0e+00 1.0e+00 1.00e-01
20 5.9e+02 2.6e-86 7.4e-91 +7.04e+03 -6.62e-02 1.0e+00 1.0e+00 1.00e-01
21 5.9e+01 2.7e-86 2.8e-90 +7.05e+02 -6.67e-02 1.0e+00 3.4e+01 1.00e-01
22 5.9e+00 2.8e-86 3.7e-88 +7.11e+01 -5.32e-02 9.8e-01 1.9e+01 1.00e-01
23 6.7e-01 2.7e-86 5.6e-87 +8.07e+00 +4.00e-02 9.2e-01 4.8e+00 1.00e-01
24 9.9e-02 2.8e-86 2.2e-86 +1.48e+00 +2.94e-01 8.6e-01 1.2e+00 1.00e-01
25 1.8e-02 2.6e-86 4.6e-87 +6.97e-01 +4.84e-01 8.8e-01 9.4e-01 1.00e-01
26 3.3e-03 2.6e-86 3.6e-88 +6.07e-01 +5.68e-01 9.3e-01 9.1e-01 1.00e-01
27 5.7e-04 2.6e-86 9.4e-90 +5.95e-01 +5.88e-01 9.4e-01 9.0e-01 1.00e-01
28 1.0e-04 2.6e-86 8.2e-90 +5.93e-01 +5.92e-01 9.8e-01 9.7e-01 1.00e-01
29 1.3e-05 2.6e-86 3.1e-90 +5.93e-01 +5.92e-01 9.6e-01 1.0e+00 1.00e-01
30 1.4e-06 2.6e-86 1.6e-90 +5.93e-01 +5.93e-01 9.7e-01 1.0e+00 1.00e-01
31 1.5e-07 2.6e-86 8.2e-89 +5.93e-01 +5.93e-01 9.7e-01 1.0e+00 1.00e-01
32 1.5e-08 2.6e-86 2.1e-88 +5.93e-01 +5.93e-01 9.7e-01 1.0e+00 1.00e-01
33 1.5e-09 2.6e-86 1.8e-88 +5.93e-01 +5.93e-01 9.7e-01 1.0e+00 1.00e-01
34 1.5e-10 2.6e-86 2.0e-88 +5.93e-01 +5.93e-01 9.7e-01 1.0e+00 1.00e-01
35 1.5e-11 2.6e-86 7.6e-89 +5.93e-01 +5.93e-01 9.7e-01 1.0e+00 1.00e-01
36 1.5e-12 2.6e-86 2.8e-88 +5.93e-01 +5.93e-01 9.7e-01 1.0e+00 1.00e-01
37 1.5e-13 2.6e-86 2.9e-88 +5.93e-01 +5.93e-01 9.7e-01 1.0e+00 1.00e-01
38 1.5e-14 2.6e-86 3.2e-88 +5.93e-01 +5.93e-01 9.7e-01 1.0e+00 1.00e-01
39 1.5e-15 2.6e-86 7.9e-88 +5.93e-01 +5.93e-01 9.7e-01 1.0e+00 1.00e-01
40 1.5e-16 2.6e-86 6.5e-88 +5.93e-01 +5.93e-01 9.7e-01 1.0e+00 1.00e-01
41 1.5e-17 2.6e-86 5.6e-88 +5.93e-01 +5.93e-01 9.7e-01 1.0e+00 1.00e-01
42 1.5e-18 2.6e-86 6.4e-88 +5.93e-01 +5.93e-01 9.7e-01 1.0e+00 1.00e-01
43 1.5e-19 2.6e-86 5.5e-88 +5.93e-01 +5.93e-01 9.7e-01 1.0e+00 1.00e-01
44 1.5e-20 2.6e-86 1.1e-87 +5.93e-01 +5.93e-01 9.7e-01 1.0e+00 1.00e-01
45 1.5e-21 2.6e-86 4.9e-87 +5.93e-01 +5.93e-01 9.7e-01 1.0e+00 1.00e-01
46 1.5e-22 2.6e-86 1.9e-86 +5.93e-01 +5.93e-01 9.7e-01 1.0e+00 1.00e-01
47 1.5e-23 2.6e-86 1.5e-86 +5.93e-01 +5.93e-01 9.7e-01 1.0e+00 1.00e-01
48 1.5e-24 2.6e-86 1.7e-87 +5.93e-01 +5.93e-01 9.7e-01 1.0e+00 1.00e-01
49 1.5e-25 2.6e-86 6.4e-88 +5.93e-01 +5.93e-01 9.7e-01 1.0e+00 1.00e-01
50 1.5e-26 2.6e-86 1.0e-87 +5.93e-01 +5.93e-01 9.7e-01 1.0e+00 1.00e-01
51 1.5e-27 2.6e-86 7.5e-88 +5.93e-01 +5.93e-01 9.7e-01 1.0e+00 1.00e-01
52 1.5e-28 2.6e-86 8.7e-88 +5.93e-01 +5.93e-01 9.7e-01 1.0e+00 1.00e-01
53 1.5e-29 2.6e-86 1.1e-87 +5.93e-01 +5.93e-01 9.7e-01 1.0e+00 1.00e-01
54 1.5e-30 2.6e-86 1.0e-87 +5.93e-01 +5.93e-01 9.7e-01 1.0e+00 1.00e-01
55 1.5e-31 2.6e-86 9.4e-88 +5.93e-01 +5.93e-01 9.7e-01 1.0e+00 1.00e-01
56 1.5e-32 2.6e-86 1.2e-87 +5.93e-01 +5.93e-01 9.7e-01 1.0e+00 1.00e-01

phase.value = pdOPT     
   Iteration = 56
          mu = 1.5237081845190279e-32
relative gap = 1.8284498214228335e-31
         gap = 1.8284498214228335e-31
      digits = 3.0510650565756183e+01
objValPrimal = 5.9256174714891243e-01
objValDual   = 5.9256174714891243e-01
p.feas.error = 2.5944626410159210e-76
d.feas.error = 1.4172904337462775e-76
relative eps = 8.6361685550944446e-78
total time   = 0.110


Parameters are
maxIteration =    200
epsilonStar  = 1.000e-30
lambdaStar   = 1.000e+10
omegaStar    = 2.000e+00
lowerBound   = -1.000e+05
upperBound   = 1.000e+05
betaStar     = 1.000e-01
betaBar      = 3.000e-01
gammaStar    = 9.000e-01
epsilonDash  = 1.000e-30
precision    =    200

                         Time(sec)  Ratio(% : MainLoop) 
 Predictor time  =       0.030000,  27.272727
 Corrector time  =       0.020000,  18.181818
 Make bMat time  =       0.030000,  27.272727
 Make bDia time  =       0.000000,  0.000000
 Make bF1  time  =       0.030000,  27.272727
 Make bF2  time  =       0.000000,  0.000000
 Make bF3  time  =       0.000000,  0.000000
 Make bPRE time  =       0.030000,  27.272727
 Make rMat time  =       0.010000,  9.090909
 Make gVec Mul   =       0.000000,  0.000000
 Make gVec time  =       0.000000,  0.000000
 Cholesky bMat   =       0.000000,  0.000000
 Ste Pre time    =       0.000000,  0.000000
 Ste Cor time    =       0.050000,  45.454545
 solve           =       0.000000,  0.000000
 sumDz           =       0.000000,  0.000000
 makedX          =       0.010000,  9.090909
 symmetriseDx    =       0.000000,  0.000000
 makedXdZ        =       0.010000,  9.090909
 xMatTime        =       0.000000,  0.000000
 zMatTime        =       0.010000,  9.090909
 invzMatTime     =       0.000000,  0.000000
 xMatzMatTime    =       0.000000,  0.000000
 EigxMatTime     =       0.020000,  18.181818
 EigzMatTime     =       0.030000,  27.272727
 EigxMatzMatTime =       0.000000,  0.000000
 updateRes       =       0.000000,  0.000000
 EigTime         =       0.050000,  45.454545
 sub_total_bMat  =       0.080000,  72.727273
 Main Loop       =       0.110000,  100.000000
 File Check      =       0.000000,  0.000000
 File Change     =       0.000000,  0.000000
 File Read       =       0.000000,  0.000000
 Total           =       0.110000,  100.000000

xVec = 
{-5.925617471489e-01,+5.454020694654e-02,-1.071338818262e-01,-2.198323961333e-02,+4.328282644235e-01,-1.597829785185e-03,-7.347252265492e-03,+1.056352684748e-02}
xMat = 
{
{ {+1.592561747149e+00,+5.454020694654e-02,-1.071338818262e-01,-2.198323961333e-02,+4.328282644235e-01,-1.597829785185e-03 },
  {+5.454020694654e-02,+4.854278653227e-01,-2.198323961333e-02,+4.328282644235e-01,-1.597829785185e-03,-7.347252265492e-03 },
  {-1.071338818262e-01,-2.198323961333e-02,+1.025390011572e+00,-1.597829785185e-03,-7.347252265492e-03,+1.056352684748e-02 },
  {-2.198323961333e-02,+4.328282644235e-01,-1.597829785185e-03,+5.852144948834e-01,+1.056352684748e-02,-3.925263993080e-01 },
  {+4.328282644235e-01,-1.597829785185e-03,-7.347252265492e-03,+1.056352684748e-02,+2.000353478409e-01,-8.437734434335e-02 },
  {-1.597829785185e-03,-7.347252265492e-03,+1.056352684748e-02,-3.925263993080e-01,-8.437734434335e-02,+7.682108732905e-01 }   }
{ {+6.471019540954e-01,-1.071338818262e-01,-2.198323961333e-02,+4.328282644235e-01,-1.597829785185e-03,-7.347252265492e-03 },
  {-1.071338818262e-01,+5.705785075356e-01,+4.328282644235e-01,-1.597829785185e-03,-7.347252265492e-03,+1.056352684748e-02 },
  {-2.198323961333e-02,+4.328282644235e-01,+5.909639173637e-01,-7.347252265492e-03,+1.056352684748e-02,-3.925263993080e-01 },
  {+4.328282644235e-01,-1.597829785185e-03,-7.347252265492e-03,+6.031252739964e-01,-3.925263993080e-01,-8.437734434335e-02 },
  {-1.597829785185e-03,-7.347252265492e-03,+1.056352684748e-02,-3.925263993080e-01,+5.081844028056e-01,+1.756491261415e-01 },
  {-7.347252265492e-03,+1.056352684748e-02,-3.925263993080e-01,-8.437734434335e-02,+1.756491261415e-01,+7.027833931118e-01 }   }
}
yMat = 
{
{ {+2.278348899897e-32,+1.147844879764e-23,+2.806618065991e-25,-1.298136514067e-23,-2.061168377649e-24,-6.753450557212e-24 },
  {+1.147844879764e-23,+2.177658124076e-01,+5.324634621890e-03,-2.462787067472e-01,-3.910388963076e-02,-1.281245115509e-01 },
  {+2.806618065991e-25,+5.324634621890e-03,+1.301936862503e-04,-6.021808997852e-03,-9.561368806085e-04,-3.132797579999e-03 },
  {-1.298136514067e-23,-2.462787067472e-01,-6.021808997852e-03,+2.785249012528e-01,+4.422390852162e-02,+1.449003342560e-01 },
  {-2.061168377649e-24,-3.910388963076e-02,-9.561368806085e-04,+4.422390852162e-02,+7.021828483311e-03,+2.300713185092e-02 },
  {-6.753450557212e-24,-1.281245115509e-01,-3.132797579999e-03,+1.449003342560e-01,+2.300713185092e-02,+7.538323063055e-02 }   }
{ {+3.831495997312e-02,-1.862759373805e-02,+3.224577354628e-02,-6.003013471897e-02,-5.599323153270e-02,+2.547809063496e-02 },
  {-1.862759373805e-02,+5.189833190334e-02,-7.092567919881e-02,+3.645233443266e-02,+4.688935686348e-02,-4.793171870751e-02 },
  {+3.224577354628e-02,-7.092567919881e-02,+9.838610492927e-02,-5.989325376081e-02,-7.248624524349e-02,+6.728075685949e-02 },
  {-6.003013471897e-02,+3.645233443266e-02,-5.989325376081e-02,+9.528528875170e-02,+9.106384918358e-02,-4.594754404719e-02 },
  {-5.599323153270e-02,+4.688935686348e-02,-7.248624524349e-02,+9.106384918358e-02,+9.085652504182e-02,-5.355081246801e-02 },
  {+2.547809063496e-02,-4.793171870751e-02,+6.728075685949e-02,-4.594754404719e-02,-5.355081246801e-02,+4.643282294024e-02 }   }
}
    main loop time = 0.110000
        total time = 0.110000
  file   read time = 0.000000
