SDPA-GMP start at Wed Jun  5 23:35:11 2024
*SDP Scan Problem: V = x^2 - 2*x^4 + x^8
* K = 6; eval = -4.974874371859296; Domain = R+ with BCs: Neumann
data      is /Users/gorg/qmBoot/data/K=6_BC-Neumann_V_0.0_0.0_1.0_0.0_-2.0_0.0_0.0_0.0_1.0/e=-4.974874371859296_K=6_D=R+.dat
parameter is ./param.sdpa
out       is /Users/gorg/qmBoot/data/K=6_BC-Neumann_V_0.0_0.0_1.0_0.0_-2.0_0.0_0.0_0.0_1.0/e=-4.974874371859296_K=6_D=R+.out
DENSE computation
   mu      thetaP  thetaD  objP      objD      alphaP  alphaD  beta 
 0 1.0e+20 1.0e+00 1.0e+00 +0.00e+00 -2.19e+09 1.0e+00 9.0e-01 3.00e-01
 1 1.6e+19 8.6e-88 1.0e-01 +1.60e+10 -2.19e+08 9.0e-01 9.0e-01 3.00e-01
 2 2.5e+18 2.6e-87 1.0e-02 +2.46e+10 -2.19e+07 9.0e-01 9.0e-01 3.00e-01
 3 3.8e+17 4.3e-87 1.0e-03 +3.79e+10 -2.19e+06 9.0e-01 9.0e-01 3.00e-01
 4 5.8e+16 6.9e-87 1.0e-04 +5.84e+10 -2.19e+05 9.0e-01 9.0e-01 3.00e-01
 5 9.0e+15 9.5e-87 1.0e-05 +9.00e+10 -2.19e+04 9.0e-01 9.0e-01 3.00e-01
 6 1.4e+15 1.0e-86 1.0e-06 +1.39e+11 -2.19e+03 9.0e-01 9.0e-01 3.00e-01
 7 2.1e+14 1.3e-86 1.0e-07 +2.13e+11 -2.19e+02 9.0e-01 9.0e-01 3.00e-01
 8 3.3e+13 1.4e-86 1.0e-08 +3.29e+11 -2.20e+01 9.0e-01 9.0e-01 3.00e-01
 9 5.1e+12 1.6e-86 1.0e-09 +5.05e+11 -2.28e+00 9.0e-01 9.0e-01 3.00e-01
10 8.2e+11 1.6e-86 9.8e-11 +7.69e+11 -3.06e-01 9.2e-01 9.2e-01 3.00e-01
11 1.7e+11 1.9e-86 7.9e-12 +1.05e+12 -1.05e-01 1.6e+00 1.0e+00 3.00e-01
12 3.9e+10 1.6e-86 9.1e-90 +4.63e+11 -7.55e-02 9.6e-01 9.0e+01 1.00e-01
13 5.2e+09 1.7e-86 7.9e-88 +6.19e+10 -5.87e-02 9.9e-01 9.9e-01 1.00e-01
14 5.6e+08 1.6e-86 1.2e-93 +6.75e+09 -5.94e-02 1.0e+00 1.0e+00 1.00e-01
15 5.8e+07 1.5e-86 1.6e-93 +6.94e+08 -6.03e-02 1.0e+00 1.0e+00 1.00e-01
16 5.9e+06 1.3e-86 4.3e-93 +7.03e+07 -6.12e-02 1.0e+00 1.0e+00 1.00e-01
17 5.9e+05 1.6e-86 2.0e-92 +7.06e+06 -6.21e-02 1.0e+00 1.0e+00 1.00e-01
18 5.9e+04 1.7e-86 6.4e-92 +7.07e+05 -6.29e-02 1.0e+00 1.0e+00 1.00e-01
19 5.9e+03 1.9e-86 1.1e-91 +7.07e+04 -6.36e-02 1.0e+00 1.0e+00 1.00e-01
20 5.9e+02 2.1e-86 9.7e-91 +7.07e+03 -6.42e-02 1.0e+00 1.0e+00 1.00e-01
21 5.9e+01 2.3e-86 1.4e-90 +7.08e+02 -6.47e-02 1.0e+00 3.3e+01 1.00e-01
22 6.0e+00 2.3e-86 4.5e-88 +7.15e+01 -5.02e-02 9.8e-01 1.9e+01 1.00e-01
23 6.7e-01 2.3e-86 7.6e-87 +8.13e+00 +4.94e-02 9.2e-01 4.6e+00 1.00e-01
24 1.0e-01 2.4e-86 2.8e-86 +1.52e+00 +3.13e-01 8.6e-01 1.2e+00 1.00e-01
25 1.8e-02 2.3e-86 5.6e-87 +7.24e-01 +5.08e-01 8.8e-01 9.4e-01 1.00e-01
26 3.3e-03 2.3e-86 4.3e-88 +6.32e-01 +5.92e-01 9.3e-01 9.1e-01 1.00e-01
27 5.8e-04 2.3e-86 6.3e-90 +6.20e-01 +6.13e-01 9.4e-01 9.0e-01 1.00e-01
28 1.0e-04 2.3e-86 9.3e-90 +6.18e-01 +6.17e-01 9.8e-01 9.6e-01 1.00e-01
29 1.4e-05 2.3e-86 2.8e-90 +6.18e-01 +6.17e-01 9.6e-01 1.0e+00 1.00e-01
30 1.5e-06 2.3e-86 1.6e-90 +6.18e-01 +6.18e-01 9.7e-01 1.0e+00 1.00e-01
31 1.6e-07 2.3e-86 8.7e-89 +6.18e-01 +6.18e-01 9.7e-01 1.0e+00 1.00e-01
32 1.6e-08 2.3e-86 1.8e-88 +6.18e-01 +6.18e-01 9.7e-01 1.0e+00 1.00e-01
33 1.6e-09 2.3e-86 1.9e-88 +6.18e-01 +6.18e-01 9.7e-01 1.0e+00 1.00e-01
34 1.6e-10 2.3e-86 1.5e-88 +6.18e-01 +6.18e-01 9.7e-01 1.0e+00 1.00e-01
35 1.6e-11 2.3e-86 1.7e-88 +6.18e-01 +6.18e-01 9.7e-01 1.0e+00 1.00e-01
36 1.6e-12 2.3e-86 4.7e-88 +6.18e-01 +6.18e-01 9.7e-01 1.0e+00 1.00e-01
37 1.6e-13 2.3e-86 4.5e-88 +6.18e-01 +6.18e-01 9.7e-01 1.0e+00 1.00e-01
38 1.6e-14 2.3e-86 3.0e-88 +6.18e-01 +6.18e-01 9.7e-01 1.0e+00 1.00e-01
39 1.6e-15 2.3e-86 6.6e-88 +6.18e-01 +6.18e-01 9.7e-01 1.0e+00 1.00e-01
40 1.6e-16 2.3e-86 5.9e-88 +6.18e-01 +6.18e-01 9.7e-01 1.0e+00 1.00e-01
41 1.6e-17 2.3e-86 6.2e-88 +6.18e-01 +6.18e-01 9.7e-01 1.0e+00 1.00e-01
42 1.6e-18 2.3e-86 4.3e-88 +6.18e-01 +6.18e-01 9.7e-01 1.0e+00 1.00e-01
43 1.6e-19 2.3e-86 9.4e-88 +6.18e-01 +6.18e-01 9.7e-01 1.0e+00 1.00e-01
44 1.6e-20 2.3e-86 7.9e-88 +6.18e-01 +6.18e-01 9.7e-01 1.0e+00 1.00e-01
45 1.6e-21 2.3e-86 3.7e-87 +6.18e-01 +6.18e-01 9.7e-01 1.0e+00 1.00e-01
46 1.6e-22 2.3e-86 9.2e-87 +6.18e-01 +6.18e-01 9.7e-01 1.0e+00 1.00e-01
47 1.6e-23 2.3e-86 1.8e-86 +6.18e-01 +6.18e-01 9.7e-01 1.0e+00 1.00e-01
48 1.6e-24 2.3e-86 1.4e-87 +6.18e-01 +6.18e-01 9.7e-01 1.0e+00 1.00e-01
49 1.6e-25 2.3e-86 4.5e-88 +6.18e-01 +6.18e-01 9.7e-01 1.0e+00 1.00e-01
50 1.6e-26 2.3e-86 6.1e-88 +6.18e-01 +6.18e-01 9.7e-01 1.0e+00 1.00e-01
51 1.6e-27 2.3e-86 1.1e-87 +6.18e-01 +6.18e-01 9.7e-01 1.0e+00 1.00e-01
52 1.6e-28 2.3e-86 9.2e-88 +6.18e-01 +6.18e-01 9.7e-01 1.0e+00 1.00e-01
53 1.6e-29 2.3e-86 9.9e-88 +6.18e-01 +6.18e-01 9.7e-01 1.0e+00 1.00e-01
54 1.6e-30 2.3e-86 1.3e-87 +6.18e-01 +6.18e-01 9.7e-01 1.0e+00 1.00e-01
55 1.6e-31 2.3e-86 1.0e-87 +6.18e-01 +6.18e-01 9.7e-01 1.0e+00 1.00e-01
56 1.6e-32 2.3e-86 8.1e-88 +6.18e-01 +6.18e-01 9.7e-01 1.0e+00 1.00e-01

phase.value = pdOPT     
   Iteration = 56
          mu = 1.6405877147274299e-32
relative gap = 1.9687052576729159e-31
         gap = 1.9687052576729159e-31
      digits = 3.0496508520239193e+01
objValPrimal = 6.1757430936065982e-01
objValDual   = 6.1757430936065982e-01
p.feas.error = 2.3404459224623527e-76
d.feas.error = 9.7356147463988426e-77
relative eps = 8.6361685550944446e-78
total time   = 0.120


Parameters are
maxIteration =    200
epsilonStar  = 1.000e-30
lambdaStar   = 1.000e+10
omegaStar    = 2.000e+00
lowerBound   = -1.000e+05
upperBound   = 1.000e+05
betaStar     = 1.000e-01
betaBar      = 3.000e-01
gammaStar    = 9.000e-01
epsilonDash  = 1.000e-30
precision    =    200

                         Time(sec)  Ratio(% : MainLoop) 
 Predictor time  =       0.050000,  41.666667
 Corrector time  =       0.000000,  0.000000
 Make bMat time  =       0.030000,  25.000000
 Make bDia time  =       0.000000,  0.000000
 Make bF1  time  =       0.010000,  8.333333
 Make bF2  time  =       0.020000,  16.666667
 Make bF3  time  =       0.000000,  0.000000
 Make bPRE time  =       0.020000,  16.666667
 Make rMat time  =       0.000000,  0.000000
 Make gVec Mul   =       0.000000,  0.000000
 Make gVec time  =       0.000000,  0.000000
 Cholesky bMat   =       0.000000,  0.000000
 Ste Pre time    =       0.000000,  0.000000
 Ste Cor time    =       0.050000,  41.666667
 solve           =       0.000000,  0.000000
 sumDz           =       0.000000,  0.000000
 makedX          =       0.020000,  16.666667
 symmetriseDx    =       0.000000,  0.000000
 makedXdZ        =       0.020000,  16.666667
 xMatTime        =       0.010000,  8.333333
 zMatTime        =       0.010000,  8.333333
 invzMatTime     =       0.000000,  0.000000
 xMatzMatTime    =       0.000000,  0.000000
 EigxMatTime     =       0.010000,  8.333333
 EigzMatTime     =       0.040000,  33.333333
 EigxMatzMatTime =       0.000000,  0.000000
 updateRes       =       0.000000,  0.000000
 EigTime         =       0.050000,  41.666667
 sub_total_bMat  =       0.090000,  75.000000
 Main Loop       =       0.120000,  100.000000
 File Check      =       0.000000,  0.000000
 File Change     =       0.000000,  0.000000
 File Read       =       0.000000,  0.000000
 Total           =       0.120000,  100.000000

xVec = 
{-6.175743093607e-01,+5.394910987731e-02,-1.111822191319e-01,-2.353122208028e-02,+4.513531490366e-01,-3.092922141618e-03,-8.085414134944e-03,+1.035183834059e-02}
xMat = 
{
{ {+1.617574309361e+00,+5.394910987731e-02,-1.111822191319e-01,-2.353122208028e-02,+4.513531490366e-01,-3.092922141618e-03 },
  {+5.394910987731e-02,+5.063920902287e-01,-2.353122208028e-02,+4.513531490366e-01,-3.092922141618e-03,-8.085414134944e-03 },
  {-1.111822191319e-01,-2.353122208028e-02,+1.068927458397e+00,-3.092922141618e-03,-8.085414134944e-03,+1.035183834059e-02 },
  {-2.353122208028e-02,+4.513531490366e-01,-3.092922141618e-03,+6.094888952257e-01,+1.035183834059e-02,-4.088782078752e-01 },
  {+4.513531490366e-01,-3.092922141618e-03,-8.085414134944e-03,+1.035183834059e-02,+2.086961014855e-01,-8.816957745590e-02 },
  {-3.092922141618e-03,-8.085414134944e-03,+1.035183834059e-02,-4.088782078752e-01,-8.816957745590e-02,+7.994437351038e-01 }   }
{ {+6.715234192380e-01,-1.111822191319e-01,-2.353122208028e-02,+4.513531490366e-01,-3.092922141618e-03,-8.085414134944e-03 },
  {-1.111822191319e-01,+5.940430872804e-01,+4.513531490366e-01,-3.092922141618e-03,-8.085414134944e-03,+1.035183834059e-02 },
  {-2.353122208028e-02,+4.513531490366e-01,+6.144813872190e-01,-8.085414134944e-03,+1.035183834059e-02,-4.088782078752e-01 },
  {+4.513531490366e-01,-3.092922141618e-03,-8.085414134944e-03,+6.279261477013e-01,-4.088782078752e-01,-8.816957745590e-02 },
  {-3.092922141618e-03,-8.085414134944e-03,+1.035183834059e-02,-4.088782078752e-01,+5.294047319048e-01,+1.818694257431e-01 },
  {-8.085414134944e-03,+1.035183834059e-02,-4.088782078752e-01,-8.816957745590e-02,+1.818694257431e-01,+7.340294124509e-01 }   }
}
yMat = 
{
{ {+2.512495809707e-32,+1.193590447468e-23,+2.757441380929e-25,-1.351740806961e-23,-2.111640769434e-24,-7.029267404515e-24 },
  {+1.193590447468e-23,+2.178924668971e-01,+5.033767664566e-03,-2.467631502785e-01,-3.854844891781e-02,-1.283207667044e-01 },
  {+2.757441380929e-25,+5.033767664566e-03,+1.162904677783e-04,-5.700740298035e-03,-8.905490788413e-04,-2.964475712848e-03 },
  {-1.351740806961e-23,-2.467631502785e-01,-5.700740298035e-03,+2.794591901341e-01,+4.365610628385e-02,+1.453232279622e-01 },
  {-2.111640769434e-24,-3.854844891781e-02,-8.905490788413e-04,+4.365610628385e-02,+6.819799395226e-03,+2.270187028877e-02 },
  {-7.029267404515e-24,-1.283207667044e-01,-2.964475712848e-03,+1.453232279622e-01,+2.270187028877e-02,+7.557039213926e-02 }   }
{ {+3.890281188410e-02,-1.999169830172e-02,+3.385436701348e-02,-6.095710468871e-02,-5.686681936256e-02,+2.633625080596e-02 },
  {-1.999169830172e-02,+5.089568536838e-02,-6.971829822424e-02,+3.813059466595e-02,+4.761649911145e-02,-4.699106636002e-02 },
  {+3.385436701348e-02,-6.971829822424e-02,+9.684986243296e-02,-6.181201034597e-02,-7.317755483134e-02,+6.601105832189e-02 },
  {-6.095710468871e-02,+3.813059466595e-02,-6.181201034597e-02,+9.665426076160e-02,+9.218648103121e-02,-4.687156353039e-02 },
  {-5.686681936256e-02,+4.761649911145e-02,-7.317755483134e-02,+9.218648103121e-02,+9.145430095028e-02,-5.364650926830e-02 },
  {+2.633625080596e-02,-4.699106636002e-02,+6.601105832189e-02,-4.687156353039e-02,-5.364650926830e-02,+4.538493956922e-02 }   }
}
    main loop time = 0.120000
        total time = 0.120000
  file   read time = 0.000000
