SDPA-GMP start at Wed Jun  5 23:35:11 2024
*SDP Scan Problem: V = x^2 - 2*x^4 + x^8
* K = 6; eval = -4.874371859296482; Domain = R+ with BCs: Neumann
data      is /Users/gorg/qmBoot/data/K=6_BC-Neumann_V_0.0_0.0_1.0_0.0_-2.0_0.0_0.0_0.0_1.0/e=-4.874371859296482_K=6_D=R+.dat
parameter is ./param.sdpa
out       is /Users/gorg/qmBoot/data/K=6_BC-Neumann_V_0.0_0.0_1.0_0.0_-2.0_0.0_0.0_0.0_1.0/e=-4.874371859296482_K=6_D=R+.out
DENSE computation
   mu      thetaP  thetaD  objP      objD      alphaP  alphaD  beta 
 0 1.0e+20 1.0e+00 1.0e+00 +0.00e+00 -2.39e+09 1.0e+00 9.0e-01 3.00e-01
 1 1.6e+19 8.6e-88 1.0e-01 +1.60e+10 -2.39e+08 9.0e-01 9.0e-01 3.00e-01
 2 2.5e+18 2.6e-87 1.0e-02 +2.46e+10 -2.39e+07 9.0e-01 9.0e-01 3.00e-01
 3 3.8e+17 2.6e-87 1.0e-03 +3.79e+10 -2.39e+06 9.0e-01 9.0e-01 3.00e-01
 4 5.8e+16 3.5e-87 1.0e-04 +5.84e+10 -2.39e+05 9.0e-01 9.0e-01 3.00e-01
 5 9.0e+15 4.3e-87 1.0e-05 +9.00e+10 -2.39e+04 9.0e-01 9.0e-01 3.00e-01
 6 1.4e+15 5.2e-87 1.0e-06 +1.39e+11 -2.39e+03 9.0e-01 9.0e-01 3.00e-01
 7 2.1e+14 5.2e-87 1.0e-07 +2.13e+11 -2.39e+02 9.0e-01 9.0e-01 3.00e-01
 8 3.3e+13 6.9e-87 1.0e-08 +3.29e+11 -2.40e+01 9.0e-01 9.0e-01 3.00e-01
 9 5.1e+12 8.6e-87 1.0e-09 +5.05e+11 -2.48e+00 9.0e-01 9.0e-01 3.00e-01
10 8.2e+11 1.0e-86 9.8e-11 +7.69e+11 -3.26e-01 9.2e-01 9.2e-01 3.00e-01
11 1.7e+11 1.2e-86 7.8e-12 +1.05e+12 -1.07e-01 1.6e+00 1.0e+00 3.00e-01
12 3.9e+10 8.6e-87 2.2e-89 +4.63e+11 -7.62e-02 9.6e-01 9.0e+01 1.00e-01
13 5.2e+09 6.9e-87 1.9e-87 +6.18e+10 -5.98e-02 9.9e-01 9.9e-01 1.00e-01
14 5.6e+08 6.0e-87 1.2e-93 +6.74e+09 -6.05e-02 1.0e+00 1.0e+00 1.00e-01
15 5.8e+07 6.0e-87 2.3e-93 +6.93e+08 -6.14e-02 1.0e+00 1.0e+00 1.00e-01
16 5.8e+06 6.0e-87 7.4e-93 +7.01e+07 -6.23e-02 1.0e+00 1.0e+00 1.00e-01
17 5.9e+05 6.0e-87 2.1e-92 +7.04e+06 -6.31e-02 1.0e+00 1.0e+00 1.00e-01
18 5.9e+04 7.8e-87 6.6e-92 +7.05e+05 -6.39e-02 1.0e+00 1.0e+00 1.00e-01
19 5.9e+03 9.5e-87 1.6e-91 +7.06e+04 -6.46e-02 1.0e+00 1.0e+00 1.00e-01
20 5.9e+02 1.2e-86 9.9e-91 +7.06e+03 -6.52e-02 1.0e+00 1.0e+00 1.00e-01
21 5.9e+01 1.3e-86 1.7e-90 +7.06e+02 -6.57e-02 1.0e+00 3.4e+01 1.00e-01
22 5.9e+00 1.4e-86 2.3e-88 +7.13e+01 -5.17e-02 9.8e-01 1.9e+01 1.00e-01
23 6.7e-01 1.5e-86 3.6e-87 +8.10e+00 +4.47e-02 9.2e-01 4.7e+00 1.00e-01
24 1.0e-01 1.6e-86 1.3e-86 +1.50e+00 +3.03e-01 8.6e-01 1.2e+00 1.00e-01
25 1.8e-02 1.4e-86 2.7e-87 +7.10e-01 +4.96e-01 8.8e-01 9.4e-01 1.00e-01
26 3.3e-03 1.4e-86 2.2e-88 +6.20e-01 +5.80e-01 9.3e-01 9.1e-01 1.00e-01
27 5.7e-04 1.4e-86 7.1e-90 +6.07e-01 +6.00e-01 9.4e-01 9.0e-01 1.00e-01
28 1.0e-04 1.4e-86 1.1e-89 +6.05e-01 +6.04e-01 9.8e-01 9.6e-01 1.00e-01
29 1.3e-05 1.4e-86 3.0e-90 +6.05e-01 +6.05e-01 9.6e-01 1.0e+00 1.00e-01
30 1.5e-06 1.4e-86 3.6e-90 +6.05e-01 +6.05e-01 9.7e-01 1.0e+00 1.00e-01
31 1.6e-07 1.4e-86 1.8e-89 +6.05e-01 +6.05e-01 9.7e-01 1.0e+00 1.00e-01
32 1.6e-08 1.4e-86 1.4e-88 +6.05e-01 +6.05e-01 9.7e-01 1.0e+00 1.00e-01
33 1.6e-09 1.4e-86 1.5e-88 +6.05e-01 +6.05e-01 9.7e-01 1.0e+00 1.00e-01
34 1.6e-10 1.4e-86 2.3e-88 +6.05e-01 +6.05e-01 9.7e-01 1.0e+00 1.00e-01
35 1.6e-11 1.4e-86 1.5e-88 +6.05e-01 +6.05e-01 9.7e-01 1.0e+00 1.00e-01
36 1.6e-12 1.4e-86 2.7e-88 +6.05e-01 +6.05e-01 9.7e-01 1.0e+00 1.00e-01
37 1.6e-13 1.4e-86 7.3e-88 +6.05e-01 +6.05e-01 9.7e-01 1.0e+00 1.00e-01
38 1.6e-14 1.4e-86 5.1e-88 +6.05e-01 +6.05e-01 9.7e-01 1.0e+00 1.00e-01
39 1.6e-15 1.4e-86 7.4e-88 +6.05e-01 +6.05e-01 9.7e-01 1.0e+00 1.00e-01
40 1.6e-16 1.4e-86 4.8e-88 +6.05e-01 +6.05e-01 9.7e-01 1.0e+00 1.00e-01
41 1.6e-17 1.4e-86 4.7e-88 +6.05e-01 +6.05e-01 9.7e-01 1.0e+00 1.00e-01
42 1.6e-18 1.4e-86 4.0e-88 +6.05e-01 +6.05e-01 9.7e-01 1.0e+00 1.00e-01
43 1.6e-19 1.4e-86 9.0e-88 +6.05e-01 +6.05e-01 9.7e-01 1.0e+00 1.00e-01
44 1.6e-20 1.4e-86 9.8e-88 +6.05e-01 +6.05e-01 9.7e-01 1.0e+00 1.00e-01
45 1.6e-21 1.4e-86 1.2e-87 +6.05e-01 +6.05e-01 9.7e-01 1.0e+00 1.00e-01
46 1.6e-22 1.4e-86 8.4e-87 +6.05e-01 +6.05e-01 9.7e-01 1.0e+00 1.00e-01
47 1.6e-23 1.4e-86 1.1e-86 +6.05e-01 +6.05e-01 9.7e-01 1.0e+00 1.00e-01
48 1.6e-24 1.4e-86 1.8e-87 +6.05e-01 +6.05e-01 9.7e-01 1.0e+00 1.00e-01
49 1.6e-25 1.4e-86 5.4e-88 +6.05e-01 +6.05e-01 9.7e-01 1.0e+00 1.00e-01
50 1.6e-26 1.4e-86 1.1e-87 +6.05e-01 +6.05e-01 9.7e-01 1.0e+00 1.00e-01
51 1.6e-27 1.4e-86 1.2e-87 +6.05e-01 +6.05e-01 9.7e-01 1.0e+00 1.00e-01
52 1.6e-28 1.4e-86 9.8e-88 +6.05e-01 +6.05e-01 9.7e-01 1.0e+00 1.00e-01
53 1.6e-29 1.4e-86 1.2e-87 +6.05e-01 +6.05e-01 9.7e-01 1.0e+00 1.00e-01
54 1.6e-30 1.4e-86 1.0e-87 +6.05e-01 +6.05e-01 9.7e-01 1.0e+00 1.00e-01
55 1.6e-31 1.4e-86 7.9e-88 +6.05e-01 +6.05e-01 9.7e-01 1.0e+00 1.00e-01
56 1.6e-32 1.4e-86 1.0e-87 +6.05e-01 +6.05e-01 9.7e-01 1.0e+00 1.00e-01

phase.value = pdOPT     
   Iteration = 56
          mu = 1.5834873224754782e-32
relative gap = 1.9001847869705738e-31
         gap = 1.9001847869705738e-31
      digits = 3.0503007196902601e+01
objValPrimal = 6.0506639571232812e-01
objValDual   = 6.0506639571232812e-01
p.feas.error = 1.4397172263360963e-76
d.feas.error = 1.2559394196867165e-76
relative eps = 8.6361685550944446e-78
total time   = 0.110


Parameters are
maxIteration =    200
epsilonStar  = 1.000e-30
lambdaStar   = 1.000e+10
omegaStar    = 2.000e+00
lowerBound   = -1.000e+05
upperBound   = 1.000e+05
betaStar     = 1.000e-01
betaBar      = 3.000e-01
gammaStar    = 9.000e-01
epsilonDash  = 1.000e-30
precision    =    200

                         Time(sec)  Ratio(% : MainLoop) 
 Predictor time  =       0.030000,  27.272727
 Corrector time  =       0.010000,  9.090909
 Make bMat time  =       0.020000,  18.181818
 Make bDia time  =       0.000000,  0.000000
 Make bF1  time  =       0.020000,  18.181818
 Make bF2  time  =       0.000000,  0.000000
 Make bF3  time  =       0.000000,  0.000000
 Make bPRE time  =       0.020000,  18.181818
 Make rMat time  =       0.000000,  0.000000
 Make gVec Mul   =       0.000000,  0.000000
 Make gVec time  =       0.000000,  0.000000
 Cholesky bMat   =       0.000000,  0.000000
 Ste Pre time    =       0.000000,  0.000000
 Ste Cor time    =       0.050000,  45.454545
 solve           =       0.000000,  0.000000
 sumDz           =       0.000000,  0.000000
 makedX          =       0.010000,  9.090909
 symmetriseDx    =       0.000000,  0.000000
 makedXdZ        =       0.010000,  9.090909
 xMatTime        =       0.000000,  0.000000
 zMatTime        =       0.010000,  9.090909
 invzMatTime     =       0.000000,  0.000000
 xMatzMatTime    =       0.000000,  0.000000
 EigxMatTime     =       0.010000,  9.090909
 EigzMatTime     =       0.040000,  36.363636
 EigxMatzMatTime =       0.000000,  0.000000
 updateRes       =       0.010000,  9.090909
 EigTime         =       0.050000,  45.454545
 sub_total_bMat  =       0.090000,  81.818182
 Main Loop       =       0.110000,  100.000000
 File Check      =       0.000000,  0.000000
 File Change     =       0.000000,  0.000000
 File Read       =       0.000000,  0.000000
 Total           =       0.110000,  100.000000

xVec = 
{-6.050663957123e-01,+5.423072731093e-02,-1.091969660955e-01,-2.276772224012e-02,+4.420634185986e-01,-2.357424339454e-03,-7.716314100564e-03,+1.044487879499e-02}
xMat = 
{
{ {+1.605066395712e+00,+5.423072731093e-02,-1.091969660955e-01,-2.276772224012e-02,+4.420634185986e-01,-2.357424339454e-03 },
  {+5.423072731093e-02,+4.958694296169e-01,-2.276772224012e-02,+4.420634185986e-01,-2.357424339454e-03,-7.716314100564e-03 },
  {-1.091969660955e-01,-2.276772224012e-02,+1.047129814311e+00,-2.357424339454e-03,-7.716314100564e-03,+1.044487879499e-02 },
  {-2.276772224012e-02,+4.420634185986e-01,-2.357424339454e-03,+5.973500816118e-01,+1.044487879499e-02,-4.007194831028e-01 },
  {+4.420634185986e-01,-2.357424339454e-03,-7.716314100564e-03,+1.044487879499e-02,+2.043469126095e-01,-8.626970870698e-02 },
  {-2.357424339454e-03,-7.716314100564e-03,+1.044487879499e-02,-4.007194831028e-01,-8.626970870698e-02,+7.838354015079e-01 }   }
{ {+6.592971230233e-01,-1.091969660955e-01,-2.276772224012e-02,+4.420634185986e-01,-2.357424339454e-03,-7.716314100564e-03 },
  {-1.091969660955e-01,+5.822986734722e-01,+4.420634185986e-01,-2.357424339454e-03,-7.716314100564e-03,+1.044487879499e-02 },
  {-2.276772224012e-02,+4.420634185986e-01,+6.027089713729e-01,-7.716314100564e-03,+1.044487879499e-02,-4.007194831028e-01 },
  {+4.420634185986e-01,-2.357424339454e-03,-7.716314100564e-03,+6.155112745073e-01,-4.007194831028e-01,-8.626970870698e-02 },
  {-2.357424339454e-03,-7.716314100564e-03,+1.044487879499e-02,-4.007194831028e-01,+5.187966870053e-01,+1.787690057955e-01 },
  {-7.716314100564e-03,+1.044487879499e-02,-4.007194831028e-01,-8.626970870698e-02,+1.787690057955e-01,+7.183693218939e-01 }   }
}
yMat = 
{
{ {+2.394651516744e-32,+1.169449934900e-23,+2.777842578687e-25,-1.323487334902e-23,-2.084371861278e-24,-6.884038081084e-24 },
  {+1.169449934900e-23,+2.178825438264e-01,+5.175453729313e-03,-2.465815581959e-01,-3.883434578307e-02,-1.282578828282e-01 },
  {+2.777842578687e-25,+5.175453729313e-03,+1.229346823011e-04,-5.857153228215e-03,-9.224481969905e-04,-3.046562273138e-03 },
  {-1.323487334902e-23,-2.465815581959e-01,-5.857153228215e-03,+2.790607442639e-01,+4.394952127204e-02,+1.451517319528e-01 },
  {-2.084371861278e-24,-3.883434578307e-02,-9.224481969905e-04,+4.394952127204e-02,+6.921648636525e-03,+2.286007352256e-02 },
  {-6.884038081084e-24,-1.282578828282e-01,-3.046562273138e-03,+1.451517319528e-01,+2.286007352256e-02,+7.549978175708e-02 }   }
{ {+3.858378389247e-02,-1.932459602807e-02,+3.306629569277e-02,-6.046308511064e-02,-5.641027927841e-02,+2.591724453273e-02 },
  {-1.932459602807e-02,+5.136747742456e-02,-7.029129789259e-02,+3.731312885837e-02,+4.726061351749e-02,-4.744422316235e-02 },
  {+3.306629569277e-02,-7.029129789259e-02,+9.758725053134e-02,-6.087782064101e-02,-7.284139940543e-02,+6.662912493777e-02 },
  {-6.046308511064e-02,+3.731312885837e-02,-6.087782064101e-02,+9.593483751451e-02,+9.160368750086e-02,-4.642576001277e-02 },
  {-5.641027927841e-02,+4.726061351749e-02,-7.284139940543e-02,+9.160368750086e-02,+9.113936292315e-02,-5.360494583971e-02 },
  {+2.591724453273e-02,-4.744422316235e-02,+6.662912493777e-02,-4.642576001277e-02,-5.360494583971e-02,+4.589963454773e-02 }   }
}
    main loop time = 0.110000
        total time = 0.110000
  file   read time = 0.000000
