SDPA-GMP start at Wed Jun  5 23:35:11 2024
*SDP Scan Problem: V = x^2 - 2*x^4 + x^8
* K = 6; eval = -4.271356783919598; Domain = R+ with BCs: Neumann
data      is /Users/gorg/qmBoot/data/K=6_BC-Neumann_V_0.0_0.0_1.0_0.0_-2.0_0.0_0.0_0.0_1.0/e=-4.271356783919598_K=6_D=R+.dat
parameter is ./param.sdpa
out       is /Users/gorg/qmBoot/data/K=6_BC-Neumann_V_0.0_0.0_1.0_0.0_-2.0_0.0_0.0_0.0_1.0/e=-4.271356783919598_K=6_D=R+.out
DENSE computation
   mu      thetaP  thetaD  objP      objD      alphaP  alphaD  beta 
 0 1.0e+20 1.0e+00 1.0e+00 +0.00e+00 -3.60e+09 1.0e+00 9.0e-01 3.00e-01
 1 1.6e+19 8.6e-88 1.0e-01 +1.60e+10 -3.60e+08 9.0e-01 9.0e-01 3.00e-01
 2 2.5e+18 2.6e-87 1.0e-02 +2.46e+10 -3.60e+07 9.0e-01 9.0e-01 3.00e-01
 3 3.8e+17 2.6e-87 1.0e-03 +3.79e+10 -3.60e+06 9.0e-01 9.0e-01 3.00e-01
 4 5.8e+16 3.5e-87 1.0e-04 +5.84e+10 -3.60e+05 9.0e-01 9.0e-01 3.00e-01
 5 9.0e+15 5.2e-87 1.0e-05 +9.00e+10 -3.60e+04 9.0e-01 9.0e-01 3.00e-01
 6 1.4e+15 6.0e-87 1.0e-06 +1.39e+11 -3.60e+03 9.0e-01 9.0e-01 3.00e-01
 7 2.1e+14 6.9e-87 1.0e-07 +2.13e+11 -3.60e+02 9.0e-01 9.0e-01 3.00e-01
 8 3.3e+13 7.8e-87 1.0e-08 +3.29e+11 -3.61e+01 9.0e-01 9.0e-01 3.00e-01
 9 5.1e+12 1.1e-86 1.0e-09 +5.05e+11 -3.68e+00 9.0e-01 9.0e-01 3.00e-01
10 8.2e+11 1.3e-86 9.8e-11 +7.69e+11 -4.44e-01 9.2e-01 9.2e-01 3.00e-01
11 1.7e+11 1.4e-86 7.7e-12 +1.05e+12 -1.17e-01 1.6e+00 1.0e+00 3.00e-01
12 3.8e+10 1.1e-86 1.6e-89 +4.59e+11 -8.01e-02 9.6e-01 9.0e+01 1.00e-01
13 5.1e+09 1.1e-86 1.4e-87 +6.13e+10 -6.57e-02 9.9e-01 9.9e-01 1.00e-01
14 5.5e+08 9.5e-87 9.0e-94 +6.65e+09 -6.64e-02 1.0e+00 1.0e+00 1.00e-01
15 5.7e+07 9.5e-87 1.2e-93 +6.84e+08 -6.73e-02 1.0e+00 1.0e+00 1.00e-01
16 5.8e+06 1.2e-86 5.6e-93 +6.92e+07 -6.81e-02 1.0e+00 1.0e+00 1.00e-01
17 5.8e+05 1.2e-86 1.2e-92 +6.95e+06 -6.89e-02 1.0e+00 1.0e+00 1.00e-01
18 5.8e+04 1.3e-86 3.8e-92 +6.97e+05 -6.96e-02 1.0e+00 1.0e+00 1.00e-01
19 5.8e+03 1.6e-86 9.2e-92 +6.97e+04 -7.03e-02 1.0e+00 1.0e+00 1.00e-01
20 5.8e+02 1.8e-86 6.5e-91 +6.97e+03 -7.08e-02 1.0e+00 1.0e+00 1.00e-01
21 5.8e+01 2.2e-86 1.5e-90 +6.98e+02 -7.13e-02 1.0e+00 3.4e+01 1.00e-01
22 5.9e+00 2.1e-86 3.5e-88 +7.03e+01 -6.11e-02 9.8e-01 2.0e+01 1.00e-01
23 6.6e-01 2.2e-86 5.7e-87 +7.93e+00 +1.88e-02 9.2e-01 5.2e+00 1.00e-01
24 9.6e-02 2.4e-86 2.4e-86 +1.40e+00 +2.48e-01 8.6e-01 1.2e+00 1.00e-01
25 1.7e-02 2.2e-86 5.6e-87 +6.31e-01 +4.24e-01 8.8e-01 9.5e-01 1.00e-01
26 3.1e-03 2.2e-86 3.6e-88 +5.44e-01 +5.07e-01 9.3e-01 9.1e-01 1.00e-01
27 5.4e-04 2.2e-86 7.2e-89 +5.32e-01 +5.26e-01 9.5e-01 9.1e-01 1.00e-01
28 9.2e-05 2.2e-86 7.4e-90 +5.30e-01 +5.29e-01 9.9e-01 9.8e-01 1.00e-01
29 1.0e-05 2.2e-86 3.7e-90 +5.30e-01 +5.30e-01 9.7e-01 1.0e+00 1.00e-01
30 1.2e-06 2.2e-86 6.2e-90 +5.30e-01 +5.30e-01 9.8e-01 1.0e+00 1.00e-01
31 1.2e-07 2.2e-86 3.2e-91 +5.30e-01 +5.30e-01 9.8e-01 1.0e+00 1.00e-01
32 1.2e-08 2.2e-86 1.8e-88 +5.30e-01 +5.30e-01 9.8e-01 1.0e+00 1.00e-01
33 1.2e-09 2.2e-86 2.0e-88 +5.30e-01 +5.30e-01 9.8e-01 1.0e+00 1.00e-01
34 1.2e-10 2.2e-86 2.0e-88 +5.30e-01 +5.30e-01 9.8e-01 1.0e+00 1.00e-01
35 1.2e-11 2.2e-86 2.5e-88 +5.30e-01 +5.30e-01 9.8e-01 1.0e+00 1.00e-01
36 1.2e-12 2.2e-86 3.7e-88 +5.30e-01 +5.30e-01 9.8e-01 1.0e+00 1.00e-01
37 1.2e-13 2.2e-86 3.0e-88 +5.30e-01 +5.30e-01 9.8e-01 1.0e+00 1.00e-01
38 1.2e-14 2.2e-86 2.8e-88 +5.30e-01 +5.30e-01 9.8e-01 1.0e+00 1.00e-01
39 1.2e-15 2.2e-86 2.6e-88 +5.30e-01 +5.30e-01 9.8e-01 1.0e+00 1.00e-01
40 1.2e-16 2.2e-86 3.5e-88 +5.30e-01 +5.30e-01 9.8e-01 1.0e+00 1.00e-01
41 1.2e-17 2.2e-86 3.8e-88 +5.30e-01 +5.30e-01 9.8e-01 1.0e+00 1.00e-01
42 1.2e-18 2.2e-86 5.3e-88 +5.30e-01 +5.30e-01 9.8e-01 1.0e+00 1.00e-01
43 1.2e-19 2.2e-86 4.1e-88 +5.30e-01 +5.30e-01 9.8e-01 1.0e+00 1.00e-01
44 1.2e-20 2.2e-86 5.3e-88 +5.30e-01 +5.30e-01 9.8e-01 1.0e+00 1.00e-01
45 1.2e-21 2.2e-86 8.3e-87 +5.30e-01 +5.30e-01 9.8e-01 1.0e+00 1.00e-01
46 1.2e-22 2.2e-86 8.6e-86 +5.30e-01 +5.30e-01 9.8e-01 1.0e+00 1.00e-01
47 1.2e-23 2.2e-86 4.6e-86 +5.30e-01 +5.30e-01 9.8e-01 1.0e+00 1.00e-01
48 1.2e-24 2.2e-86 1.7e-85 +5.30e-01 +5.30e-01 9.8e-01 1.0e+00 1.00e-01
49 1.2e-25 2.2e-86 1.3e-85 +5.30e-01 +5.30e-01 9.8e-01 1.0e+00 1.00e-01
50 1.2e-26 2.2e-86 1.3e-87 +5.30e-01 +5.30e-01 9.8e-01 1.0e+00 1.00e-01
51 1.2e-27 2.2e-86 3.7e-88 +5.30e-01 +5.30e-01 9.8e-01 1.0e+00 1.00e-01
52 1.2e-28 2.2e-86 3.1e-88 +5.30e-01 +5.30e-01 9.8e-01 1.0e+00 1.00e-01
53 1.2e-29 2.2e-86 4.5e-88 +5.30e-01 +5.30e-01 9.8e-01 1.0e+00 1.00e-01
54 1.2e-30 2.2e-86 5.6e-88 +5.30e-01 +5.30e-01 9.8e-01 1.0e+00 1.00e-01
55 1.2e-31 2.2e-86 3.6e-88 +5.30e-01 +5.30e-01 9.8e-01 1.0e+00 1.00e-01
56 1.2e-32 2.2e-86 5.7e-88 +5.30e-01 +5.30e-01 9.8e-01 1.0e+00 1.00e-01

phase.value = pdOPT     
   Iteration = 56
          mu = 1.1949273437859135e-32
relative gap = 1.4339128125430962e-31
         gap = 1.4339128125430962e-31
      digits = 3.0567823009650244e+01
objValPrimal = 5.3008529291023545e-01
objValDual   = 5.3008529291023545e-01
p.feas.error = 2.1855800962262014e-76
d.feas.error = 6.8423079277646520e-77
relative eps = 8.6361685550944446e-78
total time   = 0.110


Parameters are
maxIteration =    200
epsilonStar  = 1.000e-30
lambdaStar   = 1.000e+10
omegaStar    = 2.000e+00
lowerBound   = -1.000e+05
upperBound   = 1.000e+05
betaStar     = 1.000e-01
betaBar      = 3.000e-01
gammaStar    = 9.000e-01
epsilonDash  = 1.000e-30
precision    =    200

                         Time(sec)  Ratio(% : MainLoop) 
 Predictor time  =       0.010000,  9.090909
 Corrector time  =       0.050000,  45.454545
 Make bMat time  =       0.010000,  9.090909
 Make bDia time  =       0.000000,  0.000000
 Make bF1  time  =       0.010000,  9.090909
 Make bF2  time  =       0.000000,  0.000000
 Make bF3  time  =       0.000000,  0.000000
 Make bPRE time  =       0.000000,  0.000000
 Make rMat time  =       0.020000,  18.181818
 Make gVec Mul   =       0.000000,  0.000000
 Make gVec time  =       0.000000,  0.000000
 Cholesky bMat   =       0.000000,  0.000000
 Ste Pre time    =       0.000000,  0.000000
 Ste Cor time    =       0.050000,  45.454545
 solve           =       0.010000,  9.090909
 sumDz           =       0.000000,  0.000000
 makedX          =       0.020000,  18.181818
 symmetriseDx    =       0.000000,  0.000000
 makedXdZ        =       0.020000,  18.181818
 xMatTime        =       0.000000,  0.000000
 zMatTime        =       0.000000,  0.000000
 invzMatTime     =       0.000000,  0.000000
 xMatzMatTime    =       0.000000,  0.000000
 EigxMatTime     =       0.010000,  9.090909
 EigzMatTime     =       0.040000,  36.363636
 EigxMatzMatTime =       0.000000,  0.000000
 updateRes       =       0.000000,  0.000000
 EigTime         =       0.050000,  45.454545
 sub_total_bMat  =       0.100000,  90.909091
 Main Loop       =       0.110000,  100.000000
 File Check      =       0.000000,  0.000000
 File Change     =       0.000000,  0.000000
 File Read       =       0.000000,  0.000000
 Total           =       0.110000,  100.000000

xVec = 
{-5.300852929102e-01,+5.663697282194e-02,-9.553189840964e-02,-1.770750646974e-02,+3.875783975833e-01,+2.592568475849e-03,-5.471386982631e-03,+1.156210474247e-02}
xMat = 
{
{ {+1.530085292910e+00,+5.663697282194e-02,-9.553189840964e-02,-1.770750646974e-02,+3.875783975833e-01,+2.592568475849e-03 },
  {+5.663697282194e-02,+4.345533945006e-01,-1.770750646974e-02,+3.875783975833e-01,+2.592568475849e-03,-5.471386982631e-03 },
  {-9.553189840964e-02,-1.770750646974e-02,+9.176636904936e-01,+2.592568475849e-03,-5.471386982631e-03,+1.156210474247e-02 },
  {-1.770750646974e-02,+3.875783975833e-01,+2.592568475849e-03,+5.246139059276e-01,+1.156210474247e-02,-3.509645203200e-01 },
  {+3.875783975833e-01,+2.592568475849e-03,-5.471386982631e-03,+1.156210474247e-02,+1.791207725902e-01,-7.510670229904e-02 },
  {+2.592568475849e-03,-5.471386982631e-03,+1.156210474247e-02,-3.509645203200e-01,-7.510670229904e-02,+6.899602938957e-01 }   }
{ {+5.867222657322e-01,-9.553189840964e-02,-1.770750646974e-02,+3.875783975833e-01,+2.592568475849e-03,-5.471386982631e-03 },
  {-9.553189840964e-02,+5.123777864405e-01,+3.875783975833e-01,+2.592568475849e-03,-5.471386982631e-03,+1.156210474247e-02 },
  {-1.770750646974e-02,+3.875783975833e-01,+5.326778613861e-01,-5.471386982631e-03,+1.156210474247e-02,-3.509645203200e-01 },
  {+3.875783975833e-01,+2.592568475849e-03,-5.471386982631e-03,+5.416473976527e-01,-3.509645203200e-01,-7.510670229904e-02 },
  {+2.592568475849e-03,-5.471386982631e-03,+1.156210474247e-02,-3.509645203200e-01,+4.549785906112e-01,+1.598750009855e-01 },
  {-5.471386982631e-03,+1.156210474247e-02,-3.509645203200e-01,-7.510670229904e-02,+1.598750009855e-01,+6.261033632859e-01 }   }
}
yMat = 
{
{ {+1.731435629613e-32,+1.055753205271e-23,+3.035494438824e-25,-1.189742279555e-23,-1.970129390499e-24,-6.187730759214e-24 },
  {+1.055753205271e-23,+2.152126857381e-01,+6.187780476777e-03,-2.425260278558e-01,-4.016060067277e-02,-1.261353645407e-01 },
  {+3.035494438824e-25,+6.187780476777e-03,+1.779106426624e-04,-6.973091828342e-03,-1.154694854192e-03,-3.626635407012e-03 },
  {-1.189742279555e-23,-2.425260278558e-01,-6.973091828342e-03,+2.733057950825e-01,+4.525751316221e-02,+1.421436140220e-01 },
  {-1.970129390499e-24,-4.016060067277e-02,-1.154694854192e-03,+4.525751316221e-02,+7.494325164270e-03,+2.353798052684e-02 },
  {-6.187730759214e-24,-1.261353645407e-01,-3.626635407012e-03,+1.421436140220e-01,+2.353798052684e-02,+7.392747380691e-02 }   }
{ {+3.788497963201e-02,-1.457971706328e-02,+2.755161984486e-02,-5.899657061692e-02,-5.465566293024e-02,+2.292358384183e-02 },
  {-1.457971706328e-02,+5.565444812421e-02,-7.522539463000e-02,+3.133288189578e-02,+4.475177336755e-02,-5.099170620315e-02 },
  {+2.755161984486e-02,-7.522539463000e-02,+1.034850882903e-01,-5.404713105021e-02,-7.037558367934e-02,+7.112579356345e-02 },
  {-5.899657061692e-02,+3.133288189578e-02,-5.404713105021e-02,+9.336043915536e-02,+8.920227321505e-02,-4.296880186267e-02 },
  {-5.465566293024e-02,+4.475177336755e-02,-7.037558367934e-02,+8.920227321505e-02,+9.009136152525e-02,-5.305748191731e-02 },
  {+2.292358384183e-02,-5.099170620315e-02,+7.112579356345e-02,-4.296880186267e-02,-5.305748191731e-02,+4.940549283836e-02 }   }
}
    main loop time = 0.110000
        total time = 0.110000
  file   read time = 0.000000
