SDPA-GMP start at Wed Jun  5 23:35:11 2024
*SDP Scan Problem: V = x^2 - 2*x^4 + x^8
* K = 6; eval = -4.472361809045226; Domain = R+ with BCs: Neumann
data      is /Users/gorg/qmBoot/data/K=6_BC-Neumann_V_0.0_0.0_1.0_0.0_-2.0_0.0_0.0_0.0_1.0/e=-4.472361809045226_K=6_D=R+.dat
parameter is ./param.sdpa
out       is /Users/gorg/qmBoot/data/K=6_BC-Neumann_V_0.0_0.0_1.0_0.0_-2.0_0.0_0.0_0.0_1.0/e=-4.472361809045226_K=6_D=R+.out
DENSE computation
   mu      thetaP  thetaD  objP      objD      alphaP  alphaD  beta 
 0 1.0e+20 1.0e+00 1.0e+00 +0.00e+00 -3.20e+09 1.0e+00 9.0e-01 3.00e-01
 1 1.6e+19 8.6e-88 1.0e-01 +1.60e+10 -3.20e+08 9.0e-01 9.0e-01 3.00e-01
 2 2.5e+18 1.7e-87 1.0e-02 +2.46e+10 -3.20e+07 9.0e-01 9.0e-01 3.00e-01
 3 3.8e+17 2.6e-87 1.0e-03 +3.79e+10 -3.20e+06 9.0e-01 9.0e-01 3.00e-01
 4 5.8e+16 5.2e-87 1.0e-04 +5.84e+10 -3.20e+05 9.0e-01 9.0e-01 3.00e-01
 5 9.0e+15 5.2e-87 1.0e-05 +9.00e+10 -3.20e+04 9.0e-01 9.0e-01 3.00e-01
 6 1.4e+15 7.8e-87 1.0e-06 +1.39e+11 -3.20e+03 9.0e-01 9.0e-01 3.00e-01
 7 2.1e+14 1.0e-86 1.0e-07 +2.13e+11 -3.20e+02 9.0e-01 9.0e-01 3.00e-01
 8 3.3e+13 1.0e-86 1.0e-08 +3.29e+11 -3.21e+01 9.0e-01 9.0e-01 3.00e-01
 9 5.1e+12 1.3e-86 1.0e-09 +5.05e+11 -3.28e+00 9.0e-01 9.0e-01 3.00e-01
10 8.2e+11 1.3e-86 9.8e-11 +7.69e+11 -4.04e-01 9.2e-01 9.2e-01 3.00e-01
11 1.7e+11 1.5e-86 7.8e-12 +1.05e+12 -1.14e-01 1.6e+00 1.0e+00 3.00e-01
12 3.8e+10 1.2e-86 3.1e-89 +4.60e+11 -7.88e-02 9.6e-01 9.0e+01 1.00e-01
13 5.1e+09 1.4e-86 2.7e-87 +6.15e+10 -6.39e-02 9.9e-01 9.9e-01 1.00e-01
14 5.6e+08 1.3e-86 7.2e-89 +6.68e+09 -6.46e-02 1.0e+00 1.0e+00 1.00e-01
15 5.7e+07 1.6e-86 1.1e-93 +6.87e+08 -6.54e-02 1.0e+00 1.0e+00 1.00e-01
16 5.8e+06 1.6e-86 7.3e-93 +6.95e+07 -6.63e-02 1.0e+00 1.0e+00 1.00e-01
17 5.8e+05 1.8e-86 1.3e-92 +6.98e+06 -6.71e-02 1.0e+00 1.0e+00 1.00e-01
18 5.8e+04 2.2e-86 5.4e-92 +6.99e+05 -6.78e-02 1.0e+00 1.0e+00 1.00e-01
19 5.8e+03 2.2e-86 1.4e-91 +7.00e+04 -6.85e-02 1.0e+00 1.0e+00 1.00e-01
20 5.8e+02 2.3e-86 6.7e-91 +7.00e+03 -6.90e-02 1.0e+00 1.0e+00 1.00e-01
21 5.8e+01 2.3e-86 1.0e-90 +7.00e+02 -6.95e-02 1.0e+00 3.4e+01 1.00e-01
22 5.9e+00 2.6e-86 3.7e-88 +7.06e+01 -5.78e-02 9.8e-01 2.0e+01 1.00e-01
23 6.6e-01 2.5e-86 5.7e-87 +7.99e+00 +2.69e-02 9.2e-01 5.0e+00 1.00e-01
24 9.8e-02 2.5e-86 2.3e-86 +1.44e+00 +2.66e-01 8.6e-01 1.2e+00 1.00e-01
25 1.7e-02 2.5e-86 5.1e-87 +6.57e-01 +4.48e-01 8.8e-01 9.5e-01 1.00e-01
26 3.2e-03 2.5e-86 3.6e-88 +5.69e-01 +5.31e-01 9.3e-01 9.1e-01 1.00e-01
27 5.5e-04 2.5e-86 7.2e-89 +5.57e-01 +5.51e-01 9.5e-01 9.1e-01 1.00e-01
28 9.6e-05 2.5e-86 5.2e-90 +5.55e-01 +5.54e-01 9.9e-01 9.7e-01 1.00e-01
29 1.1e-05 2.5e-86 4.9e-90 +5.55e-01 +5.55e-01 9.6e-01 1.0e+00 1.00e-01
30 1.3e-06 2.5e-86 3.0e-90 +5.55e-01 +5.55e-01 9.7e-01 1.0e+00 1.00e-01
31 1.3e-07 2.5e-86 4.3e-91 +5.55e-01 +5.55e-01 9.8e-01 1.0e+00 1.00e-01
32 1.3e-08 2.5e-86 2.0e-88 +5.55e-01 +5.55e-01 9.8e-01 1.0e+00 1.00e-01
33 1.3e-09 2.5e-86 2.8e-88 +5.55e-01 +5.55e-01 9.8e-01 1.0e+00 1.00e-01
34 1.3e-10 2.5e-86 2.4e-88 +5.55e-01 +5.55e-01 9.8e-01 1.0e+00 1.00e-01
35 1.3e-11 2.5e-86 2.9e-88 +5.55e-01 +5.55e-01 9.8e-01 1.0e+00 1.00e-01
36 1.3e-12 2.5e-86 3.6e-88 +5.55e-01 +5.55e-01 9.8e-01 1.0e+00 1.00e-01
37 1.3e-13 2.5e-86 3.6e-88 +5.55e-01 +5.55e-01 9.8e-01 1.0e+00 1.00e-01
38 1.3e-14 2.5e-86 6.0e-88 +5.55e-01 +5.55e-01 9.8e-01 1.0e+00 1.00e-01
39 1.3e-15 2.5e-86 3.8e-88 +5.55e-01 +5.55e-01 9.8e-01 1.0e+00 1.00e-01
40 1.3e-16 2.5e-86 5.0e-88 +5.55e-01 +5.55e-01 9.8e-01 1.0e+00 1.00e-01
41 1.3e-17 2.5e-86 4.6e-88 +5.55e-01 +5.55e-01 9.8e-01 1.0e+00 1.00e-01
42 1.3e-18 2.5e-86 6.0e-88 +5.55e-01 +5.55e-01 9.8e-01 1.0e+00 1.00e-01
43 1.3e-19 2.5e-86 6.1e-88 +5.55e-01 +5.55e-01 9.8e-01 1.0e+00 1.00e-01
44 1.3e-20 2.5e-86 8.1e-88 +5.55e-01 +5.55e-01 9.8e-01 1.0e+00 1.00e-01
45 1.3e-21 2.5e-86 4.0e-87 +5.55e-01 +5.55e-01 9.8e-01 1.0e+00 1.00e-01
46 1.3e-22 2.5e-86 3.2e-86 +5.55e-01 +5.55e-01 9.8e-01 1.0e+00 1.00e-01
47 1.3e-23 2.5e-86 3.4e-86 +5.55e-01 +5.55e-01 9.8e-01 1.0e+00 1.00e-01
48 1.3e-24 2.5e-86 4.2e-86 +5.55e-01 +5.55e-01 9.8e-01 1.0e+00 1.00e-01
49 1.3e-25 2.5e-86 7.3e-86 +5.55e-01 +5.55e-01 9.8e-01 1.0e+00 1.00e-01
50 1.3e-26 2.5e-86 1.1e-87 +5.55e-01 +5.55e-01 9.8e-01 1.0e+00 1.00e-01
51 1.3e-27 2.5e-86 6.7e-88 +5.55e-01 +5.55e-01 9.8e-01 1.0e+00 1.00e-01
52 1.3e-28 2.5e-86 4.6e-88 +5.55e-01 +5.55e-01 9.8e-01 1.0e+00 1.00e-01
53 1.3e-29 2.5e-86 5.0e-88 +5.55e-01 +5.55e-01 9.8e-01 1.0e+00 1.00e-01
54 1.3e-30 2.5e-86 4.7e-88 +5.55e-01 +5.55e-01 9.8e-01 1.0e+00 1.00e-01
55 1.3e-31 2.5e-86 4.9e-88 +5.55e-01 +5.55e-01 9.8e-01 1.0e+00 1.00e-01
56 1.3e-32 2.5e-86 4.9e-88 +5.55e-01 +5.55e-01 9.8e-01 1.0e+00 1.00e-01

phase.value = pdOPT     
   Iteration = 56
          mu = 1.3302895043854478e-32
relative gap = 1.5963474052625374e-31
         gap = 1.5963474052625374e-31
      digits = 3.0541217823264027e+01
objValPrimal = 5.5506677715629680e-01
objValDual   = 5.5506677715629680e-01
p.feas.error = 2.4781071268625667e-76
d.feas.error = 5.8687202976156635e-77
relative eps = 8.6361685550944446e-78
total time   = 0.110


Parameters are
maxIteration =    200
epsilonStar  = 1.000e-30
lambdaStar   = 1.000e+10
omegaStar    = 2.000e+00
lowerBound   = -1.000e+05
upperBound   = 1.000e+05
betaStar     = 1.000e-01
betaBar      = 3.000e-01
gammaStar    = 9.000e-01
epsilonDash  = 1.000e-30
precision    =    200

                         Time(sec)  Ratio(% : MainLoop) 
 Predictor time  =       0.070000,  63.636364
 Corrector time  =       0.000000,  0.000000
 Make bMat time  =       0.050000,  45.454545
 Make bDia time  =       0.000000,  0.000000
 Make bF1  time  =       0.020000,  18.181818
 Make bF2  time  =       0.030000,  27.272727
 Make bF3  time  =       0.000000,  0.000000
 Make bPRE time  =       0.030000,  27.272727
 Make rMat time  =       0.000000,  0.000000
 Make gVec Mul   =       0.000000,  0.000000
 Make gVec time  =       0.000000,  0.000000
 Cholesky bMat   =       0.000000,  0.000000
 Ste Pre time    =       0.000000,  0.000000
 Ste Cor time    =       0.010000,  9.090909
 solve           =       0.000000,  0.000000
 sumDz           =       0.000000,  0.000000
 makedX          =       0.020000,  18.181818
 symmetriseDx    =       0.000000,  0.000000
 makedXdZ        =       0.020000,  18.181818
 xMatTime        =       0.020000,  18.181818
 zMatTime        =       0.000000,  0.000000
 invzMatTime     =       0.000000,  0.000000
 xMatzMatTime    =       0.000000,  0.000000
 EigxMatTime     =       0.010000,  9.090909
 EigzMatTime     =       0.000000,  0.000000
 EigxMatzMatTime =       0.000000,  0.000000
 updateRes       =       0.000000,  0.000000
 EigTime         =       0.010000,  9.090909
 sub_total_bMat  =       0.060000,  54.545455
 Main Loop       =       0.110000,  100.000000
 File Check      =       0.000000,  0.000000
 File Change     =       0.000000,  0.000000
 File Read       =       0.000000,  0.000000
 Total           =       0.110000,  100.000000

xVec = 
{-5.550667771563e-01,+5.567107704480e-02,-1.004445222774e-01,-1.949373811668e-02,+4.054801290804e-01,+8.339124325816e-04,-6.231982104589e-03,+1.107898578571e-02}
xMat = 
{
{ {+1.555066777156e+00,+5.567107704480e-02,-1.004445222774e-01,-1.949373811668e-02,+4.054801290804e-01,+8.339124325816e-04 },
  {+5.567107704480e-02,+4.546222548789e-01,-1.949373811668e-02,+4.054801290804e-01,+8.339124325816e-04,-6.231982104589e-03 },
  {-1.004445222774e-01,-1.949373811668e-02,+9.605469062367e-01,+8.339124325816e-04,-6.231982104589e-03,+1.107898578571e-02 },
  {-1.949373811668e-02,+4.054801290804e-01,+8.339124325816e-04,+5.488347950517e-01,+1.107898578571e-02,-3.677183980016e-01 },
  {+4.054801290804e-01,+8.339124325816e-04,-6.231982104589e-03,+1.107898578571e-02,+1.873483791547e-01,-7.876689685548e-02 },
  {+8.339124325816e-04,-6.231982104589e-03,+1.107898578571e-02,-3.677183980016e-01,-7.876689685548e-02,+7.212714055442e-01 }   }
{ {+6.107378542011e-01,-1.004445222774e-01,-1.949373811668e-02,+4.054801290804e-01,+8.339124325816e-04,-6.231982104589e-03 },
  {-1.004445222774e-01,+5.355730390396e-01,+4.054801290804e-01,+8.339124325816e-04,-6.231982104589e-03,+1.107898578571e-02 },
  {-1.949373811668e-02,+4.054801290804e-01,+5.559006895889e-01,-6.231982104589e-03,+1.107898578571e-02,-3.677183980016e-01 },
  {+4.054801290804e-01,+8.339124325816e-04,-6.231982104589e-03,+5.661457629420e-01,-3.677183980016e-01,-7.876689685548e-02 },
  {+8.339124325816e-04,-6.231982104589e-03,+1.107898578571e-02,-3.677183980016e-01,+4.762998803008e-01,+1.662046283879e-01 },
  {-6.231982104589e-03,+1.107898578571e-02,-3.677183980016e-01,-7.876689685548e-02,+1.662046283879e-01,+6.565088932824e-01 }   }
}
yMat = 
{
{ {+1.940945195810e-32,+1.091929261684e-23,+2.932383382560e-25,-1.232297639423e-23,-2.005791738690e-24,-6.411698898581e-24 },
  {+1.091929261684e-23,+2.166739278812e-01,+5.818792882604e-03,-2.445275341232e-01,-3.980136627546e-02,-1.272287530108e-01 },
  {+2.932383382560e-25,+5.818792882604e-03,+1.562640735862e-04,-6.566803348565e-03,-1.068868363934e-03,-3.416736705340e-03 },
  {-1.232297639423e-23,-2.445275341232e-01,-6.566803348565e-03,+2.759617436629e-01,+4.491786365459e-02,+1.435841106843e-01 },
  {-2.005791738690e-24,-3.980136627546e-02,-1.068868363934e-03,+4.491786365459e-02,+7.311210780568e-03,+2.337096229746e-02 },
  {-6.411698898581e-24,-1.272287530108e-01,-3.416736705340e-03,+1.435841106843e-01,+2.337096229746e-02,+7.470744519646e-02 }   }
{ {+3.785408312263e-02,-1.632619161555e-02,+2.956094577741e-02,-5.915688795733e-02,-5.502171816330e-02,+2.402427008695e-02 },
  {-1.632619161555e-02,+5.390413674652e-02,-7.325392201789e-02,+3.356521874156e-02,+4.566949972870e-02,-4.962981764978e-02 },
  {+2.956094577741e-02,-7.325392201789e-02,+1.012020175584e-01,-5.659170216854e-02,-7.129294015430e-02,+6.946030821669e-02 },
  {-5.915688795733e-02,+3.356521874156e-02,-5.659170216854e-02,+9.383133690158e-02,+8.975504639212e-02,-4.429070878335e-02 },
  {-5.502171816330e-02,+4.566949972870e-02,-7.129294015430e-02,+8.975504639212e-02,+9.024610593694e-02,-5.330344527090e-02 },
  {+2.402427008695e-02,-4.962981764978e-02,+6.946030821669e-02,-4.429070878335e-02,-5.330344527090e-02,+4.815172813925e-02 }   }
}
    main loop time = 0.110000
        total time = 0.110000
  file   read time = 0.000000
