SDPA-GMP start at Wed Jun  5 23:35:11 2024
*SDP Scan Problem: V = x^2 - 2*x^4 + x^8
* K = 6; eval = -4.673366834170854; Domain = R+ with BCs: Neumann
data      is /Users/gorg/qmBoot/data/K=6_BC-Neumann_V_0.0_0.0_1.0_0.0_-2.0_0.0_0.0_0.0_1.0/e=-4.673366834170854_K=6_D=R+.dat
parameter is ./param.sdpa
out       is /Users/gorg/qmBoot/data/K=6_BC-Neumann_V_0.0_0.0_1.0_0.0_-2.0_0.0_0.0_0.0_1.0/e=-4.673366834170854_K=6_D=R+.out
DENSE computation
   mu      thetaP  thetaD  objP      objD      alphaP  alphaD  beta 
 0 1.0e+20 1.0e+00 1.0e+00 +0.00e+00 -2.80e+09 1.0e+00 9.0e-01 3.00e-01
 1 1.6e+19 8.6e-88 1.0e-01 +1.60e+10 -2.80e+08 9.0e-01 9.0e-01 3.00e-01
 2 2.5e+18 8.6e-88 1.0e-02 +2.46e+10 -2.80e+07 9.0e-01 9.0e-01 3.00e-01
 3 3.8e+17 2.6e-87 1.0e-03 +3.79e+10 -2.80e+06 9.0e-01 9.0e-01 3.00e-01
 4 5.8e+16 3.5e-87 1.0e-04 +5.84e+10 -2.80e+05 9.0e-01 9.0e-01 3.00e-01
 5 9.0e+15 4.3e-87 1.0e-05 +9.00e+10 -2.80e+04 9.0e-01 9.0e-01 3.00e-01
 6 1.4e+15 4.3e-87 1.0e-06 +1.39e+11 -2.80e+03 9.0e-01 9.0e-01 3.00e-01
 7 2.1e+14 6.0e-87 1.0e-07 +2.13e+11 -2.80e+02 9.0e-01 9.0e-01 3.00e-01
 8 3.3e+13 7.8e-87 1.0e-08 +3.29e+11 -2.80e+01 9.0e-01 9.0e-01 3.00e-01
 9 5.1e+12 1.1e-86 1.0e-09 +5.05e+11 -2.88e+00 9.0e-01 9.0e-01 3.00e-01
10 8.2e+11 1.2e-86 9.8e-11 +7.69e+11 -3.65e-01 9.2e-01 9.2e-01 3.00e-01
11 1.7e+11 1.4e-86 7.8e-12 +1.05e+12 -1.10e-01 1.6e+00 1.0e+00 3.00e-01
12 3.8e+10 1.3e-86 1.8e-89 +4.61e+11 -7.75e-02 9.6e-01 9.0e+01 1.00e-01
13 5.1e+09 1.1e-86 1.5e-87 +6.17e+10 -6.19e-02 9.9e-01 9.9e-01 1.00e-01
14 5.6e+08 1.1e-86 1.2e-93 +6.71e+09 -6.27e-02 1.0e+00 1.0e+00 1.00e-01
15 5.7e+07 1.2e-86 2.4e-93 +6.90e+08 -6.35e-02 1.0e+00 1.0e+00 1.00e-01
16 5.8e+06 1.3e-86 4.9e-93 +6.98e+07 -6.44e-02 1.0e+00 1.0e+00 1.00e-01
17 5.8e+05 1.4e-86 2.0e-92 +7.01e+06 -6.52e-02 1.0e+00 1.0e+00 1.00e-01
18 5.9e+04 1.5e-86 6.7e-92 +7.02e+05 -6.59e-02 1.0e+00 1.0e+00 1.00e-01
19 5.9e+03 1.6e-86 1.8e-91 +7.03e+04 -6.66e-02 1.0e+00 1.0e+00 1.00e-01
20 5.9e+02 1.8e-86 6.4e-91 +7.03e+03 -6.72e-02 1.0e+00 1.0e+00 1.00e-01
21 5.9e+01 2.1e-86 1.4e-90 +7.03e+02 -6.76e-02 1.0e+00 3.4e+01 1.00e-01
22 5.9e+00 2.2e-86 4.4e-88 +7.10e+01 -5.47e-02 9.8e-01 2.0e+01 1.00e-01
23 6.7e-01 2.2e-86 7.3e-87 +8.04e+00 +3.55e-02 9.2e-01 4.8e+00 1.00e-01
24 9.9e-02 2.2e-86 2.9e-86 +1.47e+00 +2.85e-01 8.6e-01 1.2e+00 1.00e-01
25 1.8e-02 2.1e-86 6.0e-87 +6.84e-01 +4.72e-01 8.8e-01 9.4e-01 1.00e-01
26 3.2e-03 2.1e-86 4.3e-88 +5.94e-01 +5.56e-01 9.3e-01 9.1e-01 1.00e-01
27 5.6e-04 2.1e-86 7.2e-89 +5.82e-01 +5.75e-01 9.4e-01 9.0e-01 1.00e-01
28 9.9e-05 2.1e-86 8.5e-90 +5.80e-01 +5.79e-01 9.8e-01 9.7e-01 1.00e-01
29 1.2e-05 2.1e-86 7.2e-90 +5.80e-01 +5.80e-01 9.6e-01 1.0e+00 1.00e-01
30 1.4e-06 2.1e-86 2.7e-90 +5.80e-01 +5.80e-01 9.7e-01 1.0e+00 1.00e-01
31 1.4e-07 2.1e-86 5.3e-89 +5.80e-01 +5.80e-01 9.7e-01 1.0e+00 1.00e-01
32 1.5e-08 2.1e-86 1.7e-88 +5.80e-01 +5.80e-01 9.7e-01 1.0e+00 1.00e-01
33 1.5e-09 2.1e-86 1.9e-88 +5.80e-01 +5.80e-01 9.7e-01 1.0e+00 1.00e-01
34 1.5e-10 2.1e-86 2.2e-88 +5.80e-01 +5.80e-01 9.7e-01 1.0e+00 1.00e-01
35 1.5e-11 2.1e-86 2.9e-88 +5.80e-01 +5.80e-01 9.7e-01 1.0e+00 1.00e-01
36 1.5e-12 2.1e-86 3.0e-88 +5.80e-01 +5.80e-01 9.7e-01 1.0e+00 1.00e-01
37 1.5e-13 2.1e-86 5.9e-88 +5.80e-01 +5.80e-01 9.7e-01 1.0e+00 1.00e-01
38 1.5e-14 2.1e-86 2.5e-88 +5.80e-01 +5.80e-01 9.7e-01 1.0e+00 1.00e-01
39 1.5e-15 2.1e-86 7.1e-88 +5.80e-01 +5.80e-01 9.7e-01 1.0e+00 1.00e-01
40 1.5e-16 2.1e-86 5.8e-88 +5.80e-01 +5.80e-01 9.7e-01 1.0e+00 1.00e-01
41 1.5e-17 2.1e-86 6.4e-88 +5.80e-01 +5.80e-01 9.7e-01 1.0e+00 1.00e-01
42 1.5e-18 2.1e-86 4.9e-88 +5.80e-01 +5.80e-01 9.7e-01 1.0e+00 1.00e-01
43 1.5e-19 2.1e-86 5.2e-88 +5.80e-01 +5.80e-01 9.7e-01 1.0e+00 1.00e-01
44 1.5e-20 2.1e-86 5.8e-88 +5.80e-01 +5.80e-01 9.7e-01 1.0e+00 1.00e-01
45 1.5e-21 2.1e-86 5.8e-87 +5.80e-01 +5.80e-01 9.7e-01 1.0e+00 1.00e-01
46 1.5e-22 2.1e-86 2.4e-86 +5.80e-01 +5.80e-01 9.7e-01 1.0e+00 1.00e-01
47 1.5e-23 2.1e-86 1.6e-86 +5.80e-01 +5.80e-01 9.7e-01 1.0e+00 1.00e-01
48 1.5e-24 2.1e-86 1.0e-86 +5.80e-01 +5.80e-01 9.7e-01 1.0e+00 1.00e-01
49 1.5e-25 2.1e-86 6.2e-88 +5.80e-01 +5.80e-01 9.7e-01 1.0e+00 1.00e-01
50 1.5e-26 2.1e-86 5.9e-88 +5.80e-01 +5.80e-01 9.7e-01 1.0e+00 1.00e-01
51 1.5e-27 2.1e-86 8.5e-88 +5.80e-01 +5.80e-01 9.7e-01 1.0e+00 1.00e-01
52 1.5e-28 2.1e-86 1.0e-87 +5.80e-01 +5.80e-01 9.7e-01 1.0e+00 1.00e-01
53 1.5e-29 2.1e-86 1.0e-87 +5.80e-01 +5.80e-01 9.7e-01 1.0e+00 1.00e-01
54 1.5e-30 2.1e-86 8.8e-88 +5.80e-01 +5.80e-01 9.7e-01 1.0e+00 1.00e-01
55 1.5e-31 2.1e-86 1.1e-87 +5.80e-01 +5.80e-01 9.7e-01 1.0e+00 1.00e-01
56 1.5e-32 2.1e-86 8.1e-88 +5.80e-01 +5.80e-01 9.7e-01 1.0e+00 1.00e-01

phase.value = pdOPT     
   Iteration = 56
          mu = 1.4613902418280921e-32
relative gap = 1.7536682901937105e-31
         gap = 1.7536682901937105e-31
      digits = 3.0519525696374259e+01
objValPrimal = 5.8006030354026488e-01
objValDual   = 5.8006030354026488e-01
p.feas.error = 2.1322138587610824e-76
d.feas.error = 9.6657292621342274e-77
relative eps = 8.6361685550944446e-78
total time   = 0.110


Parameters are
maxIteration =    200
epsilonStar  = 1.000e-30
lambdaStar   = 1.000e+10
omegaStar    = 2.000e+00
lowerBound   = -1.000e+05
upperBound   = 1.000e+05
betaStar     = 1.000e-01
betaBar      = 3.000e-01
gammaStar    = 9.000e-01
epsilonDash  = 1.000e-30
precision    =    200

                         Time(sec)  Ratio(% : MainLoop) 
 Predictor time  =       0.010000,  9.090909
 Corrector time  =       0.020000,  18.181818
 Make bMat time  =       0.010000,  9.090909
 Make bDia time  =       0.000000,  0.000000
 Make bF1  time  =       0.000000,  0.000000
 Make bF2  time  =       0.010000,  9.090909
 Make bF3  time  =       0.000000,  0.000000
 Make bPRE time  =       0.000000,  0.000000
 Make rMat time  =       0.020000,  18.181818
 Make gVec Mul   =       0.000000,  0.000000
 Make gVec time  =       0.000000,  0.000000
 Cholesky bMat   =       0.000000,  0.000000
 Ste Pre time    =       0.000000,  0.000000
 Ste Cor time    =       0.060000,  54.545455
 solve           =       0.000000,  0.000000
 sumDz           =       0.000000,  0.000000
 makedX          =       0.000000,  0.000000
 symmetriseDx    =       0.000000,  0.000000
 makedXdZ        =       0.000000,  0.000000
 xMatTime        =       0.010000,  9.090909
 zMatTime        =       0.000000,  0.000000
 invzMatTime     =       0.000000,  0.000000
 xMatzMatTime    =       0.000000,  0.000000
 EigxMatTime     =       0.050000,  45.454545
 EigzMatTime     =       0.010000,  9.090909
 EigxMatzMatTime =       0.000000,  0.000000
 updateRes       =       0.000000,  0.000000
 EigTime         =       0.060000,  54.545455
 sub_total_bMat  =       0.100000,  90.909091
 Main Loop       =       0.110000,  100.000000
 File Check      =       0.000000,  0.000000
 File Change     =       0.000000,  0.000000
 File Read       =       0.000000,  0.000000
 Total           =       0.110000,  100.000000

xVec = 
{-5.800603035403e-01,+5.488086789973e-02,-1.049897402459e-01,-2.117683334783e-02,+4.236506000877e-01,-8.133428350579e-04,-6.977448569014e-03,+1.070835122181e-02}
xMat = 
{
{ {+1.580060303540e+00,+5.488086789973e-02,-1.049897402459e-01,-2.117683334783e-02,+4.236506000877e-01,-8.133428350579e-04 },
  {+5.488086789973e-02,+4.750705632944e-01,-2.117683334783e-02,+4.236506000877e-01,-8.133428350579e-04,-6.977448569014e-03 },
  {-1.049897402459e-01,-2.117683334783e-02,+1.003710903628e+00,-8.133428350579e-04,-6.977448569014e-03,+1.070835122181e-02 },
  {-2.117683334783e-02,+4.236506000877e-01,-8.133428350579e-04,+5.730828549713e-01,+1.070835122181e-02,-3.842967506305e-01 },
  {+4.236506000877e-01,-8.133428350579e-04,-6.977448569014e-03,+1.070835122181e-02,+1.957635529097e-01,-8.249456651001e-02 },
  {-8.133428350579e-04,-6.977448569014e-03,+1.070835122181e-02,-3.842967506305e-01,-8.249456651001e-02,+7.525731355316e-01 }   }
{ {+6.349411714400e-01,-1.049897402459e-01,-2.117683334783e-02,+4.236506000877e-01,-8.133428350579e-04,-6.977448569014e-03 },
  {-1.049897402459e-01,+5.588834701924e-01,+4.236506000877e-01,-8.133428350579e-04,-6.977448569014e-03,+1.070835122181e-02 },
  {-2.117683334783e-02,+4.236506000877e-01,+5.792469607052e-01,-6.977448569014e-03,+1.070835122181e-02,-3.842967506305e-01 },
  {+4.236506000877e-01,-8.133428350579e-04,-6.977448569014e-03,+5.907686547621e-01,-3.842967506305e-01,-8.249456651001e-02 },
  {-8.133428350579e-04,-6.977448569014e-03,+1.070835122181e-02,-3.842967506305e-01,+4.975657370303e-01,+1.725128319913e-01 },
  {-6.977448569014e-03,+1.070835122181e-02,-3.842967506305e-01,-8.249456651001e-02,+1.725128319913e-01,+6.872753758800e-01 }   }
}
yMat = 
{
{ {+2.163756842002e-32,+1.128111581995e-23,+2.842672819234e-25,-1.274930635720e-23,-2.040968595416e-24,-6.633529976221e-24 },
  {+1.128111581995e-23,+2.175325747928e-01,+5.481496185309e-03,-2.458435390907e-01,-3.935578270338e-02,-1.279136636143e-01 },
  {+2.842672819234e-25,+5.481496185309e-03,+1.381255219279e-04,-6.194890227326e-03,-9.917069798119e-04,-3.223233393061e-03 },
  {-1.274930635720e-23,-2.458435390907e-01,-6.194890227326e-03,+2.778390582203e-01,+4.447777493877e-02,+1.445610975319e-01 },
  {-2.040968595416e-24,-3.935578270338e-02,-9.917069798119e-04,+4.447777493877e-02,+7.120210081966e-03,+2.314201610858e-02 },
  {-6.633529976221e-24,-1.279136636143e-01,-3.223233393061e-03,+1.445610975319e-01,+2.314201610858e-02,+7.521588596472e-02 }   }
{ {+3.810062167820e-02,-1.789774565544e-02,+3.139007249858e-02,-5.966395818928e-02,-5.561978435535e-02,+2.501730469072e-02 },
  {-1.789774565544e-02,+5.249387399478e-02,-7.162690048193e-02,+3.554396563514e-02,+4.650140173437e-02,-4.845640363222e-02 },
  {+3.139007249858e-02,-7.162690048193e-02,+9.925131978417e-02,-5.885396220729e-02,-7.211074712110e-02,+6.796822213505e-02 },
  {-5.966395818928e-02,+3.554396563514e-02,-5.885396220729e-02,+9.471287321871e-02,+9.057205354821e-02,-4.543426265391e-02 },
  {-5.561978435535e-02,+4.650140173437e-02,-7.211074712110e-02,+9.057205354821e-02,+9.061011818004e-02,-5.348317489606e-02 },
  {+2.501730469072e-02,-4.845640363222e-02,+6.796822213505e-02,-4.543426265391e-02,-5.348317489606e-02,+4.698533856245e-02 }   }
}
    main loop time = 0.110000
        total time = 0.110000
  file   read time = 0.000000
