SDPA-GMP start at Wed Jun  5 23:35:11 2024
*SDP Scan Problem: V = x^2 - 2*x^4 + x^8
* K = 6; eval = -5.376884422110552; Domain = R+ with BCs: Neumann
data      is /Users/gorg/qmBoot/data/K=6_BC-Neumann_V_0.0_0.0_1.0_0.0_-2.0_0.0_0.0_0.0_1.0/e=-5.376884422110552_K=6_D=R+.dat
parameter is ./param.sdpa
out       is /Users/gorg/qmBoot/data/K=6_BC-Neumann_V_0.0_0.0_1.0_0.0_-2.0_0.0_0.0_0.0_1.0/e=-5.376884422110552_K=6_D=R+.out
DENSE computation
   mu      thetaP  thetaD  objP      objD      alphaP  alphaD  beta 
 0 1.0e+20 1.0e+00 1.0e+00 +0.00e+00 -1.39e+09 1.0e+00 9.0e-01 3.00e-01
 1 1.6e+19 8.6e-88 1.0e-01 +1.60e+10 -1.39e+08 9.0e-01 9.0e-01 3.00e-01
 2 2.5e+18 2.6e-87 1.0e-02 +2.46e+10 -1.39e+07 9.0e-01 9.0e-01 3.00e-01
 3 3.8e+17 4.3e-87 1.0e-03 +3.79e+10 -1.39e+06 9.0e-01 9.0e-01 3.00e-01
 4 5.8e+16 6.0e-87 1.0e-04 +5.84e+10 -1.39e+05 9.0e-01 9.0e-01 3.00e-01
 5 9.0e+15 7.8e-87 1.0e-05 +9.00e+10 -1.39e+04 9.0e-01 9.0e-01 3.00e-01
 6 1.4e+15 9.5e-87 1.0e-06 +1.39e+11 -1.39e+03 9.0e-01 9.0e-01 3.00e-01
 7 2.1e+14 1.0e-86 1.0e-07 +2.13e+11 -1.39e+02 9.0e-01 9.0e-01 3.00e-01
 8 3.3e+13 1.3e-86 1.0e-08 +3.29e+11 -1.40e+01 9.0e-01 9.0e-01 3.00e-01
 9 5.1e+12 1.4e-86 1.0e-09 +5.05e+11 -1.48e+00 9.0e-01 9.0e-01 3.00e-01
10 8.2e+11 1.6e-86 9.8e-11 +7.69e+11 -2.27e-01 9.2e-01 9.2e-01 3.00e-01
11 1.7e+11 2.0e-86 8.0e-12 +1.05e+12 -9.85e-02 1.7e+00 1.0e+00 3.00e-01
12 3.9e+10 1.7e-86 4.1e-89 +4.66e+11 -7.29e-02 9.6e-01 9.0e+01 1.00e-01
13 5.2e+09 1.6e-86 3.6e-87 +6.23e+10 -5.34e-02 9.9e-01 9.9e-01 1.00e-01
14 5.7e+08 1.4e-86 1.4e-93 +6.81e+09 -5.43e-02 1.0e+00 1.0e+00 1.00e-01
15 5.8e+07 1.5e-86 2.2e-93 +7.01e+08 -5.53e-02 1.0e+00 1.0e+00 1.00e-01
16 5.9e+06 1.5e-86 6.8e-93 +7.09e+07 -5.63e-02 1.0e+00 1.0e+00 1.00e-01
17 5.9e+05 1.6e-86 1.5e-92 +7.12e+06 -5.73e-02 1.0e+00 1.0e+00 1.00e-01
18 5.9e+04 2.0e-86 9.9e-92 +7.14e+05 -5.82e-02 1.0e+00 1.0e+00 1.00e-01
19 5.9e+03 2.0e-86 1.6e-91 +7.14e+04 -5.91e-02 1.0e+00 1.0e+00 1.00e-01
20 6.0e+02 2.0e-86 8.5e-91 +7.14e+03 -5.98e-02 1.0e+00 1.0e+00 1.00e-01
21 6.0e+01 2.2e-86 1.9e-90 +7.15e+02 -6.04e-02 1.0e+00 3.3e+01 1.00e-01
22 6.0e+00 2.4e-86 3.7e-88 +7.22e+01 -4.49e-02 9.8e-01 1.9e+01 1.00e-01
23 6.8e-01 2.3e-86 5.8e-87 +8.25e+00 +6.97e-02 9.1e-01 4.3e+00 1.00e-01
24 1.0e-01 2.5e-86 2.0e-86 +1.58e+00 +3.50e-01 8.6e-01 1.2e+00 1.00e-01
25 1.9e-02 2.3e-86 3.7e-87 +7.78e-01 +5.55e-01 8.8e-01 9.3e-01 1.00e-01
26 3.5e-03 2.4e-86 3.6e-88 +6.83e-01 +6.42e-01 9.3e-01 9.1e-01 1.00e-01
27 6.0e-04 2.4e-86 1.4e-89 +6.70e-01 +6.63e-01 9.4e-01 8.9e-01 1.00e-01
28 1.1e-04 2.4e-86 7.4e-90 +6.68e-01 +6.67e-01 9.7e-01 9.5e-01 1.00e-01
29 1.5e-05 2.4e-86 4.7e-90 +6.68e-01 +6.68e-01 9.6e-01 9.9e-01 1.00e-01
30 1.7e-06 2.4e-86 2.8e-90 +6.68e-01 +6.68e-01 9.7e-01 1.0e+00 1.00e-01
31 1.8e-07 2.4e-86 1.7e-88 +6.68e-01 +6.68e-01 9.7e-01 1.0e+00 1.00e-01
32 1.8e-08 2.4e-86 1.4e-88 +6.68e-01 +6.68e-01 9.7e-01 1.0e+00 1.00e-01
33 1.8e-09 2.4e-86 2.0e-88 +6.68e-01 +6.68e-01 9.7e-01 1.0e+00 1.00e-01
34 1.8e-10 2.4e-86 1.4e-88 +6.68e-01 +6.68e-01 9.7e-01 1.0e+00 1.00e-01
35 1.8e-11 2.4e-86 3.5e-88 +6.68e-01 +6.68e-01 9.7e-01 1.0e+00 1.00e-01
36 1.8e-12 2.4e-86 2.5e-88 +6.68e-01 +6.68e-01 9.7e-01 1.0e+00 1.00e-01
37 1.8e-13 2.4e-86 3.7e-88 +6.68e-01 +6.68e-01 9.7e-01 1.0e+00 1.00e-01
38 1.8e-14 2.4e-86 7.6e-88 +6.68e-01 +6.68e-01 9.7e-01 1.0e+00 1.00e-01
39 1.8e-15 2.4e-86 7.6e-88 +6.68e-01 +6.68e-01 9.7e-01 1.0e+00 1.00e-01
40 1.8e-16 2.4e-86 5.1e-88 +6.68e-01 +6.68e-01 9.7e-01 1.0e+00 1.00e-01
41 1.8e-17 2.4e-86 9.4e-88 +6.68e-01 +6.68e-01 9.7e-01 1.0e+00 1.00e-01
42 1.8e-18 2.4e-86 8.2e-88 +6.68e-01 +6.68e-01 9.7e-01 1.0e+00 1.00e-01
43 1.8e-19 2.4e-86 1.1e-87 +6.68e-01 +6.68e-01 9.7e-01 1.0e+00 1.00e-01
44 1.8e-20 2.4e-86 1.2e-87 +6.68e-01 +6.68e-01 9.7e-01 1.0e+00 1.00e-01
45 1.8e-21 2.4e-86 1.1e-87 +6.68e-01 +6.68e-01 9.7e-01 1.0e+00 1.00e-01
46 1.8e-22 2.4e-86 1.1e-86 +6.68e-01 +6.68e-01 9.7e-01 1.0e+00 1.00e-01
47 1.8e-23 2.4e-86 1.3e-86 +6.68e-01 +6.68e-01 9.7e-01 1.0e+00 1.00e-01
48 1.8e-24 2.4e-86 4.8e-87 +6.68e-01 +6.68e-01 9.7e-01 1.0e+00 1.00e-01
49 1.8e-25 2.4e-86 4.7e-88 +6.68e-01 +6.68e-01 9.7e-01 1.0e+00 1.00e-01
50 1.8e-26 2.4e-86 7.2e-88 +6.68e-01 +6.68e-01 9.7e-01 1.0e+00 1.00e-01
51 1.8e-27 2.4e-86 9.5e-88 +6.68e-01 +6.68e-01 9.7e-01 1.0e+00 1.00e-01
52 1.8e-28 2.4e-86 1.2e-87 +6.68e-01 +6.68e-01 9.7e-01 1.0e+00 1.00e-01
53 1.8e-29 2.4e-86 8.9e-88 +6.68e-01 +6.68e-01 9.7e-01 1.0e+00 1.00e-01
54 1.8e-30 2.4e-86 9.0e-88 +6.68e-01 +6.68e-01 9.7e-01 1.0e+00 1.00e-01
55 1.8e-31 2.4e-86 8.3e-88 +6.68e-01 +6.68e-01 9.7e-01 1.0e+00 1.00e-01
56 1.8e-32 2.4e-86 9.2e-88 +6.68e-01 +6.68e-01 9.7e-01 1.0e+00 1.00e-01

phase.value = pdOPT     
   Iteration = 56
          mu = 1.8424500615208859e-32
relative gap = 2.2109400738250631e-31
         gap = 2.2109400738250631e-31
      digits = 3.0479965173117932e+01
objValPrimal = 6.6763968655068119e-01
objValDual   = 6.6763968655068119e-01
p.feas.error = 2.3774035481104361e-76
d.feas.error = 1.1003899453329310e-76
relative eps = 8.6361685550944446e-78
total time   = 0.120


Parameters are
maxIteration =    200
epsilonStar  = 1.000e-30
lambdaStar   = 1.000e+10
omegaStar    = 2.000e+00
lowerBound   = -1.000e+05
upperBound   = 1.000e+05
betaStar     = 1.000e-01
betaBar      = 3.000e-01
gammaStar    = 9.000e-01
epsilonDash  = 1.000e-30
precision    =    200

                         Time(sec)  Ratio(% : MainLoop) 
 Predictor time  =       0.030000,  25.000000
 Corrector time  =       0.010000,  8.333333
 Make bMat time  =       0.030000,  25.000000
 Make bDia time  =       0.000000,  0.000000
 Make bF1  time  =       0.020000,  16.666667
 Make bF2  time  =       0.010000,  8.333333
 Make bF3  time  =       0.000000,  0.000000
 Make bPRE time  =       0.020000,  16.666667
 Make rMat time  =       0.010000,  8.333333
 Make gVec Mul   =       0.000000,  0.000000
 Make gVec time  =       0.000000,  0.000000
 Cholesky bMat   =       0.000000,  0.000000
 Ste Pre time    =       0.000000,  0.000000
 Ste Cor time    =       0.070000,  58.333333
 solve           =       0.000000,  0.000000
 sumDz           =       0.000000,  0.000000
 makedX          =       0.000000,  0.000000
 symmetriseDx    =       0.000000,  0.000000
 makedXdZ        =       0.000000,  0.000000
 xMatTime        =       0.000000,  0.000000
 zMatTime        =       0.010000,  8.333333
 invzMatTime     =       0.000000,  0.000000
 xMatzMatTime    =       0.000000,  0.000000
 EigxMatTime     =       0.030000,  25.000000
 EigzMatTime     =       0.040000,  33.333333
 EigxMatzMatTime =       0.000000,  0.000000
 updateRes       =       0.000000,  0.000000
 EigTime         =       0.070000,  58.333333
 sub_total_bMat  =       0.090000,  75.000000
 Main Loop       =       0.120000,  100.000000
 File Check      =       0.000000,  0.000000
 File Change     =       0.000000,  0.000000
 File Read       =       0.000000,  0.000000
 Total           =       0.120000,  100.000000

xVec = 
{-6.676396865507e-01,+5.304653022190e-02,-1.184040725554e-01,-2.639033203583e-02,+4.890041789164e-01,-5.807588003530e-03,-9.574882932711e-03,+1.022542056584e-02}
xMat = 
{
{ {+1.667639686551e+00,+5.304653022190e-02,-1.184040725554e-01,-2.639033203583e-02,+4.890041789164e-01,-5.807588003530e-03 },
  {+5.304653022190e-02,+5.492356139953e-01,-2.639033203583e-02,+4.890041789164e-01,-5.807588003530e-03,-9.574882932711e-03 },
  {-1.184040725554e-01,-2.639033203583e-02,+1.156643865467e+00,-5.807588003530e-03,-9.574882932711e-03,+1.022542056584e-02 },
  {-2.639033203583e-02,+4.890041789164e-01,-5.807588003530e-03,+6.580648036180e-01,+1.022542056584e-02,-4.412102407003e-01 },
  {+4.890041789164e-01,-5.807588003530e-03,-9.574882932711e-03,+1.022542056584e-02,+2.264294458504e-01,-9.580747955361e-02 },
  {-5.807588003530e-03,-9.574882932711e-03,+1.022542056584e-02,-4.412102407003e-01,-9.580747955361e-02,+8.616639000820e-01 }   }
{ {+7.206862167726e-01,-1.184040725554e-01,-2.639033203583e-02,+4.890041789164e-01,-5.807588003530e-03,-9.574882932711e-03 },
  {-1.184040725554e-01,+6.412493545149e-01,+4.890041789164e-01,-5.807588003530e-03,-9.574882932711e-03,+1.022542056584e-02 },
  {-2.639033203583e-02,+4.890041789164e-01,+6.618320985472e-01,-9.574882932711e-03,+1.022542056584e-02,-4.412102407003e-01 },
  {+4.890041789164e-01,-5.807588003530e-03,-9.574882932711e-03,+6.778651071165e-01,-4.412102407003e-01,-9.580747955361e-02 },
  {-5.807588003530e-03,-9.574882932711e-03,+1.022542056584e-02,-4.412102407003e-01,+5.718322069971e-01,+1.940242135313e-01 },
  {-9.574882932711e-03,+1.022542056584e-02,-4.412102407003e-01,-9.580747955361e-02,+1.940242135313e-01,+7.973413401770e-01 }   }
}
yMat = 
{
{ {+3.001637444224e-32,+1.344936732312e-23,+2.811763344614e-25,-1.527349918912e-23,-2.309356003040e-24,-7.931371918242e-24 },
  {+1.344936732312e-23,+2.170346062706e-01,+4.537387746114e-03,-2.464709158693e-01,-3.726644859447e-02,-1.279898256944e-01 },
  {+2.811763344614e-25,+4.537387746114e-03,+9.485993000084e-05,-5.152791679889e-03,-7.791030660933e-04,-2.675792016362e-03 },
  {-1.527349918912e-23,-2.464709158693e-01,-5.152791679889e-03,+2.798996593830e-01,+4.232088086831e-02,+1.453490302903e-01 },
  {-2.309356003040e-24,-3.726644859447e-02,-7.791030660933e-04,+4.232088086831e-02,+6.398925105580e-03,+2.197680057488e-02 },
  {-7.931371918242e-24,-1.279898256944e-01,-2.675792016362e-03,+1.453490302903e-01,+2.197680057488e-02,+7.547826479277e-02 }   }
{ {+4.060483188922e-02,-2.241108022778e-02,+3.672915351862e-02,-6.344284376705e-02,-5.901550796390e-02,+2.783671853019e-02 },
  {-2.241108022778e-02,+4.950213392899e-02,-6.794455261829e-02,+4.103889684518e-02,+4.890936839732e-02,-4.547157241597e-02 },
  {+3.672915351862e-02,-6.794455261829e-02,+9.442745137907e-02,-6.511963077060e-02,-7.435649504974e-02,+6.383315117036e-02 },
  {-6.344284376705e-02,+4.103889684518e-02,-6.511963077060e-02,+1.001028736386e-01,+9.485830553200e-02,-4.837670883616e-02 },
  {-5.901550796390e-02,+4.890936839732e-02,-7.435649504974e-02,+9.485830553200e-02,+9.296132058990e-02,-5.370428235793e-02 },
  {+2.783671853019e-02,-4.547157241597e-02,+6.383315117036e-02,-4.837670883616e-02,-5.370428235793e-02,+4.349507309230e-02 }   }
}
    main loop time = 0.120000
        total time = 0.120000
  file   read time = 0.000000
