SDPA-GMP start at Wed Jun  5 23:35:11 2024
*SDP Scan Problem: V = x^2 - 2*x^4 + x^8
* K = 6; eval = -5.57788944723618; Domain = R+ with BCs: Neumann
data      is /Users/gorg/qmBoot/data/K=6_BC-Neumann_V_0.0_0.0_1.0_0.0_-2.0_0.0_0.0_0.0_1.0/e=-5.57788944723618_K=6_D=R+.dat
parameter is ./param.sdpa
out       is /Users/gorg/qmBoot/data/K=6_BC-Neumann_V_0.0_0.0_1.0_0.0_-2.0_0.0_0.0_0.0_1.0/e=-5.57788944723618_K=6_D=R+.out
DENSE computation
   mu      thetaP  thetaD  objP      objD      alphaP  alphaD  beta 
 0 1.0e+20 1.0e+00 1.0e+00 +0.00e+00 -9.87e+08 1.0e+00 9.0e-01 3.00e-01
 1 1.6e+19 8.6e-88 1.0e-01 +1.60e+10 -9.87e+07 9.0e-01 9.0e-01 3.00e-01
 2 2.5e+18 1.7e-87 1.0e-02 +2.46e+10 -9.87e+06 9.0e-01 9.0e-01 3.00e-01
 3 3.8e+17 3.5e-87 1.0e-03 +3.79e+10 -9.87e+05 9.0e-01 9.0e-01 3.00e-01
 4 5.8e+16 4.3e-87 1.0e-04 +5.84e+10 -9.87e+04 9.0e-01 9.0e-01 3.00e-01
 5 9.0e+15 6.9e-87 1.0e-05 +9.00e+10 -9.87e+03 9.0e-01 9.0e-01 3.00e-01
 6 1.4e+15 7.8e-87 1.0e-06 +1.39e+11 -9.87e+02 9.0e-01 9.0e-01 3.00e-01
 7 2.1e+14 8.6e-87 1.0e-07 +2.13e+11 -9.88e+01 9.0e-01 9.0e-01 3.00e-01
 8 3.3e+13 9.5e-87 1.0e-08 +3.29e+11 -9.96e+00 9.0e-01 9.0e-01 3.00e-01
 9 5.1e+12 1.3e-86 1.0e-09 +5.05e+11 -1.08e+00 9.0e-01 9.0e-01 3.00e-01
10 8.2e+11 1.5e-86 9.8e-11 +7.69e+11 -1.87e-01 9.2e-01 9.2e-01 3.00e-01
11 1.7e+11 1.6e-86 8.0e-12 +1.05e+12 -9.50e-02 1.7e+00 1.0e+00 3.00e-01
12 3.9e+10 1.3e-86 3.1e-94 +4.67e+11 -7.17e-02 9.6e-01 9.0e+01 1.00e-01
13 5.2e+09 1.3e-86 5.8e-92 +6.25e+10 -5.05e-02 9.9e-01 9.9e-01 1.00e-01
14 5.7e+08 1.5e-86 1.1e-93 +6.84e+09 -5.14e-02 1.0e+00 1.0e+00 1.00e-01
15 5.9e+07 1.6e-86 2.0e-93 +7.04e+08 -5.25e-02 1.0e+00 1.0e+00 1.00e-01
16 5.9e+06 1.6e-86 6.8e-93 +7.13e+07 -5.36e-02 1.0e+00 1.0e+00 1.00e-01
17 6.0e+05 1.7e-86 1.6e-92 +7.16e+06 -5.47e-02 1.0e+00 1.0e+00 1.00e-01
18 6.0e+04 2.0e-86 5.6e-92 +7.17e+05 -5.57e-02 1.0e+00 1.0e+00 1.00e-01
19 6.0e+03 2.1e-86 3.0e-91 +7.17e+04 -5.66e-02 1.0e+00 1.0e+00 1.00e-01
20 6.0e+02 2.2e-86 7.9e-91 +7.17e+03 -5.74e-02 1.0e+00 1.0e+00 1.00e-01
21 6.0e+01 2.4e-86 5.0e-90 +7.18e+02 -5.80e-02 1.0e+00 3.3e+01 1.00e-01
22 6.1e+00 2.8e-86 2.4e-88 +7.26e+01 -4.25e-02 9.8e-01 1.9e+01 1.00e-01
23 6.9e-01 2.6e-86 4.1e-87 +8.31e+00 +8.05e-02 9.1e-01 4.2e+00 1.00e-01
24 1.0e-01 2.7e-86 1.3e-86 +1.61e+00 +3.68e-01 8.6e-01 1.2e+00 1.00e-01
25 1.9e-02 2.6e-86 2.3e-87 +8.06e-01 +5.79e-01 8.8e-01 9.3e-01 1.00e-01
26 3.5e-03 2.5e-86 1.5e-88 +7.09e-01 +6.66e-01 9.3e-01 9.1e-01 1.00e-01
27 6.1e-04 2.5e-86 7.2e-89 +6.95e-01 +6.88e-01 9.4e-01 8.9e-01 1.00e-01
28 1.1e-04 2.5e-86 8.0e-90 +6.93e-01 +6.92e-01 9.7e-01 9.5e-01 1.00e-01
29 1.6e-05 2.5e-86 4.6e-90 +6.93e-01 +6.93e-01 9.7e-01 9.9e-01 1.00e-01
30 1.8e-06 2.5e-86 2.9e-90 +6.93e-01 +6.93e-01 9.7e-01 1.0e+00 1.00e-01
31 1.9e-07 2.5e-86 9.5e-89 +6.93e-01 +6.93e-01 9.7e-01 1.0e+00 1.00e-01
32 1.9e-08 2.5e-86 1.1e-88 +6.93e-01 +6.93e-01 9.7e-01 1.0e+00 1.00e-01
33 1.9e-09 2.5e-86 1.7e-88 +6.93e-01 +6.93e-01 9.7e-01 1.0e+00 1.00e-01
34 1.9e-10 2.5e-86 1.6e-88 +6.93e-01 +6.93e-01 9.7e-01 1.0e+00 1.00e-01
35 1.9e-11 2.5e-86 2.8e-88 +6.93e-01 +6.93e-01 9.7e-01 1.0e+00 1.00e-01
36 1.9e-12 2.5e-86 4.9e-88 +6.93e-01 +6.93e-01 9.7e-01 1.0e+00 1.00e-01
37 1.9e-13 2.5e-86 3.5e-88 +6.93e-01 +6.93e-01 9.7e-01 1.0e+00 1.00e-01
38 1.9e-14 2.5e-86 4.6e-88 +6.93e-01 +6.93e-01 9.7e-01 1.0e+00 1.00e-01
39 1.9e-15 2.5e-86 4.8e-88 +6.93e-01 +6.93e-01 9.7e-01 1.0e+00 1.00e-01
40 1.9e-16 2.5e-86 7.7e-88 +6.93e-01 +6.93e-01 9.7e-01 1.0e+00 1.00e-01
41 1.9e-17 2.5e-86 8.9e-88 +6.93e-01 +6.93e-01 9.7e-01 1.0e+00 1.00e-01
42 1.9e-18 2.5e-86 7.4e-88 +6.93e-01 +6.93e-01 9.7e-01 1.0e+00 1.00e-01
43 1.9e-19 2.5e-86 6.1e-88 +6.93e-01 +6.93e-01 9.7e-01 1.0e+00 1.00e-01
44 1.9e-20 2.5e-86 9.5e-88 +6.93e-01 +6.93e-01 9.7e-01 1.0e+00 1.00e-01
45 1.9e-21 2.5e-86 1.1e-87 +6.93e-01 +6.93e-01 9.7e-01 1.0e+00 1.00e-01
46 1.9e-22 2.5e-86 8.6e-87 +6.93e-01 +6.93e-01 9.7e-01 1.0e+00 1.00e-01
47 1.9e-23 2.5e-86 1.7e-86 +6.93e-01 +6.93e-01 9.7e-01 1.0e+00 1.00e-01
48 1.9e-24 2.5e-86 4.5e-87 +6.93e-01 +6.93e-01 9.7e-01 1.0e+00 1.00e-01
49 1.9e-25 2.5e-86 6.3e-88 +6.93e-01 +6.93e-01 9.7e-01 1.0e+00 1.00e-01
50 1.9e-26 2.5e-86 7.3e-88 +6.93e-01 +6.93e-01 9.7e-01 1.0e+00 1.00e-01
51 1.9e-27 2.5e-86 4.9e-88 +6.93e-01 +6.93e-01 9.7e-01 1.0e+00 1.00e-01
52 1.9e-28 2.5e-86 1.1e-87 +6.93e-01 +6.93e-01 9.7e-01 1.0e+00 1.00e-01
53 1.9e-29 2.5e-86 7.7e-88 +6.93e-01 +6.93e-01 9.7e-01 1.0e+00 1.00e-01
54 1.9e-30 2.5e-86 9.4e-88 +6.93e-01 +6.93e-01 9.7e-01 1.0e+00 1.00e-01
55 1.9e-31 2.5e-86 1.1e-87 +6.93e-01 +6.93e-01 9.7e-01 1.0e+00 1.00e-01
56 1.9e-32 2.5e-86 9.3e-88 +6.93e-01 +6.93e-01 9.7e-01 1.0e+00 1.00e-01

phase.value = pdOPT     
   Iteration = 56
          mu = 1.9286422812152320e-32
relative gap = 2.3143707374582783e-31
         gap = 2.3143707374582783e-31
      digits = 3.0476108017028576e+01
objValPrimal = 6.9269323549928245e-01
objValDual   = 6.9269323549928245e-01
p.feas.error = 2.5197529057738173e-76
d.feas.error = 1.1166525205236959e-76
relative eps = 8.6361685550944446e-78
total time   = 0.110


Parameters are
maxIteration =    200
epsilonStar  = 1.000e-30
lambdaStar   = 1.000e+10
omegaStar    = 2.000e+00
lowerBound   = -1.000e+05
upperBound   = 1.000e+05
betaStar     = 1.000e-01
betaBar      = 3.000e-01
gammaStar    = 9.000e-01
epsilonDash  = 1.000e-30
precision    =    200

                         Time(sec)  Ratio(% : MainLoop) 
 Predictor time  =       0.010000,  9.090909
 Corrector time  =       0.040000,  36.363636
 Make bMat time  =       0.010000,  9.090909
 Make bDia time  =       0.000000,  0.000000
 Make bF1  time  =       0.000000,  0.000000
 Make bF2  time  =       0.010000,  9.090909
 Make bF3  time  =       0.000000,  0.000000
 Make bPRE time  =       0.000000,  0.000000
 Make rMat time  =       0.010000,  9.090909
 Make gVec Mul   =       0.000000,  0.000000
 Make gVec time  =       0.000000,  0.000000
 Cholesky bMat   =       0.000000,  0.000000
 Ste Pre time    =       0.000000,  0.000000
 Ste Cor time    =       0.050000,  45.454545
 solve           =       0.000000,  0.000000
 sumDz           =       0.000000,  0.000000
 makedX          =       0.020000,  18.181818
 symmetriseDx    =       0.000000,  0.000000
 makedXdZ        =       0.020000,  18.181818
 xMatTime        =       0.000000,  0.000000
 zMatTime        =       0.000000,  0.000000
 invzMatTime     =       0.000000,  0.000000
 xMatzMatTime    =       0.000000,  0.000000
 EigxMatTime     =       0.030000,  27.272727
 EigzMatTime     =       0.020000,  18.181818
 EigxMatzMatTime =       0.000000,  0.000000
 updateRes       =       0.010000,  9.090909
 EigTime         =       0.050000,  45.454545
 sub_total_bMat  =       0.100000,  90.909091
 Main Loop       =       0.110000,  100.000000
 File Check      =       0.000000,  0.000000
 File Change     =       0.000000,  0.000000
 File Read       =       0.000000,  0.000000
 Total           =       0.110000,  100.000000

xVec = 
{-6.926932354993e-01,+5.269880758254e-02,-1.216210662617e-01,-2.771111527441e-02,+5.080907533999e-01,-7.036711430873e-03,-1.033437187699e-02,+1.030307699996e-02}
xMat = 
{
{ {+1.692693235499e+00,+5.269880758254e-02,-1.216210662617e-01,-2.771111527441e-02,+5.080907533999e-01,-7.036711430873e-03 },
  {+5.269880758254e-02,+5.710721692376e-01,-2.771111527441e-02,+5.080907533999e-01,-7.036711430873e-03,-1.033437187699e-02 },
  {-1.216210662617e-01,-2.771111527441e-02,+1.200783988899e+00,-7.036711430873e-03,-1.033437187699e-02,+1.030307699996e-02 },
  {-2.771111527441e-02,+5.080907533999e-01,-7.036711430873e-03,+6.823588636223e-01,+1.030307699996e-02,-4.572205588627e-01 },
  {+5.080907533999e-01,-7.036711430873e-03,-1.033437187699e-02,+1.030307699996e-02,+2.354726766366e-01,-9.962750387208e-02 },
  {-7.036711430873e-03,-1.033437187699e-02,+1.030307699996e-02,-4.572205588627e-01,-9.962750387208e-02,+8.926160717591e-01 }   }
{ {+7.453920430818e-01,-1.216210662617e-01,-2.771111527441e-02,+5.080907533999e-01,-7.036711430873e-03,-1.033437187699e-02 },
  {-1.216210662617e-01,+6.649821202249e-01,+5.080907533999e-01,-7.036711430873e-03,-1.033437187699e-02,+1.030307699996e-02 },
  {-2.771111527441e-02,+5.080907533999e-01,+6.856565240684e-01,-1.033437187699e-02,+1.030307699996e-02,-4.572205588627e-01 },
  {+5.080907533999e-01,-7.036711430873e-03,-1.033437187699e-02,+7.029963124992e-01,-4.572205588627e-01,-9.962750387208e-02 },
  {-7.036711430873e-03,-1.033437187699e-02,+1.030307699996e-02,-4.572205588627e-01,+5.930657316272e-01,+1.999228362599e-01 },
  {-1.033437187699e-02,+1.030307699996e-02,-4.572205588627e-01,-9.962750387208e-02,+1.999228362599e-01,+8.293546700606e-01 }   }
}
yMat = 
{
{ {+3.257880713677e-32,+1.464069956452e-23,+2.931146002401e-25,-1.664952718462e-23,-2.476058594685e-24,-8.638548479654e-24 },
  {+1.464069956452e-23,+2.161702942565e-01,+4.327844343576e-03,-2.458306841080e-01,-3.655906581341e-02,-1.275483836224e-01 },
  {+2.931146002401e-25,+4.327844343576e-03,+8.664574717189e-05,-4.921661134587e-03,-7.319319554575e-04,-2.553586525341e-03 },
  {-1.664952718462e-23,-2.458306841080e-01,-4.921661134587e-03,+2.795607299184e-01,+4.157527837103e-02,+1.450490989551e-01 },
  {-2.476058594685e-24,-3.655906581341e-02,-7.319319554575e-04,+4.157527837103e-02,+6.182927667034e-03,+2.157118658363e-02 },
  {-8.638548479654e-24,-1.275483836224e-01,-2.553586525341e-03,+1.450490989551e-01,+2.157118658363e-02,+7.525821353319e-02 }   }
{ {+4.166471868073e-02,-2.350035796109e-02,+3.802782465353e-02,-6.492990194066e-02,-6.023953503862e-02,+2.849717187482e-02 },
  {-2.350035796109e-02,+4.904411810495e-02,-6.731119429685e-02,+4.231762082214e-02,+4.949110275534e-02,-4.485732423163e-02 },
  {+3.802782465353e-02,-6.731119429685e-02,+9.347877631142e-02,-6.655995028248e-02,-7.486164220710e-02,+6.289501519918e-02 },
  {-6.492990194066e-02,+4.231762082214e-02,-6.655995028248e-02,+1.020923328411e-01,+9.634534532914e-02,-4.898992072311e-02 },
  {-6.023953503862e-02,+4.949110275534e-02,-7.486164220710e-02,+9.634534532914e-02,+9.382029305190e-02,-5.367896837691e-02 },
  {+2.849717187482e-02,-4.485732423163e-02,+6.289501519918e-02,-4.898992072311e-02,-5.367896837691e-02,+4.264094988759e-02 }   }
}
    main loop time = 0.110000
        total time = 0.110000
  file   read time = 0.000000
