SDPA-GMP start at Wed Jun  5 23:35:11 2024
*SDP Scan Problem: V = x^2 - 2*x^4 + x^8
* K = 6; eval = -5.477386934673366; Domain = R+ with BCs: Neumann
data      is /Users/gorg/qmBoot/data/K=6_BC-Neumann_V_0.0_0.0_1.0_0.0_-2.0_0.0_0.0_0.0_1.0/e=-5.477386934673366_K=6_D=R+.dat
parameter is ./param.sdpa
out       is /Users/gorg/qmBoot/data/K=6_BC-Neumann_V_0.0_0.0_1.0_0.0_-2.0_0.0_0.0_0.0_1.0/e=-5.477386934673366_K=6_D=R+.out
DENSE computation
   mu      thetaP  thetaD  objP      objD      alphaP  alphaD  beta 
 0 1.0e+20 1.0e+00 1.0e+00 +0.00e+00 -1.19e+09 1.0e+00 9.0e-01 3.00e-01
 1 1.6e+19 8.6e-88 1.0e-01 +1.60e+10 -1.19e+08 9.0e-01 9.0e-01 3.00e-01
 2 2.5e+18 1.7e-87 1.0e-02 +2.46e+10 -1.19e+07 9.0e-01 9.0e-01 3.00e-01
 3 3.8e+17 2.6e-87 1.0e-03 +3.79e+10 -1.19e+06 9.0e-01 9.0e-01 3.00e-01
 4 5.8e+16 3.5e-87 1.0e-04 +5.84e+10 -1.19e+05 9.0e-01 9.0e-01 3.00e-01
 5 9.0e+15 6.0e-87 1.0e-05 +9.00e+10 -1.19e+04 9.0e-01 9.0e-01 3.00e-01
 6 1.4e+15 7.8e-87 1.0e-06 +1.39e+11 -1.19e+03 9.0e-01 9.0e-01 3.00e-01
 7 2.1e+14 8.6e-87 1.0e-07 +2.13e+11 -1.19e+02 9.0e-01 9.0e-01 3.00e-01
 8 3.3e+13 1.0e-86 1.0e-08 +3.29e+11 -1.20e+01 9.0e-01 9.0e-01 3.00e-01
 9 5.1e+12 1.0e-86 1.0e-09 +5.05e+11 -1.28e+00 9.0e-01 9.0e-01 3.00e-01
10 8.2e+11 1.2e-86 9.8e-11 +7.69e+11 -2.07e-01 9.2e-01 9.2e-01 3.00e-01
11 1.7e+11 1.5e-86 8.0e-12 +1.05e+12 -9.68e-02 1.7e+00 1.0e+00 3.00e-01
12 3.9e+10 1.3e-86 3.4e-94 +4.66e+11 -7.23e-02 9.6e-01 9.0e+01 1.00e-01
13 5.2e+09 1.4e-86 5.9e-92 +6.24e+10 -5.20e-02 9.9e-01 9.9e-01 1.00e-01
14 5.7e+08 1.4e-86 1.4e-93 +6.83e+09 -5.29e-02 1.0e+00 1.0e+00 1.00e-01
15 5.9e+07 1.6e-86 1.5e-93 +7.02e+08 -5.39e-02 1.0e+00 1.0e+00 1.00e-01
16 5.9e+06 1.9e-86 8.9e-93 +7.11e+07 -5.50e-02 1.0e+00 1.0e+00 1.00e-01
17 6.0e+05 2.2e-86 2.5e-92 +7.14e+06 -5.60e-02 1.0e+00 1.0e+00 1.00e-01
18 6.0e+04 2.1e-86 1.1e-91 +7.15e+05 -5.70e-02 1.0e+00 1.0e+00 1.00e-01
19 6.0e+03 2.2e-86 2.5e-91 +7.16e+04 -5.78e-02 1.0e+00 1.0e+00 1.00e-01
20 6.0e+02 2.3e-86 9.4e-91 +7.16e+03 -5.86e-02 1.0e+00 1.0e+00 1.00e-01
21 6.0e+01 2.5e-86 3.5e-90 +7.17e+02 -5.92e-02 1.0e+00 3.3e+01 1.00e-01
22 6.0e+00 2.6e-86 4.2e-88 +7.24e+01 -4.37e-02 9.8e-01 1.9e+01 1.00e-01
23 6.8e-01 2.8e-86 6.9e-87 +8.28e+00 +7.51e-02 9.1e-01 4.3e+00 1.00e-01
24 1.0e-01 2.8e-86 2.3e-86 +1.59e+00 +3.59e-01 8.6e-01 1.2e+00 1.00e-01
25 1.9e-02 2.7e-86 4.3e-87 +7.92e-01 +5.67e-01 8.8e-01 9.3e-01 1.00e-01
26 3.5e-03 2.7e-86 3.6e-88 +6.96e-01 +6.54e-01 9.3e-01 9.1e-01 1.00e-01
27 6.1e-04 2.7e-86 7.2e-89 +6.82e-01 +6.75e-01 9.4e-01 8.9e-01 1.00e-01
28 1.1e-04 2.7e-86 7.2e-90 +6.81e-01 +6.79e-01 9.7e-01 9.5e-01 1.00e-01
29 1.6e-05 2.7e-86 3.9e-90 +6.80e-01 +6.80e-01 9.7e-01 9.9e-01 1.00e-01
30 1.8e-06 2.7e-86 3.0e-90 +6.80e-01 +6.80e-01 9.7e-01 1.0e+00 1.00e-01
31 1.8e-07 2.7e-86 1.6e-88 +6.80e-01 +6.80e-01 9.7e-01 1.0e+00 1.00e-01
32 1.9e-08 2.7e-86 1.0e-88 +6.80e-01 +6.80e-01 9.7e-01 1.0e+00 1.00e-01
33 1.9e-09 2.7e-86 1.5e-88 +6.80e-01 +6.80e-01 9.7e-01 1.0e+00 1.00e-01
34 1.9e-10 2.7e-86 1.4e-88 +6.80e-01 +6.80e-01 9.7e-01 1.0e+00 1.00e-01
35 1.9e-11 2.7e-86 2.7e-88 +6.80e-01 +6.80e-01 9.7e-01 1.0e+00 1.00e-01
36 1.9e-12 2.7e-86 4.2e-88 +6.80e-01 +6.80e-01 9.7e-01 1.0e+00 1.00e-01
37 1.9e-13 2.7e-86 5.2e-88 +6.80e-01 +6.80e-01 9.7e-01 1.0e+00 1.00e-01
38 1.9e-14 2.7e-86 5.5e-88 +6.80e-01 +6.80e-01 9.7e-01 1.0e+00 1.00e-01
39 1.9e-15 2.7e-86 5.7e-88 +6.80e-01 +6.80e-01 9.7e-01 1.0e+00 1.00e-01
40 1.9e-16 2.7e-86 4.0e-88 +6.80e-01 +6.80e-01 9.7e-01 1.0e+00 1.00e-01
41 1.9e-17 2.7e-86 9.7e-88 +6.80e-01 +6.80e-01 9.7e-01 1.0e+00 1.00e-01
42 1.9e-18 2.7e-86 9.3e-88 +6.80e-01 +6.80e-01 9.7e-01 1.0e+00 1.00e-01
43 1.9e-19 2.7e-86 9.9e-88 +6.80e-01 +6.80e-01 9.7e-01 1.0e+00 1.00e-01
44 1.9e-20 2.7e-86 9.2e-88 +6.80e-01 +6.80e-01 9.7e-01 1.0e+00 1.00e-01
45 1.9e-21 2.7e-86 1.3e-87 +6.80e-01 +6.80e-01 9.7e-01 1.0e+00 1.00e-01
46 1.9e-22 2.7e-86 1.1e-86 +6.80e-01 +6.80e-01 9.7e-01 1.0e+00 1.00e-01
47 1.9e-23 2.7e-86 1.8e-86 +6.80e-01 +6.80e-01 9.7e-01 1.0e+00 1.00e-01
48 1.9e-24 2.7e-86 1.2e-86 +6.80e-01 +6.80e-01 9.7e-01 1.0e+00 1.00e-01
49 1.9e-25 2.7e-86 7.8e-88 +6.80e-01 +6.80e-01 9.7e-01 1.0e+00 1.00e-01
50 1.9e-26 2.7e-86 9.2e-88 +6.80e-01 +6.80e-01 9.7e-01 1.0e+00 1.00e-01
51 1.9e-27 2.7e-86 9.6e-88 +6.80e-01 +6.80e-01 9.7e-01 1.0e+00 1.00e-01
52 1.9e-28 2.7e-86 1.1e-87 +6.80e-01 +6.80e-01 9.7e-01 1.0e+00 1.00e-01
53 1.9e-29 2.7e-86 1.1e-87 +6.80e-01 +6.80e-01 9.7e-01 1.0e+00 1.00e-01
54 1.9e-30 2.7e-86 7.6e-88 +6.80e-01 +6.80e-01 9.7e-01 1.0e+00 1.00e-01
55 1.9e-31 2.7e-86 1.1e-87 +6.80e-01 +6.80e-01 9.7e-01 1.0e+00 1.00e-01
56 1.9e-32 2.7e-86 9.3e-88 +6.80e-01 +6.80e-01 9.7e-01 1.0e+00 1.00e-01

phase.value = pdOPT     
   Iteration = 56
          mu = 1.8866821033713591e-32
relative gap = 2.2640185240456309e-31
         gap = 2.2640185240456309e-31
      digits = 3.0477734107190393e+01
objValPrimal = 6.8016469129425429e-01
objValDual   = 6.8016469129425429e-01
p.feas.error = 2.6903337526354616e-76
d.feas.error = 1.1218365794559611e-76
relative eps = 8.6361685550944446e-78
total time   = 0.110


Parameters are
maxIteration =    200
epsilonStar  = 1.000e-30
lambdaStar   = 1.000e+10
omegaStar    = 2.000e+00
lowerBound   = -1.000e+05
upperBound   = 1.000e+05
betaStar     = 1.000e-01
betaBar      = 3.000e-01
gammaStar    = 9.000e-01
epsilonDash  = 1.000e-30
precision    =    200

                         Time(sec)  Ratio(% : MainLoop) 
 Predictor time  =       0.030000,  27.272727
 Corrector time  =       0.030000,  27.272727
 Make bMat time  =       0.020000,  18.181818
 Make bDia time  =       0.000000,  0.000000
 Make bF1  time  =       0.010000,  9.090909
 Make bF2  time  =       0.010000,  9.090909
 Make bF3  time  =       0.000000,  0.000000
 Make bPRE time  =       0.010000,  9.090909
 Make rMat time  =       0.020000,  18.181818
 Make gVec Mul   =       0.000000,  0.000000
 Make gVec time  =       0.010000,  9.090909
 Cholesky bMat   =       0.000000,  0.000000
 Ste Pre time    =       0.000000,  0.000000
 Ste Cor time    =       0.050000,  45.454545
 solve           =       0.000000,  0.000000
 sumDz           =       0.000000,  0.000000
 makedX          =       0.010000,  9.090909
 symmetriseDx    =       0.000000,  0.000000
 makedXdZ        =       0.010000,  9.090909
 xMatTime        =       0.000000,  0.000000
 zMatTime        =       0.000000,  0.000000
 invzMatTime     =       0.000000,  0.000000
 xMatzMatTime    =       0.000000,  0.000000
 EigxMatTime     =       0.020000,  18.181818
 EigzMatTime     =       0.030000,  27.272727
 EigxMatzMatTime =       0.000000,  0.000000
 updateRes       =       0.000000,  0.000000
 EigTime         =       0.050000,  45.454545
 sub_total_bMat  =       0.090000,  81.818182
 Main Loop       =       0.110000,  100.000000
 File Check      =       0.000000,  0.000000
 File Change     =       0.000000,  0.000000
 File Read       =       0.000000,  0.000000
 Total           =       0.110000,  100.000000

xVec = 
{-6.801646912943e-01,+5.286558453581e-02,-1.200433186372e-01,-2.705938205814e-02,+4.985276079818e-01,-6.432393997332e-03,-9.953064456959e-03,+1.025287865094e-02}
xMat = 
{
{ {+1.680164691294e+00,+5.286558453581e-02,-1.200433186372e-01,-2.705938205814e-02,+4.985276079818e-01,-6.432393997332e-03 },
  {+5.286558453581e-02,+5.601213726571e-01,-2.705938205814e-02,+4.985276079818e-01,-6.432393997332e-03,-9.953064456959e-03 },
  {-1.200433186372e-01,-2.705938205814e-02,+1.178692299276e+00,-6.432393997332e-03,-9.953064456959e-03,+1.025287865094e-02 },
  {-2.705938205814e-02,+4.985276079818e-01,-6.432393997332e-03,+6.702116268373e-01,+1.025287865094e-02,-4.492269299016e-01 },
  {+4.985276079818e-01,-6.432393997332e-03,-9.953064456959e-03,+1.025287865094e-02,+2.309377613927e-01,-9.771855938833e-02 },
  {-6.432393997332e-03,-9.953064456959e-03,+1.025287865094e-02,-4.492269299016e-01,-9.771855938833e-02,+8.771546968367e-01 }   }
{ {+7.330302758301e-01,-1.200433186372e-01,-2.705938205814e-02,+4.985276079818e-01,-6.432393997332e-03,-9.953064456959e-03 },
  {-1.200433186372e-01,+6.531053092361e-01,+4.985276079818e-01,-6.432393997332e-03,-9.953064456959e-03,+1.025287865094e-02 },
  {-2.705938205814e-02,+4.985276079818e-01,+6.737322972969e-01,-9.953064456959e-03,+1.025287865094e-02,-4.492269299016e-01 },
  {+4.985276079818e-01,-6.432393997332e-03,-9.953064456959e-03,+6.904175699452e-01,-4.492269299016e-01,-9.771855938833e-02 },
  {-6.432393997332e-03,-9.953064456959e-03,+1.025287865094e-02,-4.492269299016e-01,+5.824461319059e-01,+1.969900055425e-01 },
  {-9.953064456959e-03,+1.025287865094e-02,-4.492269299016e-01,-9.771855938833e-02,+1.969900055425e-01,+8.133207967937e-01 }   }
}
yMat = 
{
{ {+3.128741188298e-32,+1.400590721595e-23,+2.863862911947e-25,-1.591655493431e-23,-2.386803258639e-24,-8.261843317094e-24 },
  {+1.400590721595e-23,+2.166332381384e-01,+4.429615882078e-03,-2.461857544343e-01,-3.691734460805e-02,-1.277882140029e-01 },
  {+2.863862911947e-25,+4.429615882078e-03,+9.057472911991e-05,-5.033892015624e-03,-7.548687237712e-04,-2.612954074609e-03 },
  {-1.591655493431e-23,-2.461857544343e-01,-5.033892015624e-03,+2.797697445103e-01,+4.195350820652e-02,+1.452207340963e-01 },
  {-2.386803258639e-24,-3.691734460805e-02,-7.548687237712e-04,+4.195350820652e-02,+6.291233721202e-03,+2.177690539887e-02 },
  {-8.261843317094e-24,-1.277882140029e-01,-2.612954074609e-03,+1.452207340963e-01,+2.177690539887e-02,+7.538006530471e-02 }   }
{ {+4.111988131835e-02,-2.296425910031e-02,+3.738859731895e-02,-6.416932535559e-02,-5.961738208237e-02,+2.817360365615e-02 },
  {-2.296425910031e-02,+4.925623601963e-02,-6.760978900318e-02,+4.169074104083e-02,+4.920490811455e-02,-4.515393805197e-02 },
  {+3.738859731895e-02,-6.760978900318e-02,+9.393412743930e-02,-6.585528357069e-02,-7.461527842506e-02,+6.335291884688e-02 },
  {-6.416932535559e-02,+4.169074104083e-02,-6.585528357069e-02,+1.010796301543e-01,+9.559204214386e-02,-4.869347940213e-02 },
  {-5.961738208237e-02,+4.920490811455e-02,-7.461527842506e-02,+9.559204214386e-02,+9.338423054399e-02,-5.369554506231e-02 },
  {+2.817360365615e-02,-4.515393805197e-02,+6.335291884688e-02,-4.869347940213e-02,-5.369554506231e-02,+4.306103812080e-02 }   }
}
    main loop time = 0.110000
        total time = 0.110000
  file   read time = 0.000000
