SDPA-GMP start at Wed Jun  5 23:35:11 2024
*SDP Scan Problem: V = x^2 - 2*x^4 + x^8
* K = 6; eval = -5.6783919597989945; Domain = R+ with BCs: Neumann
data      is /Users/gorg/qmBoot/data/K=6_BC-Neumann_V_0.0_0.0_1.0_0.0_-2.0_0.0_0.0_0.0_1.0/e=-5.6783919597989945_K=6_D=R+.dat
parameter is ./param.sdpa
out       is /Users/gorg/qmBoot/data/K=6_BC-Neumann_V_0.0_0.0_1.0_0.0_-2.0_0.0_0.0_0.0_1.0/e=-5.6783919597989945_K=6_D=R+.out
DENSE computation
   mu      thetaP  thetaD  objP      objD      alphaP  alphaD  beta 
 0 1.0e+20 1.0e+00 1.0e+00 +0.00e+00 -7.86e+08 1.0e+00 9.0e-01 3.00e-01
 1 1.6e+19 8.6e-88 1.0e-01 +1.60e+10 -7.86e+07 9.0e-01 9.0e-01 3.00e-01
 2 2.5e+18 1.7e-87 1.0e-02 +2.46e+10 -7.86e+06 9.0e-01 9.0e-01 3.00e-01
 3 3.8e+17 1.7e-87 1.0e-03 +3.79e+10 -7.86e+05 9.0e-01 9.0e-01 3.00e-01
 4 5.8e+16 3.5e-87 1.0e-04 +5.84e+10 -7.86e+04 9.0e-01 9.0e-01 3.00e-01
 5 9.0e+15 5.2e-87 1.0e-05 +9.00e+10 -7.86e+03 9.0e-01 9.0e-01 3.00e-01
 6 1.4e+15 6.0e-87 1.0e-06 +1.39e+11 -7.86e+02 9.0e-01 9.0e-01 3.00e-01
 7 2.1e+14 8.6e-87 1.0e-07 +2.13e+11 -7.87e+01 9.0e-01 9.0e-01 3.00e-01
 8 3.3e+13 1.1e-86 1.0e-08 +3.29e+11 -7.95e+00 9.0e-01 9.0e-01 3.00e-01
 9 5.1e+12 1.4e-86 1.0e-09 +5.05e+11 -8.75e-01 9.0e-01 9.0e-01 3.00e-01
10 8.2e+11 1.4e-86 9.8e-11 +7.69e+11 -1.67e-01 9.2e-01 9.2e-01 3.00e-01
11 1.7e+11 1.3e-86 8.0e-12 +1.05e+12 -9.33e-02 1.7e+00 1.0e+00 3.00e-01
12 3.9e+10 1.3e-86 1.5e-89 +4.68e+11 -7.10e-02 9.6e-01 9.0e+01 1.00e-01
13 5.2e+09 1.1e-86 1.3e-87 +6.26e+10 -4.88e-02 9.9e-01 9.9e-01 1.00e-01
14 5.7e+08 1.5e-86 1.8e-93 +6.86e+09 -4.98e-02 1.0e+00 1.0e+00 1.00e-01
15 5.9e+07 1.4e-86 1.4e-93 +7.06e+08 -5.10e-02 1.0e+00 1.0e+00 1.00e-01
16 6.0e+06 1.4e-86 6.0e-93 +7.14e+07 -5.22e-02 1.0e+00 1.0e+00 1.00e-01
17 6.0e+05 1.7e-86 2.9e-92 +7.18e+06 -5.33e-02 1.0e+00 1.0e+00 1.00e-01
18 6.0e+04 1.7e-86 7.3e-92 +7.19e+05 -5.43e-02 1.0e+00 1.0e+00 1.00e-01
19 6.0e+03 1.7e-86 2.2e-91 +7.19e+04 -5.53e-02 1.0e+00 1.0e+00 1.00e-01
20 6.0e+02 2.1e-86 6.4e-91 +7.19e+03 -5.61e-02 1.0e+00 1.0e+00 1.00e-01
21 6.0e+01 2.2e-86 3.1e-90 +7.20e+02 -5.68e-02 1.0e+00 3.2e+01 1.00e-01
22 6.1e+00 2.3e-86 4.0e-88 +7.28e+01 -4.13e-02 9.8e-01 1.9e+01 1.00e-01
23 6.9e-01 2.6e-86 6.5e-87 +8.34e+00 +8.61e-02 9.1e-01 4.1e+00 1.00e-01
24 1.0e-01 2.7e-86 2.1e-86 +1.62e+00 +3.78e-01 8.6e-01 1.2e+00 1.00e-01
25 1.9e-02 2.5e-86 3.7e-87 +8.19e-01 +5.91e-01 8.8e-01 9.3e-01 1.00e-01
26 3.6e-03 2.5e-86 3.6e-88 +7.21e-01 +6.79e-01 9.2e-01 9.1e-01 1.00e-01
27 6.2e-04 2.5e-86 1.4e-89 +7.08e-01 +7.00e-01 9.4e-01 8.9e-01 1.00e-01
28 1.1e-04 2.5e-86 1.1e-89 +7.06e-01 +7.04e-01 9.7e-01 9.5e-01 1.00e-01
29 1.6e-05 2.5e-86 4.9e-90 +7.05e-01 +7.05e-01 9.7e-01 9.9e-01 1.00e-01
30 1.8e-06 2.5e-86 2.2e-90 +7.05e-01 +7.05e-01 9.7e-01 1.0e+00 1.00e-01
31 1.9e-07 2.5e-86 1.7e-88 +7.05e-01 +7.05e-01 9.7e-01 1.0e+00 1.00e-01
32 2.0e-08 2.5e-86 1.3e-88 +7.05e-01 +7.05e-01 9.7e-01 1.0e+00 1.00e-01
33 2.0e-09 2.5e-86 2.0e-88 +7.05e-01 +7.05e-01 9.7e-01 1.0e+00 1.00e-01
34 2.0e-10 2.5e-86 1.5e-88 +7.05e-01 +7.05e-01 9.7e-01 1.0e+00 1.00e-01
35 2.0e-11 2.5e-86 3.8e-88 +7.05e-01 +7.05e-01 9.7e-01 1.0e+00 1.00e-01
36 2.0e-12 2.5e-86 2.0e-88 +7.05e-01 +7.05e-01 9.7e-01 1.0e+00 1.00e-01
37 2.0e-13 2.5e-86 6.5e-88 +7.05e-01 +7.05e-01 9.7e-01 1.0e+00 1.00e-01
38 2.0e-14 2.5e-86 5.6e-88 +7.05e-01 +7.05e-01 9.7e-01 1.0e+00 1.00e-01
39 2.0e-15 2.5e-86 5.7e-88 +7.05e-01 +7.05e-01 9.7e-01 1.0e+00 1.00e-01
40 2.0e-16 2.5e-86 9.0e-88 +7.05e-01 +7.05e-01 9.7e-01 1.0e+00 1.00e-01
41 2.0e-17 2.5e-86 7.7e-88 +7.05e-01 +7.05e-01 9.7e-01 1.0e+00 1.00e-01
42 2.0e-18 2.5e-86 1.3e-87 +7.05e-01 +7.05e-01 9.7e-01 1.0e+00 1.00e-01
43 2.0e-19 2.5e-86 8.1e-88 +7.05e-01 +7.05e-01 9.7e-01 1.0e+00 1.00e-01
44 2.0e-20 2.5e-86 1.1e-87 +7.05e-01 +7.05e-01 9.7e-01 1.0e+00 1.00e-01
45 2.0e-21 2.5e-86 1.0e-87 +7.05e-01 +7.05e-01 9.7e-01 1.0e+00 1.00e-01
46 2.0e-22 2.5e-86 1.6e-86 +7.05e-01 +7.05e-01 9.7e-01 1.0e+00 1.00e-01
47 2.0e-23 2.5e-86 2.2e-86 +7.05e-01 +7.05e-01 9.7e-01 1.0e+00 1.00e-01
48 2.0e-24 2.5e-86 9.2e-87 +7.05e-01 +7.05e-01 9.7e-01 1.0e+00 1.00e-01
49 2.0e-25 2.5e-86 5.6e-88 +7.05e-01 +7.05e-01 9.7e-01 1.0e+00 1.00e-01
50 2.0e-26 2.5e-86 9.5e-88 +7.05e-01 +7.05e-01 9.7e-01 1.0e+00 1.00e-01
51 2.0e-27 2.5e-86 8.9e-88 +7.05e-01 +7.05e-01 9.7e-01 1.0e+00 1.00e-01
52 2.0e-28 2.5e-86 9.1e-88 +7.05e-01 +7.05e-01 9.7e-01 1.0e+00 1.00e-01
53 2.0e-29 2.5e-86 7.3e-88 +7.05e-01 +7.05e-01 9.7e-01 1.0e+00 1.00e-01
54 2.0e-30 2.5e-86 9.8e-88 +7.05e-01 +7.05e-01 9.7e-01 1.0e+00 1.00e-01
55 2.0e-31 2.5e-86 9.2e-88 +7.05e-01 +7.05e-01 9.7e-01 1.0e+00 1.00e-01
56 2.0e-32 2.5e-86 1.3e-87 +7.05e-01 +7.05e-01 9.7e-01 1.0e+00 1.00e-01

phase.value = pdOPT     
   Iteration = 56
          mu = 1.9684955708324382e-32
relative gap = 2.3621946849989258e-31
         gap = 2.3621946849989258e-31
      digits = 3.0475012225883717e+01
objValPrimal = 7.0522534812599031e-01
objValDual   = 7.0522534812599031e-01
p.feas.error = 2.4602051298861702e-76
d.feas.error = 1.5455507828712299e-76
relative eps = 8.6361685550944446e-78
total time   = 0.120


Parameters are
maxIteration =    200
epsilonStar  = 1.000e-30
lambdaStar   = 1.000e+10
omegaStar    = 2.000e+00
lowerBound   = -1.000e+05
upperBound   = 1.000e+05
betaStar     = 1.000e-01
betaBar      = 3.000e-01
gammaStar    = 9.000e-01
epsilonDash  = 1.000e-30
precision    =    200

                         Time(sec)  Ratio(% : MainLoop) 
 Predictor time  =       0.040000,  33.333333
 Corrector time  =       0.020000,  16.666667
 Make bMat time  =       0.020000,  16.666667
 Make bDia time  =       0.000000,  0.000000
 Make bF1  time  =       0.020000,  16.666667
 Make bF2  time  =       0.000000,  0.000000
 Make bF3  time  =       0.000000,  0.000000
 Make bPRE time  =       0.010000,  8.333333
 Make rMat time  =       0.020000,  16.666667
 Make gVec Mul   =       0.000000,  0.000000
 Make gVec time  =       0.010000,  8.333333
 Cholesky bMat   =       0.000000,  0.000000
 Ste Pre time    =       0.000000,  0.000000
 Ste Cor time    =       0.050000,  41.666667
 solve           =       0.000000,  0.000000
 sumDz           =       0.000000,  0.000000
 makedX          =       0.010000,  8.333333
 symmetriseDx    =       0.000000,  0.000000
 makedXdZ        =       0.010000,  8.333333
 xMatTime        =       0.000000,  0.000000
 zMatTime        =       0.010000,  8.333333
 invzMatTime     =       0.000000,  0.000000
 xMatzMatTime    =       0.000000,  0.000000
 EigxMatTime     =       0.020000,  16.666667
 EigzMatTime     =       0.030000,  25.000000
 EigxMatzMatTime =       0.000000,  0.000000
 updateRes       =       0.000000,  0.000000
 EigTime         =       0.050000,  41.666667
 sub_total_bMat  =       0.100000,  83.333333
 Main Loop       =       0.120000,  100.000000
 File Check      =       0.000000,  0.000000
 File Change     =       0.000000,  0.000000
 File Read       =       0.000000,  0.000000
 Total           =       0.120000,  100.000000

xVec = 
{-7.052253481260e-01,+5.254467491412e-02,-1.231396104306e-01,-2.834593515465e-02,+5.176915192362e-01,-7.621019611602e-03,-1.071910806527e-02,+1.037559694181e-02}
xMat = 
{
{ {+1.705225348126e+00,+5.254467491412e-02,-1.231396104306e-01,-2.834593515465e-02,+5.176915192362e-01,-7.621019611602e-03 },
  {+5.254467491412e-02,+5.820857376954e-01,-2.834593515465e-02,+5.176915192362e-01,-7.621019611602e-03,-1.071910806527e-02 },
  {-1.231396104306e-01,-2.834593515465e-02,+1.222916867362e+00,-7.621019611602e-03,-1.071910806527e-02,+1.037559694181e-02 },
  {-2.834593515465e-02,+5.176915192362e-01,-7.621019611602e-03,+6.945062400607e-01,+1.037559694181e-02,-4.651927247041e-01 },
  {+5.176915192362e-01,-7.621019611602e-03,-1.071910806527e-02,+1.037559694181e-02,+2.400326234219e-01,-1.015331199975e-01 },
  {-7.621019611602e-03,-1.071910806527e-02,+1.037559694181e-02,-4.651927247041e-01,-1.015331199975e-01,+9.080464572415e-01 }   }
{ {+7.577700230401e-01,-1.231396104306e-01,-2.834593515465e-02,+5.176915192362e-01,-7.621019611602e-03,-1.071910806527e-02 },
  {-1.231396104306e-01,+6.768794129713e-01,+5.176915192362e-01,-7.621019611602e-03,-1.071910806527e-02,+1.037559694181e-02 },
  {-2.834593515465e-02,+5.176915192362e-01,+6.976043285144e-01,-1.071910806527e-02,+1.037559694181e-02,-4.651927247041e-01 },
  {+5.176915192362e-01,-7.621019611602e-03,-1.071910806527e-02,+7.156009450678e-01,-4.651927247041e-01,-1.015331199975e-01 },
  {-7.621019611602e-03,-1.071910806527e-02,+1.037559694181e-02,-4.651927247041e-01,+6.036922281285e-01,+2.028211091155e-01 },
  {-1.071910806527e-02,+1.037559694181e-02,-4.651927247041e-01,-1.015331199975e-01,+2.028211091155e-01,+8.454400521191e-01 }   }
}
yMat = 
{
{ {+3.389344203831e-32,+1.536302669293e-23,+3.014741273806e-25,-1.748317892567e-23,-2.578367466179e-24,-9.067033188720e-24 },
  {+1.536302669293e-23,+2.156515723250e-01,+4.231807330751e-03,-2.454122549493e-01,-3.619267170136e-02,-1.272743971763e-01 },
  {+3.014741273806e-25,+4.231807330751e-03,+8.304225696816e-05,-4.815811766888e-03,-7.102216402785e-04,-2.497550660916e-03 },
  {-1.748317892567e-23,-2.454122549493e-01,-4.815811766888e-03,+2.792800174372e-01,+4.118738889362e-02,+1.448387158582e-01 },
  {-2.578367466179e-24,-3.619267170136e-02,-7.102216402785e-04,+4.118738889362e-02,+6.074193991539e-03,+2.136038436135e-02 },
  {-9.067033188720e-24,-1.272743971763e-01,-2.497550660916e-03,+1.448387158582e-01,+2.136038436135e-02,+7.511548374982e-02 }   }
{ {+4.223665815755e-02,-2.402089243261e-02,+3.864833349984e-02,-6.572106580837e-02,-6.087950789637e-02,+2.880828553018e-02 },
  {-2.402089243261e-02,+4.886266758091e-02,-6.704558244135e-02,+4.292170434972e-02,+4.976869618725e-02,-4.458003446681e-02 },
  {+3.864833349984e-02,-6.704558244135e-02,+9.305831977850e-02,-6.723600332170e-02,-7.509646198409e-02,+6.245792746879e-02 },
  {-6.572106580837e-02,+4.292170434972e-02,-6.723600332170e-02,+1.031366354626e-01,+9.711528863674e-02,-4.926754435019e-02 },
  {-6.087950789637e-02,+4.976869618725e-02,-7.509646198409e-02,+9.711528863674e-02,+9.426726553650e-02,-5.365519968333e-02 },
  {+2.880828553018e-02,-4.458003446681e-02,+6.245792746879e-02,-4.926754435019e-02,-5.365519968333e-02,+4.223414372341e-02 }   }
}
    main loop time = 0.120000
        total time = 0.120000
  file   read time = 0.000000
