SDPA-GMP start at Wed Jun  5 23:35:11 2024
*SDP Scan Problem: V = x^2 - 2*x^4 + x^8
* K = 6; eval = -5.979899497487437; Domain = R+ with BCs: Neumann
data      is /Users/gorg/qmBoot/data/K=6_BC-Neumann_V_0.0_0.0_1.0_0.0_-2.0_0.0_0.0_0.0_1.0/e=-5.979899497487437_K=6_D=R+.dat
parameter is ./param.sdpa
out       is /Users/gorg/qmBoot/data/K=6_BC-Neumann_V_0.0_0.0_1.0_0.0_-2.0_0.0_0.0_0.0_1.0/e=-5.979899497487437_K=6_D=R+.out
DENSE computation
   mu      thetaP  thetaD  objP      objD      alphaP  alphaD  beta 
 0 1.0e+20 1.0e+00 1.0e+00 +0.00e+00 -1.83e+08 1.0e+00 9.0e-01 3.00e-01
 1 1.6e+19 8.6e-88 1.0e-01 +1.60e+10 -1.83e+07 9.0e-01 9.0e-01 3.00e-01
 2 2.5e+18 2.6e-87 1.0e-02 +2.46e+10 -1.83e+06 9.0e-01 9.0e-01 3.00e-01
 3 3.8e+17 4.3e-87 1.0e-03 +3.79e+10 -1.83e+05 9.0e-01 9.0e-01 3.00e-01
 4 5.8e+16 6.0e-87 1.0e-04 +5.84e+10 -1.83e+04 9.0e-01 9.0e-01 3.00e-01
 5 9.0e+15 8.6e-87 1.0e-05 +9.00e+10 -1.83e+03 9.0e-01 9.0e-01 3.00e-01
 6 1.4e+15 1.0e-86 1.0e-06 +1.39e+11 -1.83e+02 9.0e-01 9.0e-01 3.00e-01
 7 2.1e+14 1.0e-86 1.0e-07 +2.13e+11 -1.84e+01 9.0e-01 9.0e-01 3.00e-01
 8 3.3e+13 1.4e-86 1.0e-08 +3.29e+11 -1.92e+00 9.0e-01 9.0e-01 3.00e-01
 9 5.1e+12 1.6e-86 1.0e-09 +5.05e+11 -2.73e-01 9.0e-01 9.0e-01 3.00e-01
10 8.2e+11 1.8e-86 9.8e-11 +7.69e+11 -1.08e-01 9.2e-01 9.2e-01 3.00e-01
11 1.8e+11 1.9e-86 8.1e-12 +1.05e+12 -8.81e-02 1.7e+00 1.0e+00 3.00e-01
12 3.9e+10 1.6e-86 4.7e-94 +4.69e+11 -6.91e-02 9.6e-01 9.0e+01 1.00e-01
13 5.2e+09 1.6e-86 7.7e-92 +6.29e+10 -4.36e-02 9.9e-01 9.9e-01 1.00e-01
14 5.8e+08 1.8e-86 1.6e-93 +6.91e+09 -4.48e-02 1.0e+00 1.0e+00 1.00e-01
15 5.9e+07 2.2e-86 1.9e-93 +7.11e+08 -4.61e-02 1.0e+00 1.0e+00 1.00e-01
16 6.0e+06 2.2e-86 6.5e-93 +7.19e+07 -4.75e-02 1.0e+00 1.0e+00 1.00e-01
17 6.0e+05 2.3e-86 2.2e-92 +7.23e+06 -4.88e-02 1.0e+00 1.0e+00 1.00e-01
18 6.0e+04 2.3e-86 9.7e-92 +7.24e+05 -5.00e-02 1.0e+00 1.0e+00 1.00e-01
19 6.0e+03 2.3e-86 3.6e-91 +7.24e+04 -5.11e-02 1.0e+00 1.0e+00 1.00e-01
20 6.0e+02 2.6e-86 1.1e-90 +7.24e+03 -5.21e-02 1.0e+00 1.0e+00 1.00e-01
21 6.0e+01 2.8e-86 4.4e-90 +7.25e+02 -5.29e-02 1.0e+00 3.2e+01 1.00e-01
22 6.1e+00 3.0e-86 1.9e-88 +7.33e+01 -3.80e-02 9.8e-01 1.9e+01 1.00e-01
23 6.9e-01 2.9e-86 2.4e-87 +8.43e+00 +1.03e-01 9.1e-01 4.0e+00 1.00e-01
24 1.1e-01 3.2e-86 7.5e-87 +1.67e+00 +4.06e-01 8.5e-01 1.2e+00 1.00e-01
25 1.9e-02 3.1e-86 1.3e-87 +8.60e-01 +6.27e-01 8.8e-01 9.3e-01 1.00e-01
26 3.7e-03 3.1e-86 1.4e-88 +7.60e-01 +7.16e-01 9.2e-01 9.2e-01 1.00e-01
27 6.4e-04 3.1e-86 1.7e-89 +7.45e-01 +7.38e-01 9.4e-01 8.9e-01 1.00e-01
28 1.2e-04 3.1e-86 3.7e-90 +7.43e-01 +7.42e-01 9.7e-01 9.4e-01 1.00e-01
29 1.7e-05 3.1e-86 5.8e-90 +7.43e-01 +7.43e-01 9.7e-01 9.9e-01 1.00e-01
30 1.9e-06 3.1e-86 2.2e-90 +7.43e-01 +7.43e-01 9.7e-01 1.0e+00 1.00e-01
31 2.0e-07 3.1e-86 7.2e-89 +7.43e-01 +7.43e-01 9.7e-01 1.0e+00 1.00e-01
32 2.1e-08 3.1e-86 1.5e-88 +7.43e-01 +7.43e-01 9.8e-01 1.0e+00 1.00e-01
33 2.1e-09 3.1e-86 1.6e-88 +7.43e-01 +7.43e-01 9.8e-01 1.0e+00 1.00e-01
34 2.1e-10 3.1e-86 2.0e-88 +7.43e-01 +7.43e-01 9.8e-01 1.0e+00 1.00e-01
35 2.1e-11 3.1e-86 1.8e-88 +7.43e-01 +7.43e-01 9.8e-01 1.0e+00 1.00e-01
36 2.1e-12 3.1e-86 6.4e-88 +7.43e-01 +7.43e-01 9.8e-01 1.0e+00 1.00e-01
37 2.1e-13 3.1e-86 5.6e-88 +7.43e-01 +7.43e-01 9.8e-01 1.0e+00 1.00e-01
38 2.1e-14 3.1e-86 6.4e-88 +7.43e-01 +7.43e-01 9.8e-01 1.0e+00 1.00e-01
39 2.1e-15 3.1e-86 5.4e-88 +7.43e-01 +7.43e-01 9.8e-01 1.0e+00 1.00e-01
40 2.1e-16 3.1e-86 1.2e-87 +7.43e-01 +7.43e-01 9.8e-01 1.0e+00 1.00e-01
41 2.1e-17 3.1e-86 1.1e-87 +7.43e-01 +7.43e-01 9.8e-01 1.0e+00 1.00e-01
42 2.1e-18 3.1e-86 8.2e-88 +7.43e-01 +7.43e-01 9.8e-01 1.0e+00 1.00e-01
43 2.1e-19 3.1e-86 1.2e-87 +7.43e-01 +7.43e-01 9.8e-01 1.0e+00 1.00e-01
44 2.1e-20 3.1e-86 1.2e-87 +7.43e-01 +7.43e-01 9.8e-01 1.0e+00 1.00e-01
45 2.1e-21 3.1e-86 1.1e-87 +7.43e-01 +7.43e-01 9.8e-01 1.0e+00 1.00e-01
46 2.1e-22 3.1e-86 3.7e-86 +7.43e-01 +7.43e-01 9.8e-01 1.0e+00 1.00e-01
47 2.1e-23 3.1e-86 2.0e-86 +7.43e-01 +7.43e-01 9.8e-01 1.0e+00 1.00e-01
48 2.1e-24 3.1e-86 5.7e-86 +7.43e-01 +7.43e-01 9.8e-01 1.0e+00 1.00e-01
49 2.1e-25 3.1e-86 2.8e-86 +7.43e-01 +7.43e-01 9.8e-01 1.0e+00 1.00e-01
50 2.1e-26 3.1e-86 9.4e-88 +7.43e-01 +7.43e-01 9.8e-01 1.0e+00 1.00e-01
51 2.1e-27 3.1e-86 8.6e-88 +7.43e-01 +7.43e-01 9.8e-01 1.0e+00 1.00e-01
52 2.1e-28 3.1e-86 1.1e-87 +7.43e-01 +7.43e-01 9.8e-01 1.0e+00 1.00e-01
53 2.1e-29 3.1e-86 1.2e-87 +7.43e-01 +7.43e-01 9.8e-01 1.0e+00 1.00e-01
54 2.1e-30 3.1e-86 9.7e-88 +7.43e-01 +7.43e-01 9.8e-01 1.0e+00 1.00e-01
55 2.1e-31 3.1e-86 8.8e-88 +7.43e-01 +7.43e-01 9.8e-01 1.0e+00 1.00e-01
56 2.1e-32 3.1e-86 1.3e-87 +7.43e-01 +7.43e-01 9.8e-01 1.0e+00 1.00e-01

phase.value = pdOPT     
   Iteration = 56
          mu = 2.0770425707356661e-32
relative gap = 2.4924510848827994e-31
         gap = 2.4924510848827994e-31
      digits = 3.0474270573250589e+01
objValPrimal = 7.4284331115385857e-01
objValDual   = 7.4284331115385857e-01
p.feas.error = 3.0602977818306179e-76
d.feas.error = 1.6088734210878075e-76
relative eps = 8.6361685550944446e-78
total time   = 0.110


Parameters are
maxIteration =    200
epsilonStar  = 1.000e-30
lambdaStar   = 1.000e+10
omegaStar    = 2.000e+00
lowerBound   = -1.000e+05
upperBound   = 1.000e+05
betaStar     = 1.000e-01
betaBar      = 3.000e-01
gammaStar    = 9.000e-01
epsilonDash  = 1.000e-30
precision    =    200

                         Time(sec)  Ratio(% : MainLoop) 
 Predictor time  =       0.050000,  45.454545
 Corrector time  =       0.010000,  9.090909
 Make bMat time  =       0.020000,  18.181818
 Make bDia time  =       0.000000,  0.000000
 Make bF1  time  =       0.010000,  9.090909
 Make bF2  time  =       0.010000,  9.090909
 Make bF3  time  =       0.000000,  0.000000
 Make bPRE time  =       0.010000,  9.090909
 Make rMat time  =       0.000000,  0.000000
 Make gVec Mul   =       0.000000,  0.000000
 Make gVec time  =       0.010000,  9.090909
 Cholesky bMat   =       0.000000,  0.000000
 Ste Pre time    =       0.000000,  0.000000
 Ste Cor time    =       0.040000,  36.363636
 solve           =       0.000000,  0.000000
 sumDz           =       0.000000,  0.000000
 makedX          =       0.030000,  27.272727
 symmetriseDx    =       0.000000,  0.000000
 makedXdZ        =       0.030000,  27.272727
 xMatTime        =       0.000000,  0.000000
 zMatTime        =       0.000000,  0.000000
 invzMatTime     =       0.000000,  0.000000
 xMatzMatTime    =       0.000000,  0.000000
 EigxMatTime     =       0.020000,  18.181818
 EigzMatTime     =       0.020000,  18.181818
 EigxMatzMatTime =       0.000000,  0.000000
 updateRes       =       0.000000,  0.000000
 EigTime         =       0.040000,  36.363636
 sub_total_bMat  =       0.090000,  81.818182
 Main Loop       =       0.110000,  100.000000
 File Check      =       0.000000,  0.000000
 File Change     =       0.000000,  0.000000
 File Read       =       0.000000,  0.000000
 Total           =       0.110000,  100.000000

xVec = 
{-7.428433111539e-01,+5.214515653250e-02,-1.273614674323e-01,-3.015245854047e-02,+5.466999865949e-01,-9.258414150471e-03,-1.189618863812e-02,+1.072302525255e-02}
xMat = 
{
{ {+1.742843311154e+00,+5.214515653250e-02,-1.273614674323e-01,-3.015245854047e-02,+5.466999865949e-01,-9.258414150471e-03 },
  {+5.214515653250e-02,+6.154818437216e-01,-3.015245854047e-02,+5.466999865949e-01,-9.258414150471e-03,-1.189618863812e-02 },
  {-1.273614674323e-01,-3.015245854047e-02,+1.289543297749e+00,-9.258414150471e-03,-1.189618863812e-02,+1.072302525255e-02 },
  {-3.015245854047e-02,+5.466999865949e-01,-9.258414150471e-03,+7.309471225157e-01,+1.072302525255e-02,-4.889953286107e-01 },
  {+5.466999865949e-01,-9.258414150471e-03,-1.189618863812e-02,+1.072302525255e-02,+2.538479825431e-01,-1.072195868198e-01 },
  {-9.258414150471e-03,-1.189618863812e-02,+1.072302525255e-02,-4.889953286107e-01,-1.072195868198e-01,+9.541382386585e-01 }   }
{ {+7.949884676864e-01,-1.273614674323e-01,-3.015245854047e-02,+5.466999865949e-01,-9.258414150471e-03,-1.189618863812e-02 },
  {-1.273614674323e-01,+7.126908526134e-01,+5.466999865949e-01,-9.258414150471e-03,-1.189618863812e-02,+1.072302525255e-02 },
  {-3.015245854047e-02,+5.466999865949e-01,+7.335848970034e-01,-1.189618863812e-02,+1.072302525255e-02,-4.889953286107e-01 },
  {+5.466999865949e-01,-9.258414150471e-03,-1.189618863812e-02,+7.535663364064e-01,-4.889953286107e-01,-1.072195868198e-01 },
  {-9.258414150471e-03,-1.189618863812e-02,+1.072302525255e-02,-4.889953286107e-01,+6.356237243340e-01,+2.112949275046e-01 },
  {-1.189618863812e-02,+1.072302525255e-02,-4.889953286107e-01,-1.072195868198e-01,+2.112949275046e-01,+8.939775611132e-01 }   }
}
yMat = 
{
{ {+3.801078927360e-32,+1.813223062748e-23,+3.371390627335e-25,-2.067828356795e-23,-2.972786894352e-24,-1.070938712157e-23 },
  {+1.813223062748e-23,+2.138128859200e-01,+3.975499583863e-03,-2.438356082745e-01,-3.505471222213e-02,-1.262836884972e-01 },
  {+3.371390627335e-25,+3.975499583863e-03,+7.391788793876e-05,-4.533722815888e-03,-6.517848222847e-04,-2.348037859875e-03 },
  {-2.067828356795e-23,-2.438356082745e-01,-4.533722815888e-03,+2.780739973027e-01,+3.997695012999e-02,+1.440159224612e-01 },
  {-2.972786894352e-24,-3.505471222213e-02,-6.517848222847e-04,+3.997695012999e-02,+5.747234754769e-03,+2.070426363487e-02 },
  {-1.070938712157e-23,-1.262836884972e-01,-2.348037859875e-03,+1.440159224612e-01,+2.070426363487e-02,+7.458657092550e-02 }   }
{ {+4.409066806932e-02,-2.550229600662e-02,+4.041076934337e-02,-6.824637544097e-02,-6.288429412524e-02,+2.967460867999e-02 },
  {-2.550229600662e-02,+4.847473771059e-02,-6.641817587673e-02,+4.461608118203e-02,+5.055643258555e-02,-4.384892347694e-02 },
  {+4.041076934337e-02,-6.641817587673e-02,+9.197848975207e-02,-6.911346247973e-02,-7.573959926652e-02,+6.125776346221e-02 },
  {-6.824637544097e-02,+4.461608118203e-02,-6.911346247973e-02,+1.064201451583e-01,+9.949899586681e-02,-5.000098714739e-02 },
  {-6.288429412524e-02,+5.055643258555e-02,-7.573959926652e-02,+9.949899586681e-02,+9.565416897091e-02,-5.354665834515e-02 },
  {+2.967460867999e-02,-4.384892347694e-02,+6.125776346221e-02,-5.000098714739e-02,-5.354665834515e-02,+4.108718354789e-02 }   }
}
    main loop time = 0.110000
        total time = 0.110000
  file   read time = 0.000000
