SDPA-GMP start at Wed Jun  5 23:35:11 2024
*SDP Scan Problem: V = x^2 - 2*x^4 + x^8
* K = 6; eval = -5.175879396984924; Domain = R+ with BCs: Neumann
data      is /Users/gorg/qmBoot/data/K=6_BC-Neumann_V_0.0_0.0_1.0_0.0_-2.0_0.0_0.0_0.0_1.0/e=-5.175879396984924_K=6_D=R+.dat
parameter is ./param.sdpa
out       is /Users/gorg/qmBoot/data/K=6_BC-Neumann_V_0.0_0.0_1.0_0.0_-2.0_0.0_0.0_0.0_1.0/e=-5.175879396984924_K=6_D=R+.out
DENSE computation
   mu      thetaP  thetaD  objP      objD      alphaP  alphaD  beta 
 0 1.0e+20 1.0e+00 1.0e+00 +0.00e+00 -1.79e+09 1.0e+00 9.0e-01 3.00e-01
 1 1.6e+19 8.6e-88 1.0e-01 +1.60e+10 -1.79e+08 9.0e-01 9.0e-01 3.00e-01
 2 2.5e+18 3.5e-87 1.0e-02 +2.46e+10 -1.79e+07 9.0e-01 9.0e-01 3.00e-01
 3 3.8e+17 5.2e-87 1.0e-03 +3.79e+10 -1.79e+06 9.0e-01 9.0e-01 3.00e-01
 4 5.8e+16 7.8e-87 1.0e-04 +5.84e+10 -1.79e+05 9.0e-01 9.0e-01 3.00e-01
 5 9.0e+15 1.0e-86 1.0e-05 +9.00e+10 -1.79e+04 9.0e-01 9.0e-01 3.00e-01
 6 1.4e+15 1.2e-86 1.0e-06 +1.39e+11 -1.79e+03 9.0e-01 9.0e-01 3.00e-01
 7 2.1e+14 1.5e-86 1.0e-07 +2.13e+11 -1.79e+02 9.0e-01 9.0e-01 3.00e-01
 8 3.3e+13 1.6e-86 1.0e-08 +3.29e+11 -1.80e+01 9.0e-01 9.0e-01 3.00e-01
 9 5.1e+12 1.7e-86 1.0e-09 +5.05e+11 -1.88e+00 9.0e-01 9.0e-01 3.00e-01
10 8.2e+11 1.8e-86 9.8e-11 +7.69e+11 -2.66e-01 9.2e-01 9.2e-01 3.00e-01
11 1.7e+11 2.1e-86 7.9e-12 +1.05e+12 -1.02e-01 1.6e+00 1.0e+00 3.00e-01
12 3.9e+10 2.0e-86 2.6e-94 +4.65e+11 -7.42e-02 9.6e-01 9.0e+01 1.00e-01
13 5.2e+09 1.8e-86 7.9e-92 +6.21e+10 -5.62e-02 9.9e-01 9.9e-01 1.00e-01
14 5.7e+08 1.6e-86 1.5e-93 +6.78e+09 -5.70e-02 1.0e+00 1.0e+00 1.00e-01
15 5.8e+07 1.5e-86 1.7e-93 +6.97e+08 -5.79e-02 1.0e+00 1.0e+00 1.00e-01
16 5.9e+06 1.3e-86 7.5e-93 +7.06e+07 -5.89e-02 1.0e+00 1.0e+00 1.00e-01
17 5.9e+05 1.3e-86 2.7e-92 +7.09e+06 -5.98e-02 1.0e+00 1.0e+00 1.00e-01
18 5.9e+04 1.5e-86 7.3e-92 +7.10e+05 -6.06e-02 1.0e+00 1.0e+00 1.00e-01
19 5.9e+03 1.6e-86 3.2e-91 +7.11e+04 -6.14e-02 1.0e+00 1.0e+00 1.00e-01
20 5.9e+02 1.6e-86 9.6e-91 +7.11e+03 -6.21e-02 1.0e+00 1.0e+00 1.00e-01
21 5.9e+01 1.8e-86 2.2e-90 +7.11e+02 -6.26e-02 1.0e+00 3.3e+01 1.00e-01
22 6.0e+00 1.8e-86 3.9e-88 +7.18e+01 -4.75e-02 9.8e-01 1.9e+01 1.00e-01
23 6.8e-01 1.9e-86 6.2e-87 +8.19e+00 +5.93e-02 9.2e-01 4.5e+00 1.00e-01
24 1.0e-01 2.0e-86 2.2e-86 +1.55e+00 +3.31e-01 8.6e-01 1.2e+00 1.00e-01
25 1.8e-02 1.8e-86 4.2e-87 +7.51e-01 +5.32e-01 8.8e-01 9.3e-01 1.00e-01
26 3.4e-03 1.8e-86 3.6e-88 +6.58e-01 +6.17e-01 9.3e-01 9.1e-01 1.00e-01
27 5.9e-04 1.8e-86 7.2e-89 +6.45e-01 +6.38e-01 9.4e-01 9.0e-01 1.00e-01
28 1.1e-04 1.8e-86 7.9e-90 +6.43e-01 +6.42e-01 9.7e-01 9.6e-01 1.00e-01
29 1.5e-05 1.8e-86 5.1e-90 +6.43e-01 +6.42e-01 9.6e-01 1.0e+00 1.00e-01
30 1.6e-06 1.8e-86 1.8e-90 +6.43e-01 +6.43e-01 9.7e-01 1.0e+00 1.00e-01
31 1.7e-07 1.8e-86 1.4e-88 +6.43e-01 +6.43e-01 9.7e-01 1.0e+00 1.00e-01
32 1.7e-08 1.8e-86 1.7e-88 +6.43e-01 +6.43e-01 9.7e-01 1.0e+00 1.00e-01
33 1.7e-09 1.8e-86 2.4e-88 +6.43e-01 +6.43e-01 9.7e-01 1.0e+00 1.00e-01
34 1.7e-10 1.8e-86 1.1e-88 +6.43e-01 +6.43e-01 9.7e-01 1.0e+00 1.00e-01
35 1.7e-11 1.8e-86 1.1e-88 +6.43e-01 +6.43e-01 9.7e-01 1.0e+00 1.00e-01
36 1.7e-12 1.8e-86 4.2e-88 +6.43e-01 +6.43e-01 9.7e-01 1.0e+00 1.00e-01
37 1.7e-13 1.8e-86 4.4e-88 +6.43e-01 +6.43e-01 9.7e-01 1.0e+00 1.00e-01
38 1.7e-14 1.8e-86 4.0e-88 +6.43e-01 +6.43e-01 9.7e-01 1.0e+00 1.00e-01
39 1.7e-15 1.8e-86 5.8e-88 +6.43e-01 +6.43e-01 9.7e-01 1.0e+00 1.00e-01
40 1.7e-16 1.8e-86 8.5e-88 +6.43e-01 +6.43e-01 9.7e-01 1.0e+00 1.00e-01
41 1.7e-17 1.8e-86 4.8e-88 +6.43e-01 +6.43e-01 9.7e-01 1.0e+00 1.00e-01
42 1.7e-18 1.8e-86 5.2e-88 +6.43e-01 +6.43e-01 9.7e-01 1.0e+00 1.00e-01
43 1.7e-19 1.8e-86 7.4e-88 +6.43e-01 +6.43e-01 9.7e-01 1.0e+00 1.00e-01
44 1.7e-20 1.8e-86 8.9e-88 +6.43e-01 +6.43e-01 9.7e-01 1.0e+00 1.00e-01
45 1.7e-21 1.8e-86 1.4e-87 +6.43e-01 +6.43e-01 9.7e-01 1.0e+00 1.00e-01
46 1.7e-22 1.8e-86 6.9e-87 +6.43e-01 +6.43e-01 9.7e-01 1.0e+00 1.00e-01
47 1.7e-23 1.8e-86 1.2e-86 +6.43e-01 +6.43e-01 9.7e-01 1.0e+00 1.00e-01
48 1.7e-24 1.8e-86 7.0e-87 +6.43e-01 +6.43e-01 9.7e-01 1.0e+00 1.00e-01
49 1.7e-25 1.8e-86 5.1e-88 +6.43e-01 +6.43e-01 9.7e-01 1.0e+00 1.00e-01
50 1.7e-26 1.8e-86 7.9e-88 +6.43e-01 +6.43e-01 9.7e-01 1.0e+00 1.00e-01
51 1.7e-27 1.8e-86 9.7e-88 +6.43e-01 +6.43e-01 9.7e-01 1.0e+00 1.00e-01
52 1.7e-28 1.8e-86 7.9e-88 +6.43e-01 +6.43e-01 9.7e-01 1.0e+00 1.00e-01
53 1.7e-29 1.8e-86 8.0e-88 +6.43e-01 +6.43e-01 9.7e-01 1.0e+00 1.00e-01
54 1.7e-30 1.8e-86 9.2e-88 +6.43e-01 +6.43e-01 9.7e-01 1.0e+00 1.00e-01
55 1.7e-31 1.8e-86 9.0e-88 +6.43e-01 +6.43e-01 9.7e-01 1.0e+00 1.00e-01
56 1.7e-32 1.8e-86 1.3e-87 +6.43e-01 +6.43e-01 9.7e-01 1.0e+00 1.00e-01

phase.value = pdOPT     
   Iteration = 56
          mu = 1.7466139745176211e-32
relative gap = 2.0959367694211453e-31
         gap = 2.0959367694211453e-31
      digits = 3.0486562649071384e+01
objValPrimal = 6.4260015461513657e-01
objValDual   = 6.4260015461513657e-01
p.feas.error = 1.8115694338241957e-76
d.feas.error = 1.5830783949663030e-76
relative eps = 8.6361685550944446e-78
total time   = 0.110


Parameters are
maxIteration =    200
epsilonStar  = 1.000e-30
lambdaStar   = 1.000e+10
omegaStar    = 2.000e+00
lowerBound   = -1.000e+05
upperBound   = 1.000e+05
betaStar     = 1.000e-01
betaBar      = 3.000e-01
gammaStar    = 9.000e-01
epsilonDash  = 1.000e-30
precision    =    200

                         Time(sec)  Ratio(% : MainLoop) 
 Predictor time  =       0.040000,  36.363636
 Corrector time  =       0.020000,  18.181818
 Make bMat time  =       0.030000,  27.272727
 Make bDia time  =       0.000000,  0.000000
 Make bF1  time  =       0.020000,  18.181818
 Make bF2  time  =       0.010000,  9.090909
 Make bF3  time  =       0.000000,  0.000000
 Make bPRE time  =       0.020000,  18.181818
 Make rMat time  =       0.000000,  0.000000
 Make gVec Mul   =       0.000000,  0.000000
 Make gVec time  =       0.000000,  0.000000
 Cholesky bMat   =       0.000000,  0.000000
 Ste Pre time    =       0.000000,  0.000000
 Ste Cor time    =       0.040000,  36.363636
 solve           =       0.000000,  0.000000
 sumDz           =       0.010000,  9.090909
 makedX          =       0.020000,  18.181818
 symmetriseDx    =       0.000000,  0.000000
 makedXdZ        =       0.030000,  27.272727
 xMatTime        =       0.010000,  9.090909
 zMatTime        =       0.000000,  0.000000
 invzMatTime     =       0.000000,  0.000000
 xMatzMatTime    =       0.000000,  0.000000
 EigxMatTime     =       0.010000,  9.090909
 EigzMatTime     =       0.030000,  27.272727
 EigxMatzMatTime =       0.000000,  0.000000
 updateRes       =       0.000000,  0.000000
 EigTime         =       0.040000,  36.363636
 sub_total_bMat  =       0.080000,  72.727273
 Main Loop       =       0.110000,  100.000000
 File Check      =       0.000000,  0.000000
 File Change     =       0.000000,  0.000000
 File Read       =       0.000000,  0.000000
 Total           =       0.110000,  100.000000

xVec = 
{-6.426001546151e-01,+5.345792591052e-02,-1.149313503901e-01,-2.499844729245e-02,+4.700853583583e-01,-4.494466411433e-03,-8.826416341434e-03,+1.024046168674e-02}
xMat = 
{
{ {+1.642600154615e+00,+5.345792591052e-02,-1.149313503901e-01,-2.499844729245e-02,+4.700853583583e-01,-4.494466411433e-03 },
  {+5.345792591052e-02,+5.276688042251e-01,-2.499844729245e-02,+4.700853583583e-01,-4.494466411433e-03,-8.826416341434e-03 },
  {-1.149313503901e-01,-2.499844729245e-02,+1.112685512973e+00,-4.494466411433e-03,-8.826416341434e-03,+1.024046168674e-02 },
  {-2.499844729245e-02,+4.700853583583e-01,-4.494466411433e-03,+6.337737382737e-01,+1.024046168674e-02,-4.251009092110e-01 },
  {+4.700853583583e-01,-4.494466411433e-03,-8.826416341434e-03,+1.024046168674e-02,+2.174992454042e-01,-9.198423320249e-02 },
  {-4.494466411433e-03,-8.826416341434e-03,+1.024046168674e-02,-4.251009092110e-01,-9.198423320249e-02,+8.306011301590e-01 }   }
{ {+6.960580805257e-01,-1.149313503901e-01,-2.499844729245e-02,+4.700853583583e-01,-4.494466411433e-03,-8.826416341434e-03 },
  {-1.149313503901e-01,+6.176017073227e-01,+4.700853583583e-01,-4.494466411433e-03,-8.826416341434e-03,+1.024046168674e-02 },
  {-2.499844729245e-02,+4.700853583583e-01,+6.381056882037e-01,-8.826416341434e-03,+1.024046168674e-02,-4.251009092110e-01 },
  {+4.700853583583e-01,-4.494466411433e-03,-8.826416341434e-03,+6.528406163019e-01,-4.251009092110e-01,-9.198423320249e-02 },
  {-4.494466411433e-03,-8.826416341434e-03,+1.024046168674e-02,-4.251009092110e-01,+5.506159214126e-01,+1.880009755439e-01 },
  {-8.826416341434e-03,+1.024046168674e-02,-4.251009092110e-01,-9.198423320249e-02,+1.880009755439e-01,+7.655578072341e-01 }   }
}
yMat = 
{
{ {+2.752624699497e-32,+1.253045415054e-23,+2.747601978938e-25,-1.421031260936e-23,-2.184072773133e-24,-7.384930639822e-24 },
  {+1.253045415054e-23,+2.176272274151e-01,+4.771997792651e-03,-2.468027811207e-01,-3.793267847152e-02,-1.282604731304e-01 },
  {+2.747601978938e-25,+4.771997792651e-03,+1.046374720826e-04,-5.411741631397e-03,-8.317647570364e-04,-2.812417829941e-03 },
  {-1.421031260936e-23,-2.468027811207e-01,-5.411741631397e-03,+2.798896695619e-01,+4.301801136431e-02,+1.454553359542e-01 },
  {-2.184072773133e-24,-3.793267847152e-02,-8.317647570364e-04,+4.301801136431e-02,+6.611709909253e-03,+2.235594941704e-02 },
  {-7.384930639822e-24,-1.282604731304e-01,-2.812417829941e-03,+1.454553359542e-01,+2.235594941704e-02,+7.559140996758e-02 }   }
{ {+3.967575143536e-02,-2.124665818289e-02,+3.534295195273e-02,-6.210745475182e-02,-5.788337983110e-02,+2.711920168217e-02 },
  {-2.124665818289e-02,+5.010908177941e-02,-6.873661289152e-02,+3.965055945206e-02,+4.828694883415e-02,-4.617735651695e-02 },
  {+3.534295195273e-02,-6.873661289152e-02,+9.554141956346e-02,-6.354482030138e-02,-7.379787316372e-02,+6.486713438537e-02 },
  {-6.210745475182e-02,+3.965055945206e-02,-6.354482030138e-02,+9.827625021835e-02,+9.346247402630e-02,-4.767550876588e-02 },
  {-5.788337983110e-02,+4.828694883415e-02,-7.379787316372e-02,+9.346247402630e-02,+9.216506195955e-02,-5.369545395968e-02 },
  {+2.711920168217e-02,-4.617735651695e-02,+6.486713438537e-02,-4.767550876588e-02,-5.369545395968e-02,+4.440778071794e-02 }   }
}
    main loop time = 0.110000
        total time = 0.110000
  file   read time = 0.000000
