SDPA-GMP start at Wed Jun  5 23:35:11 2024
*SDP Scan Problem: V = x^2 - 2*x^4 + x^8
* K = 6; eval = -5.7788944723618085; Domain = R+ with BCs: Neumann
data      is /Users/gorg/qmBoot/data/K=6_BC-Neumann_V_0.0_0.0_1.0_0.0_-2.0_0.0_0.0_0.0_1.0/e=-5.7788944723618085_K=6_D=R+.dat
parameter is ./param.sdpa
out       is /Users/gorg/qmBoot/data/K=6_BC-Neumann_V_0.0_0.0_1.0_0.0_-2.0_0.0_0.0_0.0_1.0/e=-5.7788944723618085_K=6_D=R+.out
DENSE computation
   mu      thetaP  thetaD  objP      objD      alphaP  alphaD  beta 
 0 1.0e+20 1.0e+00 1.0e+00 +0.00e+00 -5.85e+08 1.0e+00 9.0e-01 3.00e-01
 1 1.6e+19 8.6e-88 1.0e-01 +1.60e+10 -5.85e+07 9.0e-01 9.0e-01 3.00e-01
 2 2.5e+18 1.7e-87 1.0e-02 +2.46e+10 -5.85e+06 9.0e-01 9.0e-01 3.00e-01
 3 3.8e+17 1.7e-87 1.0e-03 +3.79e+10 -5.85e+05 9.0e-01 9.0e-01 3.00e-01
 4 5.8e+16 4.3e-87 1.0e-04 +5.84e+10 -5.85e+04 9.0e-01 9.0e-01 3.00e-01
 5 9.0e+15 4.3e-87 1.0e-05 +9.00e+10 -5.85e+03 9.0e-01 9.0e-01 3.00e-01
 6 1.4e+15 6.0e-87 1.0e-06 +1.39e+11 -5.85e+02 9.0e-01 9.0e-01 3.00e-01
 7 2.1e+14 8.6e-87 1.0e-07 +2.13e+11 -5.86e+01 9.0e-01 9.0e-01 3.00e-01
 8 3.3e+13 1.0e-86 1.0e-08 +3.29e+11 -5.94e+00 9.0e-01 9.0e-01 3.00e-01
 9 5.1e+12 1.2e-86 1.0e-09 +5.05e+11 -6.75e-01 9.0e-01 9.0e-01 3.00e-01
10 8.2e+11 1.5e-86 9.8e-11 +7.69e+11 -1.48e-01 9.2e-01 9.2e-01 3.00e-01
11 1.7e+11 1.6e-86 8.1e-12 +1.05e+12 -9.16e-02 1.7e+00 1.0e+00 3.00e-01
12 3.9e+10 1.6e-86 2.2e-94 +4.68e+11 -7.04e-02 9.6e-01 9.0e+01 1.00e-01
13 5.2e+09 1.4e-86 5.3e-92 +6.27e+10 -4.72e-02 9.9e-01 9.9e-01 1.00e-01
14 5.7e+08 1.2e-86 1.3e-93 +6.87e+09 -4.82e-02 1.0e+00 1.0e+00 1.00e-01
15 5.9e+07 1.4e-86 2.0e-93 +7.07e+08 -4.94e-02 1.0e+00 1.0e+00 1.00e-01
16 6.0e+06 1.6e-86 7.7e-93 +7.16e+07 -5.07e-02 1.0e+00 1.0e+00 1.00e-01
17 6.0e+05 1.6e-86 2.6e-92 +7.19e+06 -5.19e-02 1.0e+00 1.0e+00 1.00e-01
18 6.0e+04 1.8e-86 4.1e-92 +7.20e+05 -5.30e-02 1.0e+00 1.0e+00 1.00e-01
19 6.0e+03 1.9e-86 2.3e-91 +7.21e+04 -5.39e-02 1.0e+00 1.0e+00 1.00e-01
20 6.0e+02 2.0e-86 8.0e-91 +7.21e+03 -5.48e-02 1.0e+00 1.0e+00 1.00e-01
21 6.0e+01 2.3e-86 2.1e-90 +7.22e+02 -5.55e-02 1.0e+00 3.2e+01 1.00e-01
22 6.1e+00 2.3e-86 3.8e-88 +7.29e+01 -4.02e-02 9.8e-01 1.9e+01 1.00e-01
23 6.9e-01 2.4e-86 6.0e-87 +8.37e+00 +9.18e-02 9.1e-01 4.1e+00 1.00e-01
24 1.0e-01 2.5e-86 1.9e-86 +1.64e+00 +3.87e-01 8.5e-01 1.2e+00 1.00e-01
25 1.9e-02 2.4e-86 3.2e-87 +8.33e-01 +6.03e-01 8.8e-01 9.3e-01 1.00e-01
26 3.6e-03 2.4e-86 3.6e-88 +7.34e-01 +6.91e-01 9.2e-01 9.1e-01 1.00e-01
27 6.3e-04 2.4e-86 1.3e-89 +7.20e-01 +7.13e-01 9.4e-01 8.9e-01 1.00e-01
28 1.2e-04 2.4e-86 8.5e-90 +7.18e-01 +7.17e-01 9.7e-01 9.5e-01 1.00e-01
29 1.7e-05 2.4e-86 4.9e-90 +7.18e-01 +7.18e-01 9.7e-01 9.9e-01 1.00e-01
30 1.9e-06 2.4e-86 2.4e-90 +7.18e-01 +7.18e-01 9.7e-01 1.0e+00 1.00e-01
31 2.0e-07 2.4e-86 1.6e-88 +7.18e-01 +7.18e-01 9.7e-01 1.0e+00 1.00e-01
32 2.0e-08 2.4e-86 1.8e-88 +7.18e-01 +7.18e-01 9.7e-01 1.0e+00 1.00e-01
33 2.0e-09 2.4e-86 1.4e-88 +7.18e-01 +7.18e-01 9.7e-01 1.0e+00 1.00e-01
34 2.0e-10 2.4e-86 2.5e-88 +7.18e-01 +7.18e-01 9.7e-01 1.0e+00 1.00e-01
35 2.0e-11 2.4e-86 2.1e-88 +7.18e-01 +7.18e-01 9.7e-01 1.0e+00 1.00e-01
36 2.0e-12 2.4e-86 3.6e-88 +7.18e-01 +7.18e-01 9.7e-01 1.0e+00 1.00e-01
37 2.0e-13 2.4e-86 7.1e-88 +7.18e-01 +7.18e-01 9.7e-01 1.0e+00 1.00e-01
38 2.0e-14 2.4e-86 4.5e-88 +7.18e-01 +7.18e-01 9.7e-01 1.0e+00 1.00e-01
39 2.0e-15 2.4e-86 4.8e-88 +7.18e-01 +7.18e-01 9.7e-01 1.0e+00 1.00e-01
40 2.0e-16 2.4e-86 1.1e-87 +7.18e-01 +7.18e-01 9.7e-01 1.0e+00 1.00e-01
41 2.0e-17 2.4e-86 1.2e-87 +7.18e-01 +7.18e-01 9.7e-01 1.0e+00 1.00e-01
42 2.0e-18 2.4e-86 1.1e-87 +7.18e-01 +7.18e-01 9.7e-01 1.0e+00 1.00e-01
43 2.0e-19 2.4e-86 1.3e-87 +7.18e-01 +7.18e-01 9.7e-01 1.0e+00 1.00e-01
44 2.0e-20 2.4e-86 8.3e-88 +7.18e-01 +7.18e-01 9.7e-01 1.0e+00 1.00e-01
45 2.0e-21 2.4e-86 9.2e-88 +7.18e-01 +7.18e-01 9.7e-01 1.0e+00 1.00e-01
46 2.0e-22 2.4e-86 1.9e-86 +7.18e-01 +7.18e-01 9.7e-01 1.0e+00 1.00e-01
47 2.0e-23 2.4e-86 1.9e-86 +7.18e-01 +7.18e-01 9.7e-01 1.0e+00 1.00e-01
48 2.0e-24 2.4e-86 3.0e-86 +7.18e-01 +7.18e-01 9.7e-01 1.0e+00 1.00e-01
49 2.0e-25 2.4e-86 4.0e-86 +7.18e-01 +7.18e-01 9.7e-01 1.0e+00 1.00e-01
50 2.0e-26 2.4e-86 6.9e-88 +7.18e-01 +7.18e-01 9.7e-01 1.0e+00 1.00e-01
51 2.0e-27 2.4e-86 9.3e-88 +7.18e-01 +7.18e-01 9.7e-01 1.0e+00 1.00e-01
52 2.0e-28 2.4e-86 1.0e-87 +7.18e-01 +7.18e-01 9.7e-01 1.0e+00 1.00e-01
53 2.0e-29 2.4e-86 7.6e-88 +7.18e-01 +7.18e-01 9.7e-01 1.0e+00 1.00e-01
54 2.0e-30 2.4e-86 9.9e-88 +7.18e-01 +7.18e-01 9.7e-01 1.0e+00 1.00e-01
55 2.0e-31 2.4e-86 1.0e-87 +7.18e-01 +7.18e-01 9.7e-01 1.0e+00 1.00e-01
56 2.0e-32 2.4e-86 1.1e-87 +7.18e-01 +7.18e-01 9.7e-01 1.0e+00 1.00e-01

phase.value = pdOPT     
   Iteration = 56
          mu = 2.0064016122806683e-32
relative gap = 2.4076819347368020e-31
         gap = 2.4076819347368020e-31
      digits = 3.0474380774927553e+01
objValPrimal = 7.1776105311719910e-01
objValDual   = 7.1776105311719910e-01
p.feas.error = 2.4224204139409619e-76
d.feas.error = 1.2835951674086692e-76
relative eps = 8.6361685550944446e-78
total time   = 0.110


Parameters are
maxIteration =    200
epsilonStar  = 1.000e-30
lambdaStar   = 1.000e+10
omegaStar    = 2.000e+00
lowerBound   = -1.000e+05
upperBound   = 1.000e+05
betaStar     = 1.000e-01
betaBar      = 3.000e-01
gammaStar    = 9.000e-01
epsilonDash  = 1.000e-30
precision    =    200

                         Time(sec)  Ratio(% : MainLoop) 
 Predictor time  =       0.040000,  36.363636
 Corrector time  =       0.020000,  18.181818
 Make bMat time  =       0.030000,  27.272727
 Make bDia time  =       0.000000,  0.000000
 Make bF1  time  =       0.000000,  0.000000
 Make bF2  time  =       0.010000,  9.090909
 Make bF3  time  =       0.020000,  18.181818
 Make bPRE time  =       0.000000,  0.000000
 Make rMat time  =       0.010000,  9.090909
 Make gVec Mul   =       0.000000,  0.000000
 Make gVec time  =       0.000000,  0.000000
 Cholesky bMat   =       0.000000,  0.000000
 Ste Pre time    =       0.000000,  0.000000
 Ste Cor time    =       0.040000,  36.363636
 solve           =       0.000000,  0.000000
 sumDz           =       0.000000,  0.000000
 makedX          =       0.020000,  18.181818
 symmetriseDx    =       0.000000,  0.000000
 makedXdZ        =       0.020000,  18.181818
 xMatTime        =       0.010000,  9.090909
 zMatTime        =       0.000000,  0.000000
 invzMatTime     =       0.000000,  0.000000
 xMatzMatTime    =       0.000000,  0.000000
 EigxMatTime     =       0.010000,  9.090909
 EigzMatTime     =       0.030000,  27.272727
 EigxMatzMatTime =       0.000000,  0.000000
 updateRes       =       0.000000,  0.000000
 EigTime         =       0.040000,  36.363636
 sub_total_bMat  =       0.080000,  72.727273
 Main Loop       =       0.110000,  100.000000
 File Check      =       0.000000,  0.000000
 File Change     =       0.000000,  0.000000
 File Read       =       0.000000,  0.000000
 Total           =       0.110000,  100.000000

xVec = 
{-7.177610531172e-01,+5.240181914072e-02,-1.246011433292e-01,-2.896421003162e-02,+5.273279050117e-01,-8.185778407493e-03,-1.110752604867e-02,+1.047002906471e-02}
xMat = 
{
{ {+1.717761053117e+00,+5.240181914072e-02,-1.246011433292e-01,-2.896421003162e-02,+5.273279050117e-01,-8.185778407493e-03 },
  {+5.240181914072e-02,+5.931599097880e-01,-2.896421003162e-02,+5.273279050117e-01,-8.185778407493e-03,-1.110752604867e-02 },
  {-1.246011433292e-01,-2.896421003162e-02,+1.245088958129e+00,-8.185778407493e-03,-1.110752604867e-02,+1.047002906471e-02 },
  {-2.896421003162e-02,+5.273279050117e-01,-8.185778407493e-03,+7.066535270685e-01,+1.047002906471e-02,-4.731449511267e-01 },
  {+5.273279050117e-01,-8.185778407493e-03,-1.110752604867e-02,+1.047002906471e-02,+2.446161019905e-01,-1.034343179579e-01 },
  {-8.185778407493e-03,-1.110752604867e-02,+1.047002906471e-02,-4.731449511267e-01,-1.034343179579e-01,+9.234444380847e-01 }   }
{ {+7.701628722579e-01,-1.246011433292e-01,-2.896421003162e-02,+5.273279050117e-01,-8.185778407493e-03,-1.110752604867e-02 },
  {-1.246011433292e-01,+6.887968430856e-01,+5.273279050117e-01,-8.185778407493e-03,-1.110752604867e-02,+1.047002906471e-02 },
  {-2.896421003162e-02,+5.273279050117e-01,+7.095752747097e-01,-1.110752604867e-02,+1.047002906471e-02,-4.731449511267e-01 },
  {+5.273279050117e-01,-8.185778407493e-03,-1.110752604867e-02,+7.282310821819e-01,-4.731449511267e-01,-1.034343179579e-01 },
  {-8.185778407493e-03,-1.110752604867e-02,+1.047002906471e-02,-4.731449511267e-01,+6.143267351593e-01,+2.056833849675e-01 },
  {-1.110752604867e-02,+1.047002906471e-02,-4.731449511267e-01,-1.034343179579e-01,+2.056833849675e-01,+8.615741291985e-01 }   }
}
yMat = 
{
{ {+3.523457637638e-32,+1.618133201118e-23,+3.115586922552e-25,-1.842734903240e-23,-2.694789628213e-24,-9.552354188540e-24 },
  {+1.618133201118e-23,+2.150824699146e-01,+4.141242042971e-03,-2.449365565264e-01,-3.581917678059e-02,-1.269700126382e-01 },
  {+3.115586922552e-25,+4.141242042971e-03,+7.973632470038e-05,-4.716058757138e-03,-6.896697852097e-04,-2.444706696658e-03 },
  {-1.842734903240e-23,-2.449365565264e-01,-4.716058757138e-03,+2.789344791644e-01,+4.079098506602e-02,+1.445938280794e-01 },
  {-2.694789628213e-24,-3.581917678059e-02,-6.896697852097e-04,+4.079098506602e-02,+5.965216159869e-03,+2.114519760875e-02 },
  {-9.552354188540e-24,-1.269700126382e-01,-2.444706696658e-03,+1.445938280794e-01,+2.114519760875e-02,+7.495443080855e-02 }   }
{ {+4.283318088490e-02,-2.452724211305e-02,+3.925150064090e-02,-6.653954012609e-02,-6.153501556469e-02,+2.910774413705e-02 },
  {-2.452724211305e-02,+4.870901617264e-02,-6.681000044509e-02,+4.350496762670e-02,+5.003837219333e-02,-4.432049432976e-02 },
  {+3.925150064090e-02,-6.681000044509e-02,+9.266988146745e-02,-6.788562591144e-02,-7.532055797587e-02,+6.204023350453e-02 },
  {-6.653954012609e-02,+4.350496762670e-02,-6.788562591144e-02,+1.042084975289e-01,+9.789917192298e-02,-4.952774910245e-02 },
  {-6.153501556469e-02,+5.003837219333e-02,-7.532055797587e-02,+9.789917192298e-02,+9.472310895366e-02,-5.362484870866e-02 },
  {+2.910774413705e-02,-4.432049432976e-02,+6.204023350453e-02,-4.952774910245e-02,-5.362484870866e-02,+4.183998262030e-02 }   }
}
    main loop time = 0.110000
        total time = 0.110000
  file   read time = 0.000000
