SDPA-GMP start at Wed Jun  5 23:35:11 2024
*SDP Scan Problem: V = x^2 - 2*x^4 + x^8
* K = 6; eval = -5.276381909547738; Domain = R+ with BCs: Neumann
data      is /Users/gorg/qmBoot/data/K=6_BC-Neumann_V_0.0_0.0_1.0_0.0_-2.0_0.0_0.0_0.0_1.0/e=-5.276381909547738_K=6_D=R+.dat
parameter is ./param.sdpa
out       is /Users/gorg/qmBoot/data/K=6_BC-Neumann_V_0.0_0.0_1.0_0.0_-2.0_0.0_0.0_0.0_1.0/e=-5.276381909547738_K=6_D=R+.out
DENSE computation
   mu      thetaP  thetaD  objP      objD      alphaP  alphaD  beta 
 0 1.0e+20 1.0e+00 1.0e+00 +0.00e+00 -1.59e+09 1.0e+00 9.0e-01 3.00e-01
 1 1.6e+19 8.6e-88 1.0e-01 +1.60e+10 -1.59e+08 9.0e-01 9.0e-01 3.00e-01
 2 2.5e+18 1.7e-87 1.0e-02 +2.46e+10 -1.59e+07 9.0e-01 9.0e-01 3.00e-01
 3 3.8e+17 2.6e-87 1.0e-03 +3.79e+10 -1.59e+06 9.0e-01 9.0e-01 3.00e-01
 4 5.8e+16 4.3e-87 1.0e-04 +5.84e+10 -1.59e+05 9.0e-01 9.0e-01 3.00e-01
 5 9.0e+15 5.2e-87 1.0e-05 +9.00e+10 -1.59e+04 9.0e-01 9.0e-01 3.00e-01
 6 1.4e+15 7.8e-87 1.0e-06 +1.39e+11 -1.59e+03 9.0e-01 9.0e-01 3.00e-01
 7 2.1e+14 7.8e-87 1.0e-07 +2.13e+11 -1.59e+02 9.0e-01 9.0e-01 3.00e-01
 8 3.3e+13 9.5e-87 1.0e-08 +3.29e+11 -1.60e+01 9.0e-01 9.0e-01 3.00e-01
 9 5.1e+12 1.1e-86 1.0e-09 +5.05e+11 -1.68e+00 9.0e-01 9.0e-01 3.00e-01
10 8.2e+11 1.4e-86 9.8e-11 +7.69e+11 -2.47e-01 9.2e-01 9.2e-01 3.00e-01
11 1.7e+11 1.5e-86 7.9e-12 +1.05e+12 -1.00e-01 1.7e+00 1.0e+00 3.00e-01
12 3.9e+10 1.3e-86 2.7e-94 +4.65e+11 -7.36e-02 9.6e-01 9.0e+01 1.00e-01
13 5.2e+09 1.1e-86 5.8e-92 +6.22e+10 -5.48e-02 9.9e-01 9.9e-01 1.00e-01
14 5.7e+08 1.0e-86 9.2e-94 +6.80e+09 -5.57e-02 1.0e+00 1.0e+00 1.00e-01
15 5.8e+07 1.3e-86 1.2e-93 +6.99e+08 -5.66e-02 1.0e+00 1.0e+00 1.00e-01
16 5.9e+06 1.6e-86 8.9e-93 +7.08e+07 -5.76e-02 1.0e+00 1.0e+00 1.00e-01
17 5.9e+05 1.7e-86 3.2e-92 +7.11e+06 -5.86e-02 1.0e+00 1.0e+00 1.00e-01
18 5.9e+04 1.8e-86 5.4e-92 +7.12e+05 -5.95e-02 1.0e+00 1.0e+00 1.00e-01
19 5.9e+03 2.0e-86 2.7e-91 +7.12e+04 -6.02e-02 1.0e+00 1.0e+00 1.00e-01
20 5.9e+02 2.2e-86 5.2e-91 +7.12e+03 -6.10e-02 1.0e+00 1.0e+00 1.00e-01
21 5.9e+01 2.2e-86 1.8e-90 +7.13e+02 -6.15e-02 1.0e+00 3.3e+01 1.00e-01
22 6.0e+00 2.2e-86 3.4e-88 +7.20e+01 -4.62e-02 9.8e-01 1.9e+01 1.00e-01
23 6.8e-01 2.2e-86 5.4e-87 +8.22e+00 +6.45e-02 9.1e-01 4.4e+00 1.00e-01
24 1.0e-01 2.4e-86 1.9e-86 +1.56e+00 +3.41e-01 8.6e-01 1.2e+00 1.00e-01
25 1.8e-02 2.3e-86 3.5e-87 +7.65e-01 +5.43e-01 8.8e-01 9.3e-01 1.00e-01
26 3.4e-03 2.3e-86 2.9e-88 +6.71e-01 +6.29e-01 9.3e-01 9.1e-01 1.00e-01
27 6.0e-04 2.3e-86 7.2e-89 +6.57e-01 +6.50e-01 9.4e-01 8.9e-01 1.00e-01
28 1.1e-04 2.3e-86 7.7e-90 +6.55e-01 +6.54e-01 9.7e-01 9.5e-01 1.00e-01
29 1.5e-05 2.3e-86 4.1e-90 +6.55e-01 +6.55e-01 9.6e-01 9.9e-01 1.00e-01
30 1.7e-06 2.3e-86 1.8e-90 +6.55e-01 +6.55e-01 9.7e-01 1.0e+00 1.00e-01
31 1.8e-07 2.3e-86 1.5e-88 +6.55e-01 +6.55e-01 9.7e-01 1.0e+00 1.00e-01
32 1.8e-08 2.3e-86 1.9e-88 +6.55e-01 +6.55e-01 9.7e-01 1.0e+00 1.00e-01
33 1.8e-09 2.3e-86 2.1e-88 +6.55e-01 +6.55e-01 9.7e-01 1.0e+00 1.00e-01
34 1.8e-10 2.3e-86 2.0e-88 +6.55e-01 +6.55e-01 9.7e-01 1.0e+00 1.00e-01
35 1.8e-11 2.3e-86 2.3e-88 +6.55e-01 +6.55e-01 9.7e-01 1.0e+00 1.00e-01
36 1.8e-12 2.3e-86 4.0e-88 +6.55e-01 +6.55e-01 9.7e-01 1.0e+00 1.00e-01
37 1.8e-13 2.3e-86 4.1e-88 +6.55e-01 +6.55e-01 9.7e-01 1.0e+00 1.00e-01
38 1.8e-14 2.3e-86 4.2e-88 +6.55e-01 +6.55e-01 9.7e-01 1.0e+00 1.00e-01
39 1.8e-15 2.3e-86 5.7e-88 +6.55e-01 +6.55e-01 9.7e-01 1.0e+00 1.00e-01
40 1.8e-16 2.3e-86 5.4e-88 +6.55e-01 +6.55e-01 9.7e-01 1.0e+00 1.00e-01
41 1.8e-17 2.3e-86 6.6e-88 +6.55e-01 +6.55e-01 9.7e-01 1.0e+00 1.00e-01
42 1.8e-18 2.3e-86 7.9e-88 +6.55e-01 +6.55e-01 9.7e-01 1.0e+00 1.00e-01
43 1.8e-19 2.3e-86 1.3e-87 +6.55e-01 +6.55e-01 9.7e-01 1.0e+00 1.00e-01
44 1.8e-20 2.3e-86 1.1e-87 +6.55e-01 +6.55e-01 9.7e-01 1.0e+00 1.00e-01
45 1.8e-21 2.3e-86 1.4e-87 +6.55e-01 +6.55e-01 9.7e-01 1.0e+00 1.00e-01
46 1.8e-22 2.3e-86 8.4e-87 +6.55e-01 +6.55e-01 9.7e-01 1.0e+00 1.00e-01
47 1.8e-23 2.3e-86 2.0e-86 +6.55e-01 +6.55e-01 9.7e-01 1.0e+00 1.00e-01
48 1.8e-24 2.3e-86 7.3e-87 +6.55e-01 +6.55e-01 9.7e-01 1.0e+00 1.00e-01
49 1.8e-25 2.3e-86 5.8e-88 +6.55e-01 +6.55e-01 9.7e-01 1.0e+00 1.00e-01
50 1.8e-26 2.3e-86 8.6e-88 +6.55e-01 +6.55e-01 9.7e-01 1.0e+00 1.00e-01
51 1.8e-27 2.3e-86 9.4e-88 +6.55e-01 +6.55e-01 9.7e-01 1.0e+00 1.00e-01
52 1.8e-28 2.3e-86 9.3e-88 +6.55e-01 +6.55e-01 9.7e-01 1.0e+00 1.00e-01
53 1.8e-29 2.3e-86 1.2e-87 +6.55e-01 +6.55e-01 9.7e-01 1.0e+00 1.00e-01
54 1.8e-30 2.3e-86 1.2e-87 +6.55e-01 +6.55e-01 9.7e-01 1.0e+00 1.00e-01
55 1.8e-31 2.3e-86 9.9e-88 +6.55e-01 +6.55e-01 9.7e-01 1.0e+00 1.00e-01
56 1.8e-32 2.3e-86 9.8e-88 +6.55e-01 +6.55e-01 9.7e-01 1.0e+00 1.00e-01

phase.value = pdOPT     
   Iteration = 56
          mu = 1.7958036595609347e-32
relative gap = 2.1549643914731216e-31
         gap = 2.1549643914731216e-31
      digits = 3.0482879558125646e+01
objValPrimal = 6.5511818729768715e-01
objValDual   = 6.5511818729768715e-01
p.feas.error = 2.2948313537976200e-76
d.feas.error = 1.1712582181232633e-76
relative eps = 8.6361685550944446e-78
total time   = 0.110


Parameters are
maxIteration =    200
epsilonStar  = 1.000e-30
lambdaStar   = 1.000e+10
omegaStar    = 2.000e+00
lowerBound   = -1.000e+05
upperBound   = 1.000e+05
betaStar     = 1.000e-01
betaBar      = 3.000e-01
gammaStar    = 9.000e-01
epsilonDash  = 1.000e-30
precision    =    200

                         Time(sec)  Ratio(% : MainLoop) 
 Predictor time  =       0.040000,  36.363636
 Corrector time  =       0.010000,  9.090909
 Make bMat time  =       0.040000,  36.363636
 Make bDia time  =       0.000000,  0.000000
 Make bF1  time  =       0.040000,  36.363636
 Make bF2  time  =       0.000000,  0.000000
 Make bF3  time  =       0.000000,  0.000000
 Make bPRE time  =       0.040000,  36.363636
 Make rMat time  =       0.000000,  0.000000
 Make gVec Mul   =       0.000000,  0.000000
 Make gVec time  =       0.000000,  0.000000
 Cholesky bMat   =       0.000000,  0.000000
 Ste Pre time    =       0.000000,  0.000000
 Ste Cor time    =       0.040000,  36.363636
 solve           =       0.000000,  0.000000
 sumDz           =       0.010000,  9.090909
 makedX          =       0.000000,  0.000000
 symmetriseDx    =       0.000000,  0.000000
 makedXdZ        =       0.010000,  9.090909
 xMatTime        =       0.010000,  9.090909
 zMatTime        =       0.010000,  9.090909
 invzMatTime     =       0.000000,  0.000000
 xMatzMatTime    =       0.000000,  0.000000
 EigxMatTime     =       0.020000,  18.181818
 EigzMatTime     =       0.020000,  18.181818
 EigxMatzMatTime =       0.000000,  0.000000
 updateRes       =       0.000000,  0.000000
 EigTime         =       0.040000,  36.363636
 sub_total_bMat  =       0.070000,  63.636364
 Main Loop       =       0.110000,  100.000000
 File Check      =       0.000000,  0.000000
 File Change     =       0.000000,  0.000000
 File Read       =       0.000000,  0.000000
 Total           =       0.110000,  100.000000

xVec = 
{-6.551181872977e-01,+5.324334490082e-02,-1.167009235074e-01,-2.570351935717e-02,+4.795226621216e-01,-5.161789910928e-03,-9.199471229549e-03,+1.022113321461e-02}
xMat = 
{
{ {+1.655118187298e+00,+5.324334490082e-02,-1.167009235074e-01,-2.570351935717e-02,+4.795226621216e-01,-5.161789910928e-03 },
  {+5.324334490082e-02,+5.384172637903e-01,-2.570351935717e-02,+4.795226621216e-01,-5.161789910928e-03,-9.199471229549e-03 },
  {-1.167009235074e-01,-2.570351935717e-02,+1.134640849419e+00,-5.161789910928e-03,-9.199471229549e-03,+1.022113321461e-02 },
  {-2.570351935717e-02,+4.795226621216e-01,-5.161789910928e-03,+6.459187160681e-01,+1.022113321461e-02,-4.331688179606e-01 },
  {+4.795226621216e-01,-5.161789910928e-03,-9.199471229549e-03,+1.022113321461e-02,+2.219493693370e-01,-9.389556574920e-02 },
  {-5.161789910928e-03,-9.199471229549e-03,+1.022113321461e-02,-4.331688179606e-01,-9.389556574920e-02,+8.461454107382e-01 }   }
{ {+7.083615321985e-01,-1.167009235074e-01,-2.570351935717e-02,+4.795226621216e-01,-5.161789910928e-03,-9.199471229549e-03 },
  {-1.167009235074e-01,+6.294146679405e-01,+4.795226621216e-01,-5.161789910928e-03,-9.199471229549e-03,+1.022113321461e-02 },
  {-2.570351935717e-02,+4.795226621216e-01,+6.499563973868e-01,-9.199471229549e-03,+1.022113321461e-02,-4.331688179606e-01 },
  {+4.795226621216e-01,-5.161789910928e-03,-9.199471229549e-03,+6.653393205123e-01,-4.331688179606e-01,-9.389556574920e-02 },
  {-5.161789910928e-03,-9.199471229549e-03,+1.022113321461e-02,-4.331688179606e-01,+5.612226215485e-01,+1.910272234405e-01 },
  {-9.199471229549e-03,+1.022113321461e-02,-4.331688179606e-01,-9.389556574920e-02,+1.910272234405e-01,+7.814193067635e-01 }   }
}
yMat = 
{
{ {+2.876327809404e-32,+1.296096586501e-23,+2.773496388416e-25,-1.470868380072e-23,-2.242281837574e-24,-7.641103066028e-24 },
  {+1.296096586501e-23,+2.173681686270e-01,+4.651426687715e-03,-2.466791204542e-01,-3.760527474311e-02,-1.281488274144e-01 },
  {+2.773496388416e-25,+4.651426687715e-03,+9.953513602222e-05,-5.278647059642e-03,-8.047092619119e-04,-2.742236269459e-03 },
  {-1.470868380072e-23,-2.466791204542e-01,-5.278647059642e-03,+2.799424996420e-01,+4.267614783095e-02,+1.454290213397e-01 },
  {-2.242281837574e-24,-3.760527474311e-02,-8.047092619119e-04,+4.267614783095e-02,+6.505813143836e-03,+2.217009000612e-02 },
  {-7.641103066028e-24,-1.281488274144e-01,-2.742236269459e-03,+1.454290213397e-01,+2.217009000612e-02,+7.554980138728e-02 }   }
{ {+4.012243571784e-02,-2.183915634837e-02,+3.604786316044e-02,-6.275421281043e-02,-5.843655837440e-02,+2.748558601943e-02 },
  {-2.183915634837e-02,+4.978519167177e-02,-6.831892342980e-02,+4.035970795436e-02,+4.860367488943e-02,-4.581205533900e-02 },
  {+3.604786316044e-02,-6.831892342980e-02,+9.496204136120e-02,-6.435041213576e-02,-7.408435827387e-02,+6.433732028074e-02 },
  {-6.275421281043e-02,+4.035970795436e-02,-6.435041213576e-02,+9.916673781356e-02,+9.414730544040e-02,-4.803797470089e-02 },
  {-5.843655837440e-02,+4.860367488943e-02,-7.408435827387e-02,+9.414730544040e-02,+9.255402823368e-02,-5.370449403610e-02 },
  {+2.748558601943e-02,-4.581205533900e-02,+6.433732028074e-02,-4.803797470089e-02,-5.370449403610e-02,+4.394374726581e-02 }   }
}
    main loop time = 0.110000
        total time = 0.110000
  file   read time = 0.000000
