SDPA-GMP start at Wed Jun  5 23:35:11 2024
*SDP Scan Problem: V = x^2 - 2*x^4 + x^8
* K = 6; eval = -5.07537688442211; Domain = R+ with BCs: Neumann
data      is /Users/gorg/qmBoot/data/K=6_BC-Neumann_V_0.0_0.0_1.0_0.0_-2.0_0.0_0.0_0.0_1.0/e=-5.07537688442211_K=6_D=R+.dat
parameter is ./param.sdpa
out       is /Users/gorg/qmBoot/data/K=6_BC-Neumann_V_0.0_0.0_1.0_0.0_-2.0_0.0_0.0_0.0_1.0/e=-5.07537688442211_K=6_D=R+.out
DENSE computation
   mu      thetaP  thetaD  objP      objD      alphaP  alphaD  beta 
 0 1.0e+20 1.0e+00 1.0e+00 +0.00e+00 -1.99e+09 1.0e+00 9.0e-01 3.00e-01
 1 1.6e+19 8.6e-88 1.0e-01 +1.60e+10 -1.99e+08 9.0e-01 9.0e-01 3.00e-01
 2 2.5e+18 2.6e-87 1.0e-02 +2.46e+10 -1.99e+07 9.0e-01 9.0e-01 3.00e-01
 3 3.8e+17 5.2e-87 1.0e-03 +3.79e+10 -1.99e+06 9.0e-01 9.0e-01 3.00e-01
 4 5.8e+16 6.9e-87 1.0e-04 +5.84e+10 -1.99e+05 9.0e-01 9.0e-01 3.00e-01
 5 9.0e+15 8.6e-87 1.0e-05 +9.00e+10 -1.99e+04 9.0e-01 9.0e-01 3.00e-01
 6 1.4e+15 8.6e-87 1.0e-06 +1.39e+11 -1.99e+03 9.0e-01 9.0e-01 3.00e-01
 7 2.1e+14 1.1e-86 1.0e-07 +2.13e+11 -1.99e+02 9.0e-01 9.0e-01 3.00e-01
 8 3.3e+13 1.2e-86 1.0e-08 +3.29e+11 -2.00e+01 9.0e-01 9.0e-01 3.00e-01
 9 5.1e+12 1.5e-86 1.0e-09 +5.05e+11 -2.08e+00 9.0e-01 9.0e-01 3.00e-01
10 8.2e+11 1.5e-86 9.8e-11 +7.69e+11 -2.86e-01 9.2e-01 9.2e-01 3.00e-01
11 1.7e+11 1.7e-86 7.9e-12 +1.05e+12 -1.04e-01 1.6e+00 1.0e+00 3.00e-01
12 3.9e+10 1.4e-86 1.1e-89 +4.64e+11 -7.49e-02 9.6e-01 9.0e+01 1.00e-01
13 5.2e+09 1.2e-86 9.4e-88 +6.20e+10 -5.74e-02 9.9e-01 9.9e-01 1.00e-01
14 5.6e+08 1.3e-86 1.1e-93 +6.77e+09 -5.82e-02 1.0e+00 1.0e+00 1.00e-01
15 5.8e+07 1.4e-86 1.5e-93 +6.96e+08 -5.91e-02 1.0e+00 1.0e+00 1.00e-01
16 5.9e+06 1.5e-86 7.0e-93 +7.04e+07 -6.01e-02 1.0e+00 1.0e+00 1.00e-01
17 5.9e+05 1.8e-86 2.8e-92 +7.08e+06 -6.09e-02 1.0e+00 1.0e+00 1.00e-01
18 5.9e+04 2.0e-86 8.4e-92 +7.09e+05 -6.18e-02 1.0e+00 1.0e+00 1.00e-01
19 5.9e+03 2.0e-86 1.9e-91 +7.09e+04 -6.25e-02 1.0e+00 1.0e+00 1.00e-01
20 5.9e+02 2.2e-86 8.4e-91 +7.09e+03 -6.32e-02 1.0e+00 1.0e+00 1.00e-01
21 5.9e+01 2.3e-86 1.3e-90 +7.10e+02 -6.37e-02 1.0e+00 3.3e+01 1.00e-01
22 6.0e+00 2.3e-86 4.9e-88 +7.16e+01 -4.88e-02 9.8e-01 1.9e+01 1.00e-01
23 6.8e-01 2.3e-86 8.1e-87 +8.16e+00 +5.43e-02 9.2e-01 4.5e+00 1.00e-01
24 1.0e-01 2.4e-86 2.9e-86 +1.53e+00 +3.22e-01 8.6e-01 1.2e+00 1.00e-01
25 1.8e-02 2.2e-86 5.9e-87 +7.38e-01 +5.20e-01 8.8e-01 9.3e-01 1.00e-01
26 3.4e-03 2.3e-86 5.0e-88 +6.45e-01 +6.05e-01 9.3e-01 9.1e-01 1.00e-01
27 5.9e-04 2.3e-86 1.2e-89 +6.32e-01 +6.25e-01 9.4e-01 9.0e-01 1.00e-01
28 1.1e-04 2.3e-86 9.6e-90 +6.30e-01 +6.29e-01 9.7e-01 9.6e-01 1.00e-01
29 1.4e-05 2.3e-86 4.0e-90 +6.30e-01 +6.30e-01 9.6e-01 1.0e+00 1.00e-01
30 1.6e-06 2.3e-86 2.7e-90 +6.30e-01 +6.30e-01 9.7e-01 1.0e+00 1.00e-01
31 1.7e-07 2.3e-86 1.7e-88 +6.30e-01 +6.30e-01 9.7e-01 1.0e+00 1.00e-01
32 1.7e-08 2.3e-86 1.1e-88 +6.30e-01 +6.30e-01 9.7e-01 1.0e+00 1.00e-01
33 1.7e-09 2.3e-86 1.6e-88 +6.30e-01 +6.30e-01 9.7e-01 1.0e+00 1.00e-01
34 1.7e-10 2.3e-86 1.5e-88 +6.30e-01 +6.30e-01 9.7e-01 1.0e+00 1.00e-01
35 1.7e-11 2.3e-86 2.5e-88 +6.30e-01 +6.30e-01 9.7e-01 1.0e+00 1.00e-01
36 1.7e-12 2.3e-86 4.6e-88 +6.30e-01 +6.30e-01 9.7e-01 1.0e+00 1.00e-01
37 1.7e-13 2.3e-86 4.5e-88 +6.30e-01 +6.30e-01 9.7e-01 1.0e+00 1.00e-01
38 1.7e-14 2.3e-86 3.6e-88 +6.30e-01 +6.30e-01 9.7e-01 1.0e+00 1.00e-01
39 1.7e-15 2.3e-86 5.6e-88 +6.30e-01 +6.30e-01 9.7e-01 1.0e+00 1.00e-01
40 1.7e-16 2.3e-86 5.3e-88 +6.30e-01 +6.30e-01 9.7e-01 1.0e+00 1.00e-01
41 1.7e-17 2.3e-86 7.7e-88 +6.30e-01 +6.30e-01 9.7e-01 1.0e+00 1.00e-01
42 1.7e-18 2.3e-86 5.7e-88 +6.30e-01 +6.30e-01 9.7e-01 1.0e+00 1.00e-01
43 1.7e-19 2.3e-86 7.3e-88 +6.30e-01 +6.30e-01 9.7e-01 1.0e+00 1.00e-01
44 1.7e-20 2.3e-86 9.8e-88 +6.30e-01 +6.30e-01 9.7e-01 1.0e+00 1.00e-01
45 1.7e-21 2.3e-86 1.8e-87 +6.30e-01 +6.30e-01 9.7e-01 1.0e+00 1.00e-01
46 1.7e-22 2.3e-86 6.5e-87 +6.30e-01 +6.30e-01 9.7e-01 1.0e+00 1.00e-01
47 1.7e-23 2.3e-86 9.5e-87 +6.30e-01 +6.30e-01 9.7e-01 1.0e+00 1.00e-01
48 1.7e-24 2.3e-86 3.6e-87 +6.30e-01 +6.30e-01 9.7e-01 1.0e+00 1.00e-01
49 1.7e-25 2.3e-86 6.7e-88 +6.30e-01 +6.30e-01 9.7e-01 1.0e+00 1.00e-01
50 1.7e-26 2.3e-86 9.6e-88 +6.30e-01 +6.30e-01 9.7e-01 1.0e+00 1.00e-01
51 1.7e-27 2.3e-86 1.2e-87 +6.30e-01 +6.30e-01 9.7e-01 1.0e+00 1.00e-01
52 1.7e-28 2.3e-86 1.1e-87 +6.30e-01 +6.30e-01 9.7e-01 1.0e+00 1.00e-01
53 1.7e-29 2.3e-86 1.1e-87 +6.30e-01 +6.30e-01 9.7e-01 1.0e+00 1.00e-01
54 1.7e-30 2.3e-86 1.4e-87 +6.30e-01 +6.30e-01 9.7e-01 1.0e+00 1.00e-01
55 1.7e-31 2.3e-86 1.2e-87 +6.30e-01 +6.30e-01 9.7e-01 1.0e+00 1.00e-01
56 1.7e-32 2.3e-86 9.2e-88 +6.30e-01 +6.30e-01 9.7e-01 1.0e+00 1.00e-01

phase.value = pdOPT     
   Iteration = 56
          mu = 1.6949558975112212e-32
relative gap = 2.0339470770134654e-31
         gap = 2.0339470770134654e-31
      digits = 3.0491059867811646e+01
objValPrimal = 6.3008554475895379e-01
objValDual   = 6.3008554475895379e-01
p.feas.error = 2.2964956852718501e-76
d.feas.error = 1.1014514780880463e-76
relative eps = 8.6361685550944446e-78
total time   = 0.110


Parameters are
maxIteration =    200
epsilonStar  = 1.000e-30
lambdaStar   = 1.000e+10
omegaStar    = 2.000e+00
lowerBound   = -1.000e+05
upperBound   = 1.000e+05
betaStar     = 1.000e-01
betaBar      = 3.000e-01
gammaStar    = 9.000e-01
epsilonDash  = 1.000e-30
precision    =    200

                         Time(sec)  Ratio(% : MainLoop) 
 Predictor time  =       0.040000,  36.363636
 Corrector time  =       0.030000,  27.272727
 Make bMat time  =       0.030000,  27.272727
 Make bDia time  =       0.000000,  0.000000
 Make bF1  time  =       0.000000,  0.000000
 Make bF2  time  =       0.020000,  18.181818
 Make bF3  time  =       0.010000,  9.090909
 Make bPRE time  =       0.000000,  0.000000
 Make rMat time  =       0.000000,  0.000000
 Make gVec Mul   =       0.000000,  0.000000
 Make gVec time  =       0.000000,  0.000000
 Cholesky bMat   =       0.010000,  9.090909
 Ste Pre time    =       0.000000,  0.000000
 Ste Cor time    =       0.030000,  27.272727
 solve           =       0.000000,  0.000000
 sumDz           =       0.000000,  0.000000
 makedX          =       0.020000,  18.181818
 symmetriseDx    =       0.000000,  0.000000
 makedXdZ        =       0.020000,  18.181818
 xMatTime        =       0.000000,  0.000000
 zMatTime        =       0.000000,  0.000000
 invzMatTime     =       0.000000,  0.000000
 xMatzMatTime    =       0.000000,  0.000000
 EigxMatTime     =       0.010000,  9.090909
 EigzMatTime     =       0.020000,  18.181818
 EigxMatzMatTime =       0.000000,  0.000000
 updateRes       =       0.010000,  9.090909
 EigTime         =       0.030000,  27.272727
 sub_total_bMat  =       0.080000,  72.727273
 Main Loop       =       0.110000,  100.000000
 File Check      =       0.000000,  0.000000
 File Change     =       0.000000,  0.000000
 File Read       =       0.000000,  0.000000
 Total           =       0.110000,  100.000000

xVec = 
{-6.300855447590e-01,+5.369239181695e-02,-1.130927080069e-01,-2.427455825512e-02,+4.606946784662e-01,-3.805048077927e-03,-8.455244084051e-03,+1.028386878097e-02}
xMat = 
{
{ {+1.630085544759e+00,+5.369239181695e-02,-1.130927080069e-01,-2.427455825512e-02,+4.606946784662e-01,-3.805048077927e-03 },
  {+5.369239181695e-02,+5.169928367521e-01,-2.427455825512e-02,+4.606946784662e-01,-3.805048077927e-03,-8.455244084051e-03 },
  {-1.130927080069e-01,-2.427455825512e-02,+1.090780223225e+00,-3.805048077927e-03,-8.455244084051e-03,+1.028386878097e-02 },
  {-2.427455825512e-02,+4.606946784662e-01,-3.805048077927e-03,+6.216303006749e-01,+1.028386878097e-02,-4.170046795222e-01 },
  {+4.606946784662e-01,-3.805048077927e-03,-8.455244084051e-03,+1.028386878097e-02,+2.130808652368e-01,-9.007501681997e-02 },
  {-3.805048077927e-03,-8.455244084051e-03,+1.028386878097e-02,-4.170046795222e-01,-9.007501681997e-02,+8.150331438074e-01 }   }
{ {+6.837779365759e-01,-1.130927080069e-01,-2.427455825512e-02,+4.606946784662e-01,-3.805048077927e-03,-8.455244084051e-03 },
  {-1.130927080069e-01,+6.058109865038e-01,+4.606946784662e-01,-3.805048077927e-03,-8.455244084051e-03,+1.028386878097e-02 },
  {-2.427455825512e-02,+4.606946784662e-01,+6.262804966810e-01,-8.455244084051e-03,+1.028386878097e-02,-4.170046795222e-01 },
  {+4.606946784662e-01,-3.805048077927e-03,-8.455244084051e-03,+6.403694135399e-01,-4.170046795222e-01,-9.007501681997e-02 },
  {-3.805048077927e-03,-8.455244084051e-03,+1.028386878097e-02,-4.170046795222e-01,+5.400105279390e-01,+1.849475990485e-01 },
  {-8.455244084051e-03,+1.028386878097e-02,-4.170046795222e-01,-9.007501681997e-02,+1.849475990485e-01,+7.497600627656e-01 }   }
}
yMat = 
{
{ {+2.631797597013e-32,+1.221044106594e-23,+2.746653061436e-25,-1.383785728994e-23,-2.144209142853e-24,-7.193785094386e-24 },
  {+1.221044106594e-23,+2.178045781342e-01,+4.899361153495e-03,-2.468337263378e-01,-3.824747625085e-02,-1.283196337774e-01 },
  {+2.746653061436e-25,+4.899361153495e-03,+1.102076913075e-04,-5.552351472826e-03,-8.603501403317e-04,-2.886460121019e-03 },
  {-1.383785728994e-23,-2.468337263378e-01,-5.552351472826e-03,+2.797318999431e-01,+4.334512693391e-02,+1.454221653140e-01 },
  {-2.144209142853e-24,-3.824747625085e-02,-8.603501403317e-04,+4.334512693391e-02,+6.716431087405e-03,+2.253351232313e-02 },
  {-7.193785094386e-24,-1.283196337774e-01,-2.886460121019e-03,+1.454221653140e-01,+2.253351232313e-02,+7.559955145950e-02 }   }
{ {+3.926804612369e-02,-2.063157547903e-02,+3.461248801295e-02,-6.150687901702e-02,-5.735903500100e-02,+2.673648069782e-02 },
  {-2.063157547903e-02,+5.047779774541e-02,-6.920162843439e-02,+3.890857633303e-02,+4.795823573953e-02,-4.656959814687e-02 },
  {+3.461248801295e-02,-6.920162843439e-02,+9.616935174163e-02,-6.269979755622e-02,-7.349598070715e-02,+6.542440640903e-02 },
  {-6.150687901702e-02,+3.890857633303e-02,-6.269979755622e-02,+9.743681859212e-02,+9.280752604122e-02,-4.728739653728e-02 },
  {-5.735903500100e-02,+4.795823573953e-02,-7.349598070715e-02,+9.280752604122e-02,+9.179739695597e-02,-5.367639518421e-02 },
  {+2.673648069782e-02,-4.656959814687e-02,+6.542440640903e-02,-4.728739653728e-02,-5.367639518421e-02,+4.488792052565e-02 }   }
}
    main loop time = 0.110000
        total time = 0.110000
  file   read time = 0.000000
