SDPA-GMP start at Wed Jun  5 23:35:11 2024
*SDP Scan Problem: V = x^2 - 2*x^4 + x^8
* K = 6; eval = -5.879396984924623; Domain = R+ with BCs: Neumann
data      is /Users/gorg/qmBoot/data/K=6_BC-Neumann_V_0.0_0.0_1.0_0.0_-2.0_0.0_0.0_0.0_1.0/e=-5.879396984924623_K=6_D=R+.dat
parameter is ./param.sdpa
out       is /Users/gorg/qmBoot/data/K=6_BC-Neumann_V_0.0_0.0_1.0_0.0_-2.0_0.0_0.0_0.0_1.0/e=-5.879396984924623_K=6_D=R+.out
DENSE computation
   mu      thetaP  thetaD  objP      objD      alphaP  alphaD  beta 
 0 1.0e+20 1.0e+00 1.0e+00 +0.00e+00 -3.84e+08 1.0e+00 9.0e-01 3.00e-01
 1 1.6e+19 8.6e-88 1.0e-01 +1.60e+10 -3.84e+07 9.0e-01 9.0e-01 3.00e-01
 2 2.5e+18 9.7e-88 1.0e-02 +2.46e+10 -3.84e+06 9.0e-01 9.0e-01 3.00e-01
 3 3.8e+17 2.6e-87 1.0e-03 +3.79e+10 -3.84e+05 9.0e-01 9.0e-01 3.00e-01
 4 5.8e+16 3.5e-87 1.0e-04 +5.84e+10 -3.84e+04 9.0e-01 9.0e-01 3.00e-01
 5 9.0e+15 6.0e-87 1.0e-05 +9.00e+10 -3.84e+03 9.0e-01 9.0e-01 3.00e-01
 6 1.4e+15 7.8e-87 1.0e-06 +1.39e+11 -3.84e+02 9.0e-01 9.0e-01 3.00e-01
 7 2.1e+14 6.9e-87 1.0e-07 +2.13e+11 -3.85e+01 9.0e-01 9.0e-01 3.00e-01
 8 3.3e+13 7.8e-87 1.0e-08 +3.29e+11 -3.93e+00 9.0e-01 9.0e-01 3.00e-01
 9 5.1e+12 8.6e-87 1.0e-09 +5.05e+11 -4.74e-01 9.0e-01 9.0e-01 3.00e-01
10 8.2e+11 1.0e-86 9.8e-11 +7.69e+11 -1.28e-01 9.2e-01 9.2e-01 3.00e-01
11 1.7e+11 1.2e-86 8.1e-12 +1.05e+12 -8.98e-02 1.7e+00 1.0e+00 3.00e-01
12 3.9e+10 9.5e-87 3.0e-94 +4.69e+11 -6.97e-02 9.6e-01 9.0e+01 1.00e-01
13 5.2e+09 1.0e-86 5.4e-92 +6.28e+10 -4.54e-02 9.9e-01 9.9e-01 1.00e-01
14 5.7e+08 1.0e-86 1.5e-93 +6.89e+09 -4.65e-02 1.0e+00 1.0e+00 1.00e-01
15 5.9e+07 1.3e-86 2.9e-93 +7.09e+08 -4.78e-02 1.0e+00 1.0e+00 1.00e-01
16 6.0e+06 1.3e-86 5.6e-93 +7.18e+07 -4.91e-02 1.0e+00 1.0e+00 1.00e-01
17 6.0e+05 1.5e-86 2.9e-92 +7.21e+06 -5.04e-02 1.0e+00 1.0e+00 1.00e-01
18 6.0e+04 1.6e-86 5.0e-92 +7.22e+05 -5.15e-02 1.0e+00 1.0e+00 1.00e-01
19 6.0e+03 1.8e-86 3.9e-91 +7.23e+04 -5.26e-02 1.0e+00 1.0e+00 1.00e-01
20 6.0e+02 1.8e-86 1.0e-90 +7.23e+03 -5.35e-02 1.0e+00 1.0e+00 1.00e-01
21 6.0e+01 2.0e-86 2.3e-90 +7.23e+02 -5.42e-02 1.0e+00 3.2e+01 1.00e-01
22 6.1e+00 2.0e-86 3.9e-88 +7.31e+01 -3.91e-02 9.8e-01 1.9e+01 1.00e-01
23 6.9e-01 2.1e-86 6.0e-87 +8.40e+00 +9.76e-02 9.1e-01 4.0e+00 1.00e-01
24 1.0e-01 2.3e-86 1.9e-86 +1.66e+00 +3.96e-01 8.5e-01 1.2e+00 1.00e-01
25 1.9e-02 2.2e-86 3.3e-87 +8.47e-01 +6.15e-01 8.8e-01 9.3e-01 1.00e-01
26 3.6e-03 2.2e-86 2.9e-88 +7.47e-01 +7.03e-01 9.2e-01 9.2e-01 1.00e-01
27 6.3e-04 2.2e-86 1.7e-89 +7.33e-01 +7.25e-01 9.4e-01 8.9e-01 1.00e-01
28 1.2e-04 2.2e-86 5.9e-90 +7.31e-01 +7.29e-01 9.7e-01 9.4e-01 1.00e-01
29 1.7e-05 2.2e-86 5.3e-90 +7.30e-01 +7.30e-01 9.7e-01 9.9e-01 1.00e-01
30 1.9e-06 2.2e-86 2.3e-90 +7.30e-01 +7.30e-01 9.7e-01 1.0e+00 1.00e-01
31 2.0e-07 2.2e-86 6.2e-89 +7.30e-01 +7.30e-01 9.7e-01 1.0e+00 1.00e-01
32 2.0e-08 2.2e-86 1.1e-88 +7.30e-01 +7.30e-01 9.7e-01 1.0e+00 1.00e-01
33 2.0e-09 2.2e-86 1.7e-88 +7.30e-01 +7.30e-01 9.8e-01 1.0e+00 1.00e-01
34 2.0e-10 2.2e-86 3.4e-88 +7.30e-01 +7.30e-01 9.8e-01 1.0e+00 1.00e-01
35 2.0e-11 2.2e-86 2.4e-88 +7.30e-01 +7.30e-01 9.8e-01 1.0e+00 1.00e-01
36 2.0e-12 2.2e-86 7.4e-88 +7.30e-01 +7.30e-01 9.8e-01 1.0e+00 1.00e-01
37 2.0e-13 2.2e-86 6.7e-88 +7.30e-01 +7.30e-01 9.8e-01 1.0e+00 1.00e-01
38 2.0e-14 2.2e-86 5.1e-88 +7.30e-01 +7.30e-01 9.8e-01 1.0e+00 1.00e-01
39 2.0e-15 2.2e-86 6.4e-88 +7.30e-01 +7.30e-01 9.8e-01 1.0e+00 1.00e-01
40 2.0e-16 2.2e-86 8.1e-88 +7.30e-01 +7.30e-01 9.8e-01 1.0e+00 1.00e-01
41 2.0e-17 2.2e-86 1.2e-87 +7.30e-01 +7.30e-01 9.8e-01 1.0e+00 1.00e-01
42 2.0e-18 2.2e-86 1.2e-87 +7.30e-01 +7.30e-01 9.8e-01 1.0e+00 1.00e-01
43 2.0e-19 2.2e-86 6.4e-88 +7.30e-01 +7.30e-01 9.8e-01 1.0e+00 1.00e-01
44 2.0e-20 2.2e-86 9.0e-88 +7.30e-01 +7.30e-01 9.8e-01 1.0e+00 1.00e-01
45 2.0e-21 2.2e-86 1.3e-87 +7.30e-01 +7.30e-01 9.8e-01 1.0e+00 1.00e-01
46 2.0e-22 2.2e-86 1.9e-86 +7.30e-01 +7.30e-01 9.8e-01 1.0e+00 1.00e-01
47 2.0e-23 2.2e-86 2.9e-86 +7.30e-01 +7.30e-01 9.8e-01 1.0e+00 1.00e-01
48 2.0e-24 2.2e-86 2.7e-86 +7.30e-01 +7.30e-01 9.8e-01 1.0e+00 1.00e-01
49 2.0e-25 2.2e-86 3.7e-86 +7.30e-01 +7.30e-01 9.8e-01 1.0e+00 1.00e-01
50 2.0e-26 2.2e-86 6.9e-88 +7.30e-01 +7.30e-01 9.8e-01 1.0e+00 1.00e-01
51 2.0e-27 2.2e-86 1.1e-87 +7.30e-01 +7.30e-01 9.8e-01 1.0e+00 1.00e-01
52 2.0e-28 2.2e-86 1.0e-87 +7.30e-01 +7.30e-01 9.8e-01 1.0e+00 1.00e-01
53 2.0e-29 2.2e-86 1.2e-87 +7.30e-01 +7.30e-01 9.8e-01 1.0e+00 1.00e-01
54 2.0e-30 2.2e-86 1.1e-87 +7.30e-01 +7.30e-01 9.8e-01 1.0e+00 1.00e-01
55 2.0e-31 2.2e-86 9.0e-88 +7.30e-01 +7.30e-01 9.8e-01 1.0e+00 1.00e-01
56 2.0e-32 2.2e-86 7.6e-88 +7.30e-01 +7.30e-01 9.8e-01 1.0e+00 1.00e-01

phase.value = pdOPT     
   Iteration = 56
          mu = 2.0425488231761022e-32
relative gap = 2.4510585878113226e-31
         gap = 2.4510585878113226e-31
      digits = 3.0474147827993441e+01
objValPrimal = 7.3030036943790981e-01
objValDual   = 7.3030036943790981e-01
p.feas.error = 2.1574940927724932e-76
d.feas.error = 9.1721849477534290e-77
relative eps = 8.6361685550944446e-78
total time   = 0.110


Parameters are
maxIteration =    200
epsilonStar  = 1.000e-30
lambdaStar   = 1.000e+10
omegaStar    = 2.000e+00
lowerBound   = -1.000e+05
upperBound   = 1.000e+05
betaStar     = 1.000e-01
betaBar      = 3.000e-01
gammaStar    = 9.000e-01
epsilonDash  = 1.000e-30
precision    =    200

                         Time(sec)  Ratio(% : MainLoop) 
 Predictor time  =       0.040000,  36.363636
 Corrector time  =       0.020000,  18.181818
 Make bMat time  =       0.030000,  27.272727
 Make bDia time  =       0.000000,  0.000000
 Make bF1  time  =       0.010000,  9.090909
 Make bF2  time  =       0.020000,  18.181818
 Make bF3  time  =       0.000000,  0.000000
 Make bPRE time  =       0.000000,  0.000000
 Make rMat time  =       0.010000,  9.090909
 Make gVec Mul   =       0.000000,  0.000000
 Make gVec time  =       0.000000,  0.000000
 Cholesky bMat   =       0.000000,  0.000000
 Ste Pre time    =       0.000000,  0.000000
 Ste Cor time    =       0.050000,  45.454545
 solve           =       0.000000,  0.000000
 sumDz           =       0.000000,  0.000000
 makedX          =       0.020000,  18.181818
 symmetriseDx    =       0.000000,  0.000000
 makedXdZ        =       0.020000,  18.181818
 xMatTime        =       0.000000,  0.000000
 zMatTime        =       0.000000,  0.000000
 invzMatTime     =       0.000000,  0.000000
 xMatzMatTime    =       0.000000,  0.000000
 EigxMatTime     =       0.020000,  18.181818
 EigzMatTime     =       0.030000,  27.272727
 EigxMatzMatTime =       0.000000,  0.000000
 updateRes       =       0.000000,  0.000000
 EigTime         =       0.050000,  45.454545
 sub_total_bMat  =       0.080000,  72.727273
 Main Loop       =       0.110000,  100.000000
 File Check      =       0.000000,  0.000000
 File Change     =       0.000000,  0.000000
 File Read       =       0.000000,  0.000000
 Total           =       0.110000,  100.000000

xVec = 
{-7.303003694379e-01,+5.226901336603e-02,-1.260077606323e-01,-2.956627927325e-02,+5.369980014679e-01,-8.731432355715e-03,-1.149983209940e-02,+1.058597096091e-02}
xMat = 
{
{ {+1.730300369438e+00,+5.226901336603e-02,-1.260077606323e-01,-2.956627927325e-02,+5.369980014679e-01,-8.731432355715e-03 },
  {+5.226901336603e-02,+6.042926088056e-01,-2.956627927325e-02,+5.369980014679e-01,-8.731432355715e-03,-1.149983209940e-02 },
  {-1.260077606323e-01,-2.956627927325e-02,+1.267298370906e+00,-8.731432355715e-03,-1.149983209940e-02,+1.058597096091e-02 },
  {-2.956627927325e-02,+5.369980014679e-01,-8.731432355715e-03,+7.188005373385e-01,+1.058597096091e-02,-4.810786909705e-01 },
  {+5.369980014679e-01,-8.731432355715e-03,-1.149983209940e-02,+1.058597096091e-02,+2.492216784674e-01,-1.053301062230e-01 },
  {-8.731432355715e-03,-1.149983209940e-02,+1.058597096091e-02,-4.810786909705e-01,-1.053301062230e-01,+9.388087432879e-01 }   }
{ {+7.825693828039e-01,-1.260077606323e-01,-2.956627927325e-02,+5.369980014679e-01,-8.731432355715e-03,-1.149983209940e-02 },
  {-1.260077606323e-01,+7.007340901647e-01,+5.369980014679e-01,-8.731432355715e-03,-1.149983209940e-02,+1.058597096091e-02 },
  {-2.956627927325e-02,+5.369980014679e-01,+7.215689370822e-01,-1.149983209940e-02,+1.058597096091e-02,-4.810786909705e-01 },
  {+5.369980014679e-01,-8.731432355715e-03,-1.149983209940e-02,+7.408863403988e-01,-4.810786909705e-01,-1.053301062230e-01 },
  {-8.731432355715e-03,-1.149983209940e-02,+1.058597096091e-02,-4.810786909705e-01,+6.249702632149e-01,+2.085083738500e-01 },
  {-1.149983209940e-02,+1.058597096091e-02,-4.810786909705e-01,-1.053301062230e-01,+2.085083738500e-01,+8.777541777334e-01 }   }
}
yMat = 
{
{ {+3.660576348135e-32,+1.710228323188e-23,+3.234281117877e-25,-1.948988186672e-23,-2.826049546765e-24,-1.009852692249e-23 },
  {+1.710228323188e-23,+2.144680136894e-01,+4.055890265310e-03,-2.444092518670e-01,-3.543954960693e-02,-1.266387053938e-01 },
  {+3.234281117877e-25,+4.055890265310e-03,+7.670256072806e-05,-4.622120979005e-03,-6.702114771571e-04,-2.394915137144e-03 },
  {-1.948988186672e-23,-2.444092518670e-01,-4.622120979005e-03,+2.785304967887e-01,+4.038715917087e-02,+1.443183564311e-01 },
  {-2.826049546765e-24,-3.543954960693e-02,-6.702114771571e-04,+4.038715917087e-02,+5.856172464771e-03,+2.092628455290e-02 },
  {-1.009852692249e-23,-1.266387053938e-01,-2.394915137144e-03,+1.443183564311e-01,+2.092628455290e-02,+7.477740586078e-02 }   }
{ {+4.345192355496e-02,-2.502066255022e-02,+3.983859154851e-02,-6.738226342202e-02,-6.220393495671e-02,+2.939628921215e-02 },
  {-2.502066255022e-02,+4.858051933294e-02,-6.660171087482e-02,+4.406921224206e-02,+5.030075885304e-02,-4.407724266773e-02 },
  {+3.983859154851e-02,-6.660171087482e-02,+9.231077447008e-02,-6.851082832782e-02,-7.553469781736e-02,+6.164059709902e-02 },
  {-6.738226342202e-02,+4.406921224206e-02,-6.851082832782e-02,+1.053041637337e-01,+9.869450555345e-02,-4.977183013591e-02 },
  {-6.220393495671e-02,+5.030075885304e-02,-7.553469781736e-02,+9.869450555345e-02,+9.518597067271e-02,-5.358848881297e-02 },
  {+2.939628921215e-02,-4.407724266773e-02,+6.164059709902e-02,-4.977183013591e-02,-5.358848881297e-02,+4.145785687121e-02 }   }
}
    main loop time = 0.110000
        total time = 0.110000
  file   read time = 0.000000
