SDPA-GMP start at Wed Jun  5 23:35:11 2024
*SDP Scan Problem: V = x^2 - 2*x^4 + x^8
* K = 6; eval = -6.482412060301508; Domain = R+ with BCs: Neumann
data      is /Users/gorg/qmBoot/data/K=6_BC-Neumann_V_0.0_0.0_1.0_0.0_-2.0_0.0_0.0_0.0_1.0/e=-6.482412060301508_K=6_D=R+.dat
parameter is ./param.sdpa
out       is /Users/gorg/qmBoot/data/K=6_BC-Neumann_V_0.0_0.0_1.0_0.0_-2.0_0.0_0.0_0.0_1.0/e=-6.482412060301508_K=6_D=R+.out
DENSE computation
   mu      thetaP  thetaD  objP      objD      alphaP  alphaD  beta 
 0 1.0e+20 1.0e+00 1.0e+00 +0.00e+00 +8.22e+08 1.0e+00 9.0e-01 3.00e-01
 1 1.6e+19 8.6e-88 1.0e-01 +1.60e+10 +8.22e+07 9.0e-01 9.0e-01 3.00e-01
 2 2.5e+18 2.6e-87 1.0e-02 +2.46e+10 +8.22e+06 9.0e-01 9.0e-01 3.00e-01
 3 3.8e+17 4.3e-87 1.0e-03 +3.79e+10 +8.22e+05 9.0e-01 9.0e-01 3.00e-01
 4 5.8e+16 5.2e-87 1.0e-04 +5.84e+10 +8.22e+04 9.0e-01 9.0e-01 3.00e-01
 5 9.0e+15 6.9e-87 1.0e-05 +9.00e+10 +8.22e+03 9.0e-01 9.0e-01 3.00e-01
 6 1.4e+15 8.6e-87 1.0e-06 +1.39e+11 +8.22e+02 9.0e-01 9.0e-01 3.00e-01
 7 2.1e+14 1.0e-86 1.0e-07 +2.13e+11 +8.21e+01 9.0e-01 9.0e-01 3.00e-01
 8 3.3e+13 1.3e-86 1.0e-08 +3.29e+11 +8.13e+00 9.0e-01 9.0e-01 3.00e-01
 9 5.1e+12 1.4e-86 1.0e-09 +5.05e+11 +7.30e-01 9.0e-01 9.0e-01 3.00e-01
10 8.2e+11 1.6e-86 9.9e-11 +7.69e+11 -8.88e-03 9.2e-01 9.2e-01 3.00e-01
11 1.8e+11 1.9e-86 8.3e-12 +1.05e+12 -7.91e-02 1.7e+00 1.0e+00 3.00e-01
12 3.9e+10 1.7e-86 3.7e-94 +4.72e+11 -6.58e-02 9.6e-01 9.0e+01 1.00e-01
13 5.3e+09 1.6e-86 8.0e-92 +6.34e+10 -3.34e-02 9.9e-01 9.9e-01 1.00e-01
14 5.8e+08 1.7e-86 1.8e-93 +6.98e+09 -3.49e-02 1.0e+00 1.0e+00 1.00e-01
15 6.0e+07 2.1e-86 3.7e-93 +7.19e+08 -3.68e-02 1.0e+00 1.0e+00 1.00e-01
16 6.1e+06 2.1e-86 5.5e-93 +7.28e+07 -3.86e-02 1.0e+00 1.0e+00 1.00e-01
17 6.1e+05 2.0e-86 2.4e-92 +7.31e+06 -4.03e-02 1.0e+00 1.0e+00 1.00e-01
18 6.1e+04 2.3e-86 6.3e-92 +7.32e+05 -4.19e-02 1.0e+00 1.0e+00 1.00e-01
19 6.1e+03 2.3e-86 3.3e-91 +7.33e+04 -4.33e-02 1.0e+00 1.0e+00 1.00e-01
20 6.1e+02 2.5e-86 1.1e-90 +7.33e+03 -4.45e-02 1.0e+00 1.0e+00 1.00e-01
21 6.1e+01 2.7e-86 2.1e-90 +7.34e+02 -4.56e-02 1.0e+00 3.1e+01 1.00e-01
22 6.2e+00 2.8e-86 3.2e-88 +7.43e+01 -3.33e-02 9.8e-01 1.9e+01 1.00e-01
23 7.0e-01 2.7e-86 4.8e-87 +8.59e+00 +1.34e-01 9.1e-01 3.7e+00 1.00e-01
24 1.1e-01 2.8e-86 1.4e-86 +1.74e+00 +4.53e-01 8.5e-01 1.2e+00 1.00e-01
25 2.0e-02 2.8e-86 2.1e-87 +9.28e-01 +6.87e-01 8.8e-01 9.2e-01 1.00e-01
26 3.8e-03 2.6e-86 2.2e-88 +8.23e-01 +7.78e-01 9.2e-01 9.2e-01 1.00e-01
27 6.6e-04 2.7e-86 7.2e-89 +8.08e-01 +8.00e-01 9.5e-01 8.8e-01 1.00e-01
28 1.3e-04 2.7e-86 7.0e-90 +8.06e-01 +8.04e-01 9.8e-01 9.4e-01 1.00e-01
29 1.9e-05 2.6e-86 6.2e-90 +8.06e-01 +8.05e-01 9.7e-01 9.9e-01 1.00e-01
30 2.1e-06 2.6e-86 3.2e-90 +8.06e-01 +8.06e-01 9.7e-01 1.0e+00 1.00e-01
31 2.2e-07 2.6e-86 1.3e-90 +8.06e-01 +8.06e-01 9.8e-01 1.0e+00 1.00e-01
32 2.2e-08 2.5e-86 8.2e-89 +8.06e-01 +8.06e-01 9.8e-01 1.0e+00 1.00e-01
33 2.2e-09 2.5e-86 3.4e-88 +8.06e-01 +8.06e-01 9.8e-01 1.0e+00 1.00e-01
34 2.2e-10 2.5e-86 3.2e-88 +8.06e-01 +8.06e-01 9.8e-01 1.0e+00 1.00e-01
35 2.2e-11 2.4e-86 4.8e-88 +8.06e-01 +8.06e-01 9.8e-01 1.0e+00 1.00e-01
36 2.2e-12 2.4e-86 3.4e-88 +8.06e-01 +8.06e-01 9.8e-01 1.0e+00 1.00e-01
37 2.2e-13 2.4e-86 7.4e-88 +8.06e-01 +8.06e-01 9.8e-01 1.0e+00 1.00e-01
38 2.2e-14 2.4e-86 1.1e-87 +8.06e-01 +8.06e-01 9.8e-01 1.0e+00 1.00e-01
39 2.2e-15 2.3e-86 8.1e-88 +8.06e-01 +8.06e-01 9.8e-01 1.0e+00 1.00e-01
40 2.2e-16 2.3e-86 1.1e-87 +8.06e-01 +8.06e-01 9.8e-01 1.0e+00 1.00e-01
41 2.2e-17 2.3e-86 1.2e-87 +8.06e-01 +8.06e-01 9.8e-01 1.0e+00 1.00e-01
42 2.2e-18 2.3e-86 1.0e-87 +8.06e-01 +8.06e-01 9.8e-01 1.0e+00 1.00e-01
43 2.2e-19 2.3e-86 8.9e-88 +8.06e-01 +8.06e-01 9.8e-01 1.0e+00 1.00e-01
44 2.2e-20 2.3e-86 1.4e-87 +8.06e-01 +8.06e-01 9.8e-01 1.0e+00 1.00e-01
45 2.2e-21 2.3e-86 1.1e-87 +8.06e-01 +8.06e-01 9.8e-01 1.0e+00 1.00e-01
46 2.2e-22 2.3e-86 3.6e-86 +8.06e-01 +8.06e-01 9.8e-01 1.0e+00 1.00e-01
47 2.2e-23 2.3e-86 5.8e-86 +8.06e-01 +8.06e-01 9.8e-01 1.0e+00 1.00e-01
48 2.2e-24 2.3e-86 1.7e-85 +8.06e-01 +8.06e-01 9.8e-01 1.0e+00 1.00e-01
49 2.2e-25 2.3e-86 8.8e-86 +8.06e-01 +8.06e-01 9.8e-01 1.0e+00 1.00e-01
50 2.2e-26 2.3e-86 1.5e-87 +8.06e-01 +8.06e-01 9.8e-01 1.0e+00 1.00e-01
51 2.2e-27 2.3e-86 7.3e-88 +8.06e-01 +8.06e-01 9.8e-01 1.0e+00 1.00e-01
52 2.2e-28 2.3e-86 1.0e-87 +8.06e-01 +8.06e-01 9.8e-01 1.0e+00 1.00e-01
53 2.2e-29 2.3e-86 1.3e-87 +8.06e-01 +8.06e-01 9.8e-01 1.0e+00 1.00e-01
54 2.2e-30 2.3e-86 8.9e-88 +8.06e-01 +8.06e-01 9.8e-01 1.0e+00 1.00e-01
55 2.2e-31 2.3e-86 9.8e-88 +8.06e-01 +8.06e-01 9.8e-01 1.0e+00 1.00e-01
56 2.2e-32 2.3e-86 1.0e-87 +8.06e-01 +8.06e-01 9.8e-01 1.0e+00 1.00e-01

phase.value = pdOPT     
   Iteration = 56
          mu = 2.2380026822007572e-32
relative gap = 2.6856032186409087e-31
         gap = 2.6856032186409087e-31
      digits = 3.0477084383063875e+01
objValPrimal = 8.0561256608121470e-01
objValDual   = 8.0561256608121470e-01
p.feas.error = 2.2735812833070408e-76
d.feas.error = 1.2152282778226420e-76
relative eps = 8.6361685550944446e-78
total time   = 0.100


Parameters are
maxIteration =    200
epsilonStar  = 1.000e-30
lambdaStar   = 1.000e+10
omegaStar    = 2.000e+00
lowerBound   = -1.000e+05
upperBound   = 1.000e+05
betaStar     = 1.000e-01
betaBar      = 3.000e-01
gammaStar    = 9.000e-01
epsilonDash  = 1.000e-30
precision    =    200

                         Time(sec)  Ratio(% : MainLoop) 
 Predictor time  =       0.040000,  40.000000
 Corrector time  =       0.020000,  20.000000
 Make bMat time  =       0.030000,  30.000000
 Make bDia time  =       0.000000,  0.000000
 Make bF1  time  =       0.010000,  10.000000
 Make bF2  time  =       0.020000,  20.000000
 Make bF3  time  =       0.000000,  0.000000
 Make bPRE time  =       0.010000,  10.000000
 Make rMat time  =       0.020000,  20.000000
 Make gVec Mul   =       0.000000,  0.000000
 Make gVec time  =       0.010000,  10.000000
 Cholesky bMat   =       0.000000,  0.000000
 Ste Pre time    =       0.000000,  0.000000
 Ste Cor time    =       0.030000,  30.000000
 solve           =       0.000000,  0.000000
 sumDz           =       0.000000,  0.000000
 makedX          =       0.000000,  0.000000
 symmetriseDx    =       0.000000,  0.000000
 makedXdZ        =       0.000000,  0.000000
 xMatTime        =       0.000000,  0.000000
 zMatTime        =       0.010000,  10.000000
 invzMatTime     =       0.000000,  0.000000
 xMatzMatTime    =       0.000000,  0.000000
 EigxMatTime     =       0.010000,  10.000000
 EigzMatTime     =       0.020000,  20.000000
 EigxMatzMatTime =       0.000000,  0.000000
 updateRes       =       0.000000,  0.000000
 EigTime         =       0.030000,  30.000000
 sub_total_bMat  =       0.070000,  70.000000
 Main Loop       =       0.100000,  100.000000
 File Check      =       0.000000,  0.000000
 File Change     =       0.000000,  0.000000
 File Read       =       0.000000,  0.000000
 Total           =       0.100000,  100.000000

xVec = 
{-8.056125660812e-01,+5.162885788890e-02,-1.334008518903e-01,-3.285490419104e-02,+5.956301258587e-01,-1.162788429659e-02,-1.394168568808e-02,+1.171123371066e-02}
xMat = 
{
{ {+1.805612566081e+00,+5.162885788890e-02,-1.334008518903e-01,-3.285490419104e-02,+5.956301258587e-01,-1.162788429659e-02 },
  {+5.162885788890e-02,+6.722117141909e-01,-3.285490419104e-02,+5.956301258587e-01,-1.162788429659e-02,-1.394168568808e-02 },
  {-1.334008518903e-01,-3.285490419104e-02,+1.401242691940e+00,-1.162788429659e-02,-1.394168568808e-02,+1.171123371066e-02 },
  {-3.285490419104e-02,+5.956301258587e-01,-1.162788429659e-02,+7.916708803931e-01,+1.171123371066e-02,-5.283659202737e-01 },
  {+5.956301258587e-01,-1.162788429659e-02,-1.394168568808e-02,+1.171123371066e-02,+2.772466458075e-01,-1.165469335001e-01 },
  {-1.162788429659e-02,-1.394168568808e-02,+1.171123371066e-02,-5.283659202737e-01,-1.165469335001e-01,+1.030232639385e+00 }   }
{ {+8.572414239701e-01,-1.334008518903e-01,-3.285490419104e-02,+5.956301258587e-01,-1.162788429659e-02,-1.394168568808e-02 },
  {-1.334008518903e-01,+7.727576618902e-01,+5.956301258587e-01,-1.162788429659e-02,-1.394168568808e-02,+1.171123371066e-02 },
  {-3.285490419104e-02,+5.956301258587e-01,+7.939846817846e-01,-1.394168568808e-02,+1.171123371066e-02,-5.283659202737e-01 },
  {+5.956301258587e-01,-1.162788429659e-02,-1.394168568808e-02,+8.173237997919e-01,-5.283659202737e-01,-1.165469335001e-01 },
  {-1.162788429659e-02,-1.394168568808e-02,+1.171123371066e-02,-5.283659202737e-01,+6.890656325811e-01,+2.246200733041e-01 },
  {-1.394168568808e-02,+1.171123371066e-02,-5.283659202737e-01,-1.165469335001e-01,+2.246200733041e-01,+9.756580013333e-01 }   }
}
yMat = 
{
{ {+4.591255984834e-32,+2.562602045227e-23,+4.439917575592e-25,-2.932988284562e-23,-4.035536200421e-24,-1.515693551300e-23 },
  {+2.562602045227e-23,+2.100698011797e-01,+3.639631041999e-03,-2.404322851526e-01,-3.308138565431e-02,-1.242492736084e-01 },
  {+4.439917575592e-25,+3.639631041999e-03,+6.305958327894e-05,-4.165685898810e-03,-5.731620512021e-04,-2.152720241706e-03 },
  {-2.932988284562e-23,-2.404322851526e-01,-4.165685898810e-03,+2.751832172881e-01,+3.786281085722e-02,+1.422076691388e-01 },
  {-4.035536200421e-24,-3.308138565431e-02,-5.731620512021e-04,+3.786281085722e-02,+5.209592576675e-03,+1.956653509654e-02 },
  {-1.515693551300e-23,-1.242492736084e-01,-2.152720241706e-03,+1.422076691388e-01,+1.956653509654e-02,+7.348929691707e-02 }   }
{ {+4.751583517656e-02,-2.776685528519e-02,+4.308247317657e-02,-7.280020595013e-02,-6.639805605692e-02,+3.093362733083e-02 },
  {-2.776685528519e-02,+4.821357509097e-02,-6.579523121024e-02,+4.713785614408e-02,+5.175111553220e-02,-4.289031794413e-02 },
  {+4.308247317657e-02,-6.579523121024e-02,+9.064273103108e-02,-7.184338927580e-02,-7.664748427465e-02,+5.955688609266e-02 },
  {-7.280020595013e-02,+4.713785614408e-02,-7.184338927580e-02,+1.121992591338e-01,+1.035906333908e-01,-5.095910097031e-02 },
  {-6.639805605692e-02,+5.175111553220e-02,-7.664748427465e-02,+1.035906333908e-01,+9.802664216774e-02,-5.327201705874e-02 },
  {+3.093362733083e-02,-4.289031794413e-02,+5.955688609266e-02,-5.095910097031e-02,-5.327201705874e-02,+3.938698985511e-02 }   }
}
    main loop time = 0.100000
        total time = 0.100000
  file   read time = 0.000000
