SDPA-GMP start at Wed Jun  5 23:35:11 2024
*SDP Scan Problem: V = x^2 - 2*x^4 + x^8
* K = 6; eval = -6.28140703517588; Domain = R+ with BCs: Neumann
data      is /Users/gorg/qmBoot/data/K=6_BC-Neumann_V_0.0_0.0_1.0_0.0_-2.0_0.0_0.0_0.0_1.0/e=-6.28140703517588_K=6_D=R+.dat
parameter is ./param.sdpa
out       is /Users/gorg/qmBoot/data/K=6_BC-Neumann_V_0.0_0.0_1.0_0.0_-2.0_0.0_0.0_0.0_1.0/e=-6.28140703517588_K=6_D=R+.out
DENSE computation
   mu      thetaP  thetaD  objP      objD      alphaP  alphaD  beta 
 0 1.0e+20 1.0e+00 1.0e+00 +0.00e+00 +4.20e+08 1.0e+00 9.0e-01 3.00e-01
 1 1.6e+19 8.6e-88 1.0e-01 +1.60e+10 +4.20e+07 9.0e-01 9.0e-01 3.00e-01
 2 2.5e+18 2.6e-87 1.0e-02 +2.46e+10 +4.20e+06 9.0e-01 9.0e-01 3.00e-01
 3 3.8e+17 2.6e-87 1.0e-03 +3.79e+10 +4.20e+05 9.0e-01 9.0e-01 3.00e-01
 4 5.8e+16 2.6e-87 1.0e-04 +5.84e+10 +4.20e+04 9.0e-01 9.0e-01 3.00e-01
 5 9.0e+15 3.5e-87 1.0e-05 +9.00e+10 +4.20e+03 9.0e-01 9.0e-01 3.00e-01
 6 1.4e+15 6.0e-87 1.0e-06 +1.39e+11 +4.20e+02 9.0e-01 9.0e-01 3.00e-01
 7 2.1e+14 7.8e-87 1.0e-07 +2.13e+11 +4.19e+01 9.0e-01 9.0e-01 3.00e-01
 8 3.3e+13 7.8e-87 1.0e-08 +3.29e+11 +4.11e+00 9.0e-01 9.0e-01 3.00e-01
 9 5.1e+12 9.5e-87 1.0e-09 +5.05e+11 +3.29e-01 9.0e-01 9.0e-01 3.00e-01
10 8.2e+11 9.5e-87 9.9e-11 +7.69e+11 -4.86e-02 9.2e-01 9.2e-01 3.00e-01
11 1.8e+11 1.0e-86 8.2e-12 +1.05e+12 -8.27e-02 1.7e+00 1.0e+00 3.00e-01
12 3.9e+10 1.0e-86 4.5e-94 +4.71e+11 -6.71e-02 9.6e-01 9.0e+01 1.00e-01
13 5.3e+09 1.5e-86 7.1e-92 +6.32e+10 -3.77e-02 9.9e-01 9.9e-01 1.00e-01
14 5.8e+08 1.7e-86 1.6e-93 +6.95e+09 -3.91e-02 1.0e+00 1.0e+00 1.00e-01
15 6.0e+07 1.6e-86 3.2e-93 +7.16e+08 -4.07e-02 1.0e+00 1.0e+00 1.00e-01
16 6.0e+06 2.1e-86 5.7e-93 +7.25e+07 -4.23e-02 1.0e+00 1.0e+00 1.00e-01
17 6.1e+05 1.7e-86 2.1e-92 +7.28e+06 -4.39e-02 1.0e+00 1.0e+00 1.00e-01
18 6.1e+04 2.2e-86 7.9e-92 +7.29e+05 -4.53e-02 1.0e+00 1.0e+00 1.00e-01
19 6.1e+03 2.3e-86 2.5e-91 +7.29e+04 -4.66e-02 1.0e+00 1.0e+00 1.00e-01
20 6.1e+02 2.8e-86 8.4e-91 +7.30e+03 -4.77e-02 1.0e+00 1.0e+00 1.00e-01
21 6.1e+01 2.8e-86 3.7e-90 +7.30e+02 -4.86e-02 1.0e+00 3.2e+01 1.00e-01
22 6.2e+00 2.8e-86 2.5e-88 +7.39e+01 -3.51e-02 9.8e-01 1.9e+01 1.00e-01
23 7.0e-01 2.8e-86 3.6e-87 +8.52e+00 +1.22e-01 9.1e-01 3.8e+00 1.00e-01
24 1.1e-01 3.0e-86 1.1e-86 +1.71e+00 +4.34e-01 8.5e-01 1.2e+00 1.00e-01
25 2.0e-02 2.8e-86 1.8e-87 +9.01e-01 +6.63e-01 8.8e-01 9.3e-01 1.00e-01
26 3.7e-03 2.9e-86 2.2e-88 +7.98e-01 +7.53e-01 9.2e-01 9.2e-01 1.00e-01
27 6.5e-04 2.9e-86 1.7e-89 +7.83e-01 +7.75e-01 9.5e-01 8.8e-01 1.00e-01
28 1.2e-04 2.9e-86 6.4e-90 +7.81e-01 +7.79e-01 9.7e-01 9.4e-01 1.00e-01
29 1.8e-05 2.9e-86 4.0e-90 +7.81e-01 +7.80e-01 9.7e-01 9.9e-01 1.00e-01
30 2.0e-06 2.9e-86 3.2e-90 +7.81e-01 +7.80e-01 9.7e-01 1.0e+00 1.00e-01
31 2.1e-07 2.9e-86 3.7e-89 +7.80e-01 +7.80e-01 9.8e-01 1.0e+00 1.00e-01
32 2.2e-08 2.9e-86 4.8e-89 +7.80e-01 +7.80e-01 9.8e-01 1.0e+00 1.00e-01
33 2.2e-09 2.9e-86 2.8e-88 +7.80e-01 +7.80e-01 9.8e-01 1.0e+00 1.00e-01
34 2.2e-10 2.9e-86 4.0e-88 +7.80e-01 +7.80e-01 9.8e-01 1.0e+00 1.00e-01
35 2.2e-11 2.9e-86 1.0e-88 +7.80e-01 +7.80e-01 9.8e-01 1.0e+00 1.00e-01
36 2.2e-12 2.9e-86 3.3e-88 +7.80e-01 +7.80e-01 9.8e-01 1.0e+00 1.00e-01
37 2.2e-13 2.9e-86 5.1e-88 +7.80e-01 +7.80e-01 9.8e-01 1.0e+00 1.00e-01
38 2.2e-14 2.9e-86 5.1e-88 +7.80e-01 +7.80e-01 9.8e-01 1.0e+00 1.00e-01
39 2.2e-15 2.9e-86 8.2e-88 +7.80e-01 +7.80e-01 9.8e-01 1.0e+00 1.00e-01
40 2.2e-16 2.9e-86 8.5e-88 +7.80e-01 +7.80e-01 9.8e-01 1.0e+00 1.00e-01
41 2.2e-17 2.9e-86 1.2e-87 +7.80e-01 +7.80e-01 9.8e-01 1.0e+00 1.00e-01
42 2.2e-18 2.9e-86 1.1e-87 +7.80e-01 +7.80e-01 9.8e-01 1.0e+00 1.00e-01
43 2.2e-19 2.9e-86 8.5e-88 +7.80e-01 +7.80e-01 9.8e-01 1.0e+00 1.00e-01
44 2.2e-20 2.9e-86 8.4e-88 +7.80e-01 +7.80e-01 9.8e-01 1.0e+00 1.00e-01
45 2.2e-21 2.9e-86 1.4e-87 +7.80e-01 +7.80e-01 9.8e-01 1.0e+00 1.00e-01
46 2.2e-22 2.9e-86 7.3e-86 +7.80e-01 +7.80e-01 9.8e-01 1.0e+00 1.00e-01
47 2.2e-23 2.9e-86 3.0e-86 +7.80e-01 +7.80e-01 9.8e-01 1.0e+00 1.00e-01
48 2.2e-24 2.9e-86 5.0e-86 +7.80e-01 +7.80e-01 9.8e-01 1.0e+00 1.00e-01
49 2.2e-25 2.9e-86 6.8e-86 +7.80e-01 +7.80e-01 9.8e-01 1.0e+00 1.00e-01
50 2.2e-26 2.9e-86 7.9e-88 +7.80e-01 +7.80e-01 9.8e-01 1.0e+00 1.00e-01
51 2.2e-27 2.9e-86 1.1e-87 +7.80e-01 +7.80e-01 9.8e-01 1.0e+00 1.00e-01
52 2.2e-28 2.9e-86 6.7e-88 +7.80e-01 +7.80e-01 9.8e-01 1.0e+00 1.00e-01
53 2.2e-29 2.9e-86 1.1e-87 +7.80e-01 +7.80e-01 9.8e-01 1.0e+00 1.00e-01
54 2.2e-30 2.9e-86 1.2e-87 +7.80e-01 +7.80e-01 9.8e-01 1.0e+00 1.00e-01
55 2.2e-31 2.9e-86 9.5e-88 +7.80e-01 +7.80e-01 9.8e-01 1.0e+00 1.00e-01
56 2.2e-32 2.9e-86 8.4e-88 +7.80e-01 +7.80e-01 9.8e-01 1.0e+00 1.00e-01

phase.value = pdOPT     
   Iteration = 56
          mu = 2.1727333263789710e-32
relative gap = 2.6072799916547652e-31
         gap = 2.6072799916547652e-31
      digits = 3.0476181873759735e+01
objValPrimal = 7.8049395835586194e-01
objValDual   = 7.8049395835586194e-01
p.feas.error = 2.8754504878285046e-76
d.feas.error = 1.0037009725972219e-76
relative eps = 8.6361685550944446e-78
total time   = 0.120


Parameters are
maxIteration =    200
epsilonStar  = 1.000e-30
lambdaStar   = 1.000e+10
omegaStar    = 2.000e+00
lowerBound   = -1.000e+05
upperBound   = 1.000e+05
betaStar     = 1.000e-01
betaBar      = 3.000e-01
gammaStar    = 9.000e-01
epsilonDash  = 1.000e-30
precision    =    200

                         Time(sec)  Ratio(% : MainLoop) 
 Predictor time  =       0.040000,  33.333333
 Corrector time  =       0.020000,  16.666667
 Make bMat time  =       0.040000,  33.333333
 Make bDia time  =       0.000000,  0.000000
 Make bF1  time  =       0.010000,  8.333333
 Make bF2  time  =       0.030000,  25.000000
 Make bF3  time  =       0.000000,  0.000000
 Make bPRE time  =       0.000000,  0.000000
 Make rMat time  =       0.020000,  16.666667
 Make gVec Mul   =       0.000000,  0.000000
 Make gVec time  =       0.000000,  0.000000
 Cholesky bMat   =       0.000000,  0.000000
 Ste Pre time    =       0.000000,  0.000000
 Ste Cor time    =       0.060000,  50.000000
 solve           =       0.000000,  0.000000
 sumDz           =       0.000000,  0.000000
 makedX          =       0.000000,  0.000000
 symmetriseDx    =       0.000000,  0.000000
 makedXdZ        =       0.000000,  0.000000
 xMatTime        =       0.000000,  0.000000
 zMatTime        =       0.000000,  0.000000
 invzMatTime     =       0.000000,  0.000000
 xMatzMatTime    =       0.000000,  0.000000
 EigxMatTime     =       0.030000,  25.000000
 EigzMatTime     =       0.030000,  25.000000
 EigxMatzMatTime =       0.000000,  0.000000
 updateRes       =       0.000000,  0.000000
 EigTime         =       0.060000,  50.000000
 sub_total_bMat  =       0.080000,  66.666667
 Main Loop       =       0.120000,  100.000000
 File Check      =       0.000000,  0.000000
 File Change     =       0.000000,  0.000000
 File Read       =       0.000000,  0.000000
 Total           =       0.120000,  100.000000

xVec = 
{-7.804939583559e-01,+5.181789397249e-02,-1.311239312377e-01,-3.181854682103e-02,+5.759802856499e-01,-1.073153388532e-02,-1.311058515422e-02,+1.125693027326e-02}
xMat = 
{
{ {+1.780493958356e+00,+5.181789397249e-02,-1.311239312377e-01,-3.181854682103e-02,+5.759802856499e-01,-1.073153388532e-02 },
  {+5.181789397249e-02,+6.493700271182e-01,-3.181854682103e-02,+5.759802856499e-01,-1.073153388532e-02,-1.311058515422e-02 },
  {-1.311239312377e-01,-3.181854682103e-02,+1.356474244006e+00,-1.073153388532e-02,-1.311058515422e-02,+1.125693027326e-02 },
  {-3.181854682103e-02,+5.759802856499e-01,-1.073153388532e-02,+7.673833732016e-01,+1.125693027326e-02,-5.126554917602e-01 },
  {+5.759802856499e-01,-1.073153388532e-02,-1.311058515422e-02,+1.125693027326e-02,+2.678384665956e-01,-1.128425117745e-01 },
  {-1.073153388532e-02,-1.311058515422e-02,+1.125693027326e-02,-5.126554917602e-01,-1.128425117745e-01,+9.999084381169e-01 }   }
{ {+8.323118523284e-01,-1.311239312377e-01,-3.181854682103e-02,+5.759802856499e-01,-1.073153388532e-02,-1.311058515422e-02 },
  {-1.311239312377e-01,+7.486754115348e-01,+5.759802856499e-01,-1.073153388532e-02,-1.311058515422e-02,+1.125693027326e-02 },
  {-3.181854682103e-02,+5.759802856499e-01,+7.697624244705e-01,-1.311058515422e-02,+1.125693027326e-02,-5.126554917602e-01 },
  {+5.759802856499e-01,-1.073153388532e-02,-1.311058515422e-02,+7.917508886291e-01,-5.126554917602e-01,-1.128425117745e-01 },
  {-1.073153388532e-02,-1.311058515422e-02,+1.125693027326e-02,-5.126554917602e-01,+6.676514465813e-01,+2.194144797611e-01 },
  {-1.311058515422e-02,+1.125693027326e-02,-5.126554917602e-01,-1.128425117745e-01,+2.194144797611e-01,+9.428826048488e-01 }   }
}
yMat = 
{
{ {+4.246992055849e-32,+2.189450437540e-23,+3.891410626771e-25,-2.502262615689e-23,-3.504585632944e-24,-1.294196872350e-23 },
  {+2.189450437540e-23,+2.116456203340e-01,+3.761674596982e-03,-2.418839514857e-01,-3.387745925361e-02,-1.251049555186e-01 },
  {+3.891410626771e-25,+3.761674596982e-03,+6.685796640277e-05,-4.299114313284e-03,-6.021196076892e-04,-2.223547703885e-03 },
  {-2.502262615689e-23,-2.418839514857e-01,-4.299114313284e-03,+2.764425074993e-01,+3.871761531201e-02,+1.429790087011e-01 },
  {-3.504585632944e-24,-3.387745925361e-02,-6.021196076892e-04,+3.871761531201e-02,+5.422660027972e-03,+2.002516294133e-02 },
  {-1.294196872350e-23,-1.251049555186e-01,-2.223547703885e-03,+1.429790087011e-01,+2.002516294133e-02,+7.395026587658e-02 }   }
{ {+4.610671852817e-02,-2.688639511218e-02,+4.204808587306e-02,-7.094119621194e-02,-6.497635396657e-02,+3.045437094840e-02 },
  {-2.688639511218e-02,+4.827202969353e-02,-6.599341614330e-02,+4.616677135045e-02,+5.128824222866e-02,-4.324142452940e-02 },
  {+4.204808587306e-02,-6.599341614330e-02,+9.111992477067e-02,-7.080236539414e-02,-7.630535722402e-02,+6.019866243437e-02 },
  {-7.094119621194e-02,+4.616677135045e-02,-7.080236539414e-02,+1.098587355278e-01,+1.019471357632e-01,-5.060963053377e-02 },
  {-6.497635396657e-02,+5.128824222866e-02,-7.630535722402e-02,+1.019471357632e-01,+9.707624308170e-02,-5.339323142268e-02 },
  {+3.045437094840e-02,-4.324142452940e-02,+6.019866243437e-02,-5.060963053377e-02,-5.339323142268e-02,+4.003843669392e-02 }   }
}
    main loop time = 0.120000
        total time = 0.120000
  file   read time = 0.000000
