SDPA-GMP start at Wed Jun  5 23:35:11 2024
*SDP Scan Problem: V = x^2 - 2*x^4 + x^8
* K = 6; eval = -6.180904522613066; Domain = R+ with BCs: Neumann
data      is /Users/gorg/qmBoot/data/K=6_BC-Neumann_V_0.0_0.0_1.0_0.0_-2.0_0.0_0.0_0.0_1.0/e=-6.180904522613066_K=6_D=R+.dat
parameter is ./param.sdpa
out       is /Users/gorg/qmBoot/data/K=6_BC-Neumann_V_0.0_0.0_1.0_0.0_-2.0_0.0_0.0_0.0_1.0/e=-6.180904522613066_K=6_D=R+.out
DENSE computation
   mu      thetaP  thetaD  objP      objD      alphaP  alphaD  beta 
 0 1.0e+20 1.0e+00 1.0e+00 +0.00e+00 +2.19e+08 1.0e+00 9.0e-01 3.00e-01
 1 1.6e+19 8.6e-88 1.0e-01 +1.60e+10 +2.19e+07 9.0e-01 9.0e-01 3.00e-01
 2 2.5e+18 2.6e-87 1.0e-02 +2.46e+10 +2.19e+06 9.0e-01 9.0e-01 3.00e-01
 3 3.8e+17 3.5e-87 1.0e-03 +3.79e+10 +2.19e+05 9.0e-01 9.0e-01 3.00e-01
 4 5.8e+16 5.2e-87 1.0e-04 +5.84e+10 +2.19e+04 9.0e-01 9.0e-01 3.00e-01
 5 9.0e+15 5.2e-87 1.0e-05 +9.00e+10 +2.19e+03 9.0e-01 9.0e-01 3.00e-01
 6 1.4e+15 6.9e-87 1.0e-06 +1.39e+11 +2.19e+02 9.0e-01 9.0e-01 3.00e-01
 7 2.1e+14 8.6e-87 1.0e-07 +2.13e+11 +2.18e+01 9.0e-01 9.0e-01 3.00e-01
 8 3.3e+13 1.0e-86 1.0e-08 +3.29e+11 +2.10e+00 9.0e-01 9.0e-01 3.00e-01
 9 5.1e+12 1.2e-86 1.0e-09 +5.05e+11 +1.28e-01 9.0e-01 9.0e-01 3.00e-01
10 8.2e+11 1.2e-86 9.8e-11 +7.69e+11 -6.84e-02 9.2e-01 9.2e-01 3.00e-01
11 1.8e+11 1.4e-86 8.2e-12 +1.05e+12 -8.45e-02 1.7e+00 1.0e+00 3.00e-01
12 3.9e+10 1.3e-86 2.7e-94 +4.71e+11 -6.78e-02 9.6e-01 9.0e+01 1.00e-01
13 5.3e+09 1.2e-86 6.1e-92 +6.31e+10 -3.97e-02 9.9e-01 9.9e-01 1.00e-01
14 5.8e+08 1.3e-86 1.2e-93 +6.94e+09 -4.10e-02 1.0e+00 1.0e+00 1.00e-01
15 5.9e+07 1.6e-86 1.7e-93 +7.14e+08 -4.26e-02 1.0e+00 1.0e+00 1.00e-01
16 6.0e+06 1.6e-86 7.1e-93 +7.23e+07 -4.41e-02 1.0e+00 1.0e+00 1.00e-01
17 6.1e+05 1.7e-86 3.1e-92 +7.26e+06 -4.56e-02 1.0e+00 1.0e+00 1.00e-01
18 6.1e+04 1.7e-86 5.8e-92 +7.27e+05 -4.69e-02 1.0e+00 1.0e+00 1.00e-01
19 6.1e+03 2.0e-86 2.2e-91 +7.28e+04 -4.81e-02 1.0e+00 1.0e+00 1.00e-01
20 6.1e+02 2.0e-86 4.2e-91 +7.28e+03 -4.92e-02 1.0e+00 1.0e+00 1.00e-01
21 6.1e+01 2.2e-86 1.8e-90 +7.29e+02 -5.01e-02 1.0e+00 3.2e+01 1.00e-01
22 6.1e+00 2.4e-86 4.4e-88 +7.37e+01 -3.60e-02 9.8e-01 1.9e+01 1.00e-01
23 7.0e-01 2.2e-86 7.2e-87 +8.49e+00 +1.16e-01 9.1e-01 3.9e+00 1.00e-01
24 1.1e-01 2.3e-86 2.1e-86 +1.70e+00 +4.24e-01 8.5e-01 1.2e+00 1.00e-01
25 2.0e-02 2.3e-86 3.5e-87 +8.88e-01 +6.51e-01 8.8e-01 9.3e-01 1.00e-01
26 3.7e-03 2.3e-86 3.6e-88 +7.85e-01 +7.41e-01 9.2e-01 9.2e-01 1.00e-01
27 6.5e-04 2.3e-86 2.0e-89 +7.70e-01 +7.63e-01 9.4e-01 8.8e-01 1.00e-01
28 1.2e-04 2.3e-86 1.1e-89 +7.68e-01 +7.67e-01 9.7e-01 9.4e-01 1.00e-01
29 1.8e-05 2.3e-86 5.7e-90 +7.68e-01 +7.68e-01 9.7e-01 9.9e-01 1.00e-01
30 2.0e-06 2.3e-86 3.7e-90 +7.68e-01 +7.68e-01 9.7e-01 1.0e+00 1.00e-01
31 2.1e-07 2.3e-86 1.2e-88 +7.68e-01 +7.68e-01 9.8e-01 1.0e+00 1.00e-01
32 2.1e-08 2.3e-86 1.6e-88 +7.68e-01 +7.68e-01 9.8e-01 1.0e+00 1.00e-01
33 2.1e-09 2.3e-86 2.6e-88 +7.68e-01 +7.68e-01 9.8e-01 1.0e+00 1.00e-01
34 2.1e-10 2.3e-86 3.7e-88 +7.68e-01 +7.68e-01 9.8e-01 1.0e+00 1.00e-01
35 2.1e-11 2.3e-86 3.4e-88 +7.68e-01 +7.68e-01 9.8e-01 1.0e+00 1.00e-01
36 2.1e-12 2.3e-86 5.5e-88 +7.68e-01 +7.68e-01 9.8e-01 1.0e+00 1.00e-01
37 2.1e-13 2.3e-86 3.5e-88 +7.68e-01 +7.68e-01 9.8e-01 1.0e+00 1.00e-01
38 2.1e-14 2.3e-86 4.6e-88 +7.68e-01 +7.68e-01 9.8e-01 1.0e+00 1.00e-01
39 2.1e-15 2.3e-86 1.1e-87 +7.68e-01 +7.68e-01 9.8e-01 1.0e+00 1.00e-01
40 2.1e-16 2.3e-86 1.1e-87 +7.68e-01 +7.68e-01 9.8e-01 1.0e+00 1.00e-01
41 2.1e-17 2.3e-86 9.0e-88 +7.68e-01 +7.68e-01 9.8e-01 1.0e+00 1.00e-01
42 2.1e-18 2.3e-86 1.5e-87 +7.68e-01 +7.68e-01 9.8e-01 1.0e+00 1.00e-01
43 2.1e-19 2.3e-86 1.3e-87 +7.68e-01 +7.68e-01 9.8e-01 1.0e+00 1.00e-01
44 2.1e-20 2.3e-86 7.0e-88 +7.68e-01 +7.68e-01 9.8e-01 1.0e+00 1.00e-01
45 2.1e-21 2.3e-86 1.3e-87 +7.68e-01 +7.68e-01 9.8e-01 1.0e+00 1.00e-01
46 2.1e-22 2.3e-86 3.3e-86 +7.68e-01 +7.68e-01 9.8e-01 1.0e+00 1.00e-01
47 2.1e-23 2.3e-86 3.8e-86 +7.68e-01 +7.68e-01 9.8e-01 1.0e+00 1.00e-01
48 2.1e-24 2.3e-86 6.7e-86 +7.68e-01 +7.68e-01 9.8e-01 1.0e+00 1.00e-01
49 2.1e-25 2.3e-86 2.1e-86 +7.68e-01 +7.68e-01 9.8e-01 1.0e+00 1.00e-01
50 2.1e-26 2.3e-86 5.6e-88 +7.68e-01 +7.68e-01 9.8e-01 1.0e+00 1.00e-01
51 2.1e-27 2.3e-86 7.7e-88 +7.68e-01 +7.68e-01 9.8e-01 1.0e+00 1.00e-01
52 2.1e-28 2.3e-86 9.9e-88 +7.68e-01 +7.68e-01 9.8e-01 1.0e+00 1.00e-01
53 2.1e-29 2.3e-86 9.0e-88 +7.68e-01 +7.68e-01 9.8e-01 1.0e+00 1.00e-01
54 2.1e-30 2.3e-86 1.1e-87 +7.68e-01 +7.68e-01 9.8e-01 1.0e+00 1.00e-01
55 2.1e-31 2.3e-86 9.3e-88 +7.68e-01 +7.68e-01 9.8e-01 1.0e+00 1.00e-01
56 2.1e-32 2.3e-86 1.1e-87 +7.68e-01 +7.68e-01 9.8e-01 1.0e+00 1.00e-01

phase.value = pdOPT     
   Iteration = 56
          mu = 2.1421060734561801e-32
relative gap = 2.5705272881474161e-31
         gap = 2.5705272881474161e-31
      digits = 3.0475305129228762e+01
objValPrimal = 7.6794010323111626e-01
objValDual   = 7.6794010323111626e-01
p.feas.error = 2.3126370218525800e-76
d.feas.error = 1.2812312801616695e-76
relative eps = 8.6361685550944446e-78
total time   = 0.120


Parameters are
maxIteration =    200
epsilonStar  = 1.000e-30
lambdaStar   = 1.000e+10
omegaStar    = 2.000e+00
lowerBound   = -1.000e+05
upperBound   = 1.000e+05
betaStar     = 1.000e-01
betaBar      = 3.000e-01
gammaStar    = 9.000e-01
epsilonDash  = 1.000e-30
precision    =    200

                         Time(sec)  Ratio(% : MainLoop) 
 Predictor time  =       0.050000,  41.666667
 Corrector time  =       0.030000,  25.000000
 Make bMat time  =       0.040000,  33.333333
 Make bDia time  =       0.000000,  0.000000
 Make bF1  time  =       0.020000,  16.666667
 Make bF2  time  =       0.020000,  16.666667
 Make bF3  time  =       0.000000,  0.000000
 Make bPRE time  =       0.020000,  16.666667
 Make rMat time  =       0.010000,  8.333333
 Make gVec Mul   =       0.000000,  0.000000
 Make gVec time  =       0.000000,  0.000000
 Cholesky bMat   =       0.000000,  0.000000
 Ste Pre time    =       0.000000,  0.000000
 Ste Cor time    =       0.030000,  25.000000
 solve           =       0.010000,  8.333333
 sumDz           =       0.010000,  8.333333
 makedX          =       0.010000,  8.333333
 symmetriseDx    =       0.000000,  0.000000
 makedXdZ        =       0.020000,  16.666667
 xMatTime        =       0.000000,  0.000000
 zMatTime        =       0.000000,  0.000000
 invzMatTime     =       0.000000,  0.000000
 xMatzMatTime    =       0.000000,  0.000000
 EigxMatTime     =       0.020000,  16.666667
 EigzMatTime     =       0.010000,  8.333333
 EigxMatzMatTime =       0.000000,  0.000000
 updateRes       =       0.000000,  0.000000
 EigTime         =       0.030000,  25.000000
 sub_total_bMat  =       0.080000,  66.666667
 Main Loop       =       0.120000,  100.000000
 File Check      =       0.000000,  0.000000
 File Change     =       0.000000,  0.000000
 File Read       =       0.000000,  0.000000
 Total           =       0.120000,  100.000000

xVec = 
{-7.679401032311e-01,+5.192043818614e-02,-1.299177499783e-01,-3.127831742797e-02,+5.661927488619e-01,-1.025804989548e-02,-1.270150013154e-02,+1.105889671729e-02}
xMat = 
{
{ {+1.767940103231e+00,+5.192043818614e-02,-1.299177499783e-01,-3.127831742797e-02,+5.661927488619e-01,-1.025804989548e-02 },
  {+5.192043818614e-02,+6.380223532528e-01,-3.127831742797e-02,+5.661927488619e-01,-1.025804989548e-02,-1.270150013154e-02 },
  {-1.299177499783e-01,-3.127831742797e-02,+1.334132852093e+00,-1.025804989548e-02,-1.270150013154e-02,+1.105889671729e-02 },
  {-3.127831742797e-02,+5.661927488619e-01,-1.025804989548e-02,+7.552386030996e-01,+1.105889671729e-02,-5.047825058971e-01 },
  {+5.661927488619e-01,-1.025804989548e-02,-1.270150013154e-02,+1.105889671729e-02,+2.631575973340e-01,-1.109764737771e-01 },
  {-1.025804989548e-02,-1.270150013154e-02,+1.105889671729e-02,-5.047825058971e-01,-1.109764737771e-01,+9.846889072972e-01 }   }
{ {+8.198605414173e-01,-1.299177499783e-01,-3.127831742797e-02,+5.661927488619e-01,-1.025804989548e-02,-1.270150013154e-02 },
  {-1.299177499783e-01,+7.366617858032e-01,+5.661927488619e-01,-1.025804989548e-02,-1.270150013154e-02,+1.105889671729e-02 },
  {-3.127831742797e-02,+5.661927488619e-01,+7.576820533356e-01,-1.270150013154e-02,+1.105889671729e-02,-5.047825058971e-01 },
  {+5.661927488619e-01,-1.025804989548e-02,-1.270150013154e-02,+7.789989999484e-01,-5.047825058971e-01,-1.109764737771e-01 },
  {-1.025804989548e-02,-1.270150013154e-02,+1.105889671729e-02,-5.047825058971e-01,+6.569636294540e-01,+2.167488040661e-01 },
  {-1.270150013154e-02,+1.105889671729e-02,-5.047825058971e-01,-1.109764737771e-01,+2.167488040661e-01,+9.265442049564e-01 }   }
}
yMat = 
{
{ {+4.093854500576e-32,+2.052595565283e-23,+3.699954682884e-25,-2.344163796520e-23,-3.312102904783e-24,-1.212959288957e-23 },
  {+2.052595565283e-23,+2.123977650532e-01,+3.828626116190e-03,-2.425685603159e-01,-3.427286147909e-02,-1.255141763713e-01 },
  {+3.699954682884e-25,+3.828626116190e-03,+6.901380498941e-05,-4.372476917350e-03,-6.177935653067e-04,-2.262485452644e-03 },
  {-2.344163796520e-23,-2.425685603159e-01,-4.372476917350e-03,+2.770250733994e-01,+3.914127187170e-02,+1.433432835510e-01 },
  {-3.312102904783e-24,-3.427286147909e-02,-6.177935653067e-04,+3.914127187170e-02,+5.530326713516e-03,+2.025317912058e-02 },
  {-1.212959288957e-23,-1.255141763713e-01,-2.262485452644e-03,+1.433432835510e-01,+2.025317912058e-02,+7.417125347911e-02 }   }
{ {+4.541996079067e-02,-2.643426187044e-02,+4.151457442487e-02,-7.002825439698e-02,-6.427214064885e-02,+3.020307833364e-02 },
  {-2.643426187044e-02,+4.832249026924e-02,-6.611612988779e-02,+4.566355426385e-02,+5.104971082714e-02,-4.343213983392e-02 },
  {+4.151457442487e-02,-6.611612988779e-02,+9.138517616339e-02,-7.025771917165e-02,-7.612432430505e-02,+6.053786648711e-02 },
  {-7.002825439698e-02,+4.566355426385e-02,-7.025771917165e-02,+1.087003280374e-01,+1.011271724362e-01,-5.041889451696e-02 },
  {-6.427214064885e-02,+5.104971082714e-02,-7.612432430505e-02,+1.011271724362e-01,+9.660061981474e-02,-5.344857246612e-02 },
  {+3.020307833364e-02,-4.343213983392e-02,+6.053786648711e-02,-5.041889451696e-02,-5.344857246612e-02,+4.037799247440e-02 }   }
}
    main loop time = 0.120000
        total time = 0.120000
  file   read time = 0.000000
