SDPA-GMP start at Wed Jun  5 23:35:11 2024
*SDP Scan Problem: V = x^2 - 2*x^4 + x^8
* K = 6; eval = -6.381909547738694; Domain = R+ with BCs: Neumann
data      is /Users/gorg/qmBoot/data/K=6_BC-Neumann_V_0.0_0.0_1.0_0.0_-2.0_0.0_0.0_0.0_1.0/e=-6.381909547738694_K=6_D=R+.dat
parameter is ./param.sdpa
out       is /Users/gorg/qmBoot/data/K=6_BC-Neumann_V_0.0_0.0_1.0_0.0_-2.0_0.0_0.0_0.0_1.0/e=-6.381909547738694_K=6_D=R+.out
DENSE computation
   mu      thetaP  thetaD  objP      objD      alphaP  alphaD  beta 
 0 1.0e+20 1.0e+00 1.0e+00 +0.00e+00 +6.21e+08 1.0e+00 9.0e-01 3.00e-01
 1 1.6e+19 8.6e-88 1.0e-01 +1.60e+10 +6.21e+07 9.0e-01 9.0e-01 3.00e-01
 2 2.5e+18 3.5e-87 1.0e-02 +2.46e+10 +6.21e+06 9.0e-01 9.0e-01 3.00e-01
 3 3.8e+17 3.5e-87 1.0e-03 +3.79e+10 +6.21e+05 9.0e-01 9.0e-01 3.00e-01
 4 5.8e+16 6.0e-87 1.0e-04 +5.84e+10 +6.21e+04 9.0e-01 9.0e-01 3.00e-01
 5 9.0e+15 7.8e-87 1.0e-05 +9.00e+10 +6.21e+03 9.0e-01 9.0e-01 3.00e-01
 6 1.4e+15 9.5e-87 1.0e-06 +1.39e+11 +6.21e+02 9.0e-01 9.0e-01 3.00e-01
 7 2.1e+14 1.0e-86 1.0e-07 +2.13e+11 +6.20e+01 9.0e-01 9.0e-01 3.00e-01
 8 3.3e+13 1.3e-86 1.0e-08 +3.29e+11 +6.12e+00 9.0e-01 9.0e-01 3.00e-01
 9 5.1e+12 1.6e-86 1.0e-09 +5.05e+11 +5.30e-01 9.0e-01 9.0e-01 3.00e-01
10 8.2e+11 1.7e-86 9.9e-11 +7.69e+11 -2.87e-02 9.2e-01 9.2e-01 3.00e-01
11 1.8e+11 1.6e-86 8.2e-12 +1.05e+12 -8.09e-02 1.7e+00 1.0e+00 3.00e-01
12 3.9e+10 1.6e-86 3.0e-94 +4.72e+11 -6.64e-02 9.6e-01 9.0e+01 1.00e-01
13 5.3e+09 2.0e-86 7.2e-92 +6.33e+10 -3.56e-02 9.9e-01 9.9e-01 1.00e-01
14 5.8e+08 2.1e-86 1.5e-93 +6.97e+09 -3.70e-02 1.0e+00 1.0e+00 1.00e-01
15 6.0e+07 2.3e-86 1.6e-93 +7.17e+08 -3.88e-02 1.0e+00 1.0e+00 1.00e-01
16 6.1e+06 2.3e-86 8.2e-93 +7.26e+07 -4.05e-02 1.0e+00 1.0e+00 1.00e-01
17 6.1e+05 2.5e-86 3.4e-92 +7.30e+06 -4.21e-02 1.0e+00 1.0e+00 1.00e-01
18 6.1e+04 2.5e-86 9.7e-92 +7.31e+05 -4.36e-02 1.0e+00 1.0e+00 1.00e-01
19 6.1e+03 2.8e-86 1.9e-91 +7.31e+04 -4.49e-02 1.0e+00 1.0e+00 1.00e-01
20 6.1e+02 2.8e-86 1.3e-90 +7.31e+03 -4.61e-02 1.0e+00 1.0e+00 1.00e-01
21 6.1e+01 2.6e-86 1.6e-90 +7.32e+02 -4.71e-02 1.0e+00 3.1e+01 1.00e-01
22 6.2e+00 3.0e-86 4.3e-88 +7.41e+01 -3.42e-02 9.8e-01 1.9e+01 1.00e-01
23 7.0e-01 2.8e-86 6.7e-87 +8.55e+00 +1.28e-01 9.1e-01 3.8e+00 1.00e-01
24 1.1e-01 3.0e-86 1.9e-86 +1.73e+00 +4.43e-01 8.5e-01 1.2e+00 1.00e-01
25 2.0e-02 2.8e-86 3.0e-87 +9.15e-01 +6.75e-01 8.8e-01 9.3e-01 1.00e-01
26 3.8e-03 2.8e-86 2.9e-88 +8.11e-01 +7.66e-01 9.2e-01 9.2e-01 1.00e-01
27 6.5e-04 2.8e-86 7.2e-89 +7.96e-01 +7.88e-01 9.5e-01 8.8e-01 1.00e-01
28 1.2e-04 2.8e-86 4.1e-90 +7.93e-01 +7.92e-01 9.8e-01 9.4e-01 1.00e-01
29 1.8e-05 2.8e-86 1.6e-90 +7.93e-01 +7.93e-01 9.7e-01 9.9e-01 1.00e-01
30 2.1e-06 2.8e-86 3.7e-90 +7.93e-01 +7.93e-01 9.7e-01 1.0e+00 1.00e-01
31 2.2e-07 2.8e-86 7.5e-91 +7.93e-01 +7.93e-01 9.8e-01 1.0e+00 1.00e-01
32 2.2e-08 2.8e-86 2.6e-89 +7.93e-01 +7.93e-01 9.8e-01 1.0e+00 1.00e-01
33 2.2e-09 2.8e-86 2.0e-88 +7.93e-01 +7.93e-01 9.8e-01 1.0e+00 1.00e-01
34 2.2e-10 2.8e-86 3.4e-88 +7.93e-01 +7.93e-01 9.8e-01 1.0e+00 1.00e-01
35 2.2e-11 2.8e-86 4.0e-88 +7.93e-01 +7.93e-01 9.8e-01 1.0e+00 1.00e-01
36 2.2e-12 2.8e-86 2.7e-88 +7.93e-01 +7.93e-01 9.8e-01 1.0e+00 1.00e-01
37 2.2e-13 2.8e-86 4.5e-88 +7.93e-01 +7.93e-01 9.8e-01 1.0e+00 1.00e-01
38 2.2e-14 2.8e-86 5.9e-88 +7.93e-01 +7.93e-01 9.8e-01 1.0e+00 1.00e-01
39 2.2e-15 2.8e-86 9.6e-88 +7.93e-01 +7.93e-01 9.8e-01 1.0e+00 1.00e-01
40 2.2e-16 2.8e-86 1.2e-87 +7.93e-01 +7.93e-01 9.8e-01 1.0e+00 1.00e-01
41 2.2e-17 2.8e-86 9.6e-88 +7.93e-01 +7.93e-01 9.8e-01 1.0e+00 1.00e-01
42 2.2e-18 2.8e-86 7.4e-88 +7.93e-01 +7.93e-01 9.8e-01 1.0e+00 1.00e-01
43 2.2e-19 2.8e-86 1.4e-87 +7.93e-01 +7.93e-01 9.8e-01 1.0e+00 1.00e-01
44 2.2e-20 2.8e-86 1.3e-87 +7.93e-01 +7.93e-01 9.8e-01 1.0e+00 1.00e-01
45 2.2e-21 2.8e-86 9.4e-88 +7.93e-01 +7.93e-01 9.8e-01 1.0e+00 1.00e-01
46 2.2e-22 2.8e-86 9.2e-86 +7.93e-01 +7.93e-01 9.8e-01 1.0e+00 1.00e-01
47 2.2e-23 2.8e-86 5.2e-86 +7.93e-01 +7.93e-01 9.8e-01 1.0e+00 1.00e-01
48 2.2e-24 2.8e-86 1.3e-85 +7.93e-01 +7.93e-01 9.8e-01 1.0e+00 1.00e-01
49 2.2e-25 2.8e-86 1.0e-85 +7.93e-01 +7.93e-01 9.8e-01 1.0e+00 1.00e-01
50 2.2e-26 2.8e-86 1.2e-87 +7.93e-01 +7.93e-01 9.8e-01 1.0e+00 1.00e-01
51 2.2e-27 2.8e-86 1.2e-87 +7.93e-01 +7.93e-01 9.8e-01 1.0e+00 1.00e-01
52 2.2e-28 2.8e-86 8.7e-88 +7.93e-01 +7.93e-01 9.8e-01 1.0e+00 1.00e-01
53 2.2e-29 2.8e-86 1.2e-87 +7.93e-01 +7.93e-01 9.8e-01 1.0e+00 1.00e-01
54 2.2e-30 2.8e-86 7.9e-88 +7.93e-01 +7.93e-01 9.8e-01 1.0e+00 1.00e-01
55 2.2e-31 2.8e-86 1.2e-87 +7.93e-01 +7.93e-01 9.8e-01 1.0e+00 1.00e-01
56 2.2e-32 2.8e-86 9.6e-88 +7.93e-01 +7.93e-01 9.8e-01 1.0e+00 1.00e-01

phase.value = pdOPT     
   Iteration = 56
          mu = 2.2031433340751779e-32
relative gap = 2.6437720008902135e-31
         gap = 2.6437720008902135e-31
      digits = 3.0477077363989348e+01
objValPrimal = 7.9305144873938570e-01
objValDual   = 7.9305144873938570e-01
p.feas.error = 2.8392967708945166e-76
d.feas.error = 1.1472903078559459e-76
relative eps = 8.6361685550944446e-78
total time   = 0.120


Parameters are
maxIteration =    200
epsilonStar  = 1.000e-30
lambdaStar   = 1.000e+10
omegaStar    = 2.000e+00
lowerBound   = -1.000e+05
upperBound   = 1.000e+05
betaStar     = 1.000e-01
betaBar      = 3.000e-01
gammaStar    = 9.000e-01
epsilonDash  = 1.000e-30
precision    =    200

                         Time(sec)  Ratio(% : MainLoop) 
 Predictor time  =       0.020000,  16.666667
 Corrector time  =       0.040000,  33.333333
 Make bMat time  =       0.020000,  16.666667
 Make bDia time  =       0.000000,  0.000000
 Make bF1  time  =       0.000000,  0.000000
 Make bF2  time  =       0.020000,  16.666667
 Make bF3  time  =       0.000000,  0.000000
 Make bPRE time  =       0.000000,  0.000000
 Make rMat time  =       0.020000,  16.666667
 Make gVec Mul   =       0.000000,  0.000000
 Make gVec time  =       0.000000,  0.000000
 Cholesky bMat   =       0.000000,  0.000000
 Ste Pre time    =       0.000000,  0.000000
 Ste Cor time    =       0.050000,  41.666667
 solve           =       0.000000,  0.000000
 sumDz           =       0.000000,  0.000000
 makedX          =       0.010000,  8.333333
 symmetriseDx    =       0.000000,  0.000000
 makedXdZ        =       0.010000,  8.333333
 xMatTime        =       0.000000,  0.000000
 zMatTime        =       0.010000,  8.333333
 invzMatTime     =       0.000000,  0.000000
 xMatzMatTime    =       0.000000,  0.000000
 EigxMatTime     =       0.020000,  16.666667
 EigzMatTime     =       0.030000,  25.000000
 EigxMatzMatTime =       0.000000,  0.000000
 updateRes       =       0.000000,  0.000000
 EigTime         =       0.050000,  41.666667
 sub_total_bMat  =       0.100000,  83.333333
 Main Loop       =       0.120000,  100.000000
 File Check      =       0.000000,  0.000000
 File Change     =       0.000000,  0.000000
 File Read       =       0.000000,  0.000000
 Total           =       0.120000,  100.000000

xVec = 
{-7.930514487394e-01,+5.172091390882e-02,-1.322844223741e-01,-3.234399172068e-02,+5.857932239227e-01,-1.118800933650e-02,-1.352398595856e-02,+1.147450684260e-02}
xMat = 
{
{ {+1.793051448739e+00,+5.172091390882e-02,-1.322844223741e-01,-3.234399172068e-02,+5.857932239227e-01,-1.118800933650e-02 },
  {+5.172091390882e-02,+6.607670263653e-01,-3.234399172068e-02,+5.857932239227e-01,-1.118800933650e-02,-1.352398595856e-02 },
  {-1.322844223741e-01,-3.234399172068e-02,+1.378844672662e+00,-1.118800933650e-02,-1.352398595856e-02,+1.147450684260e-02 },
  {-3.234399172068e-02,+5.857932239227e-01,-1.118800933650e-02,+7.795274627808e-01,+1.147450684260e-02,-5.205162718908e-01 },
  {+5.857932239227e-01,-1.118800933650e-02,-1.352398595856e-02,+1.147450684260e-02,+2.725351768486e-01,-1.146994969331e-01 },
  {-1.118800933650e-02,-1.352398595856e-02,+1.147450684260e-02,-5.205162718908e-01,-1.146994969331e-01,+1.015089862914e+00 }   }
{ {+8.447723626482e-01,-1.322844223741e-01,-3.234399172068e-02,+5.857932239227e-01,-1.118800933650e-02,-1.352398595856e-02 },
  {-1.322844223741e-01,+7.607074570187e-01,+5.857932239227e-01,-1.118800933650e-02,-1.352398595856e-02,+1.147450684260e-02 },
  {-3.234399172068e-02,+5.857932239227e-01,+7.818634394029e-01,-1.352398595856e-02,+1.147450684260e-02,-5.205162718908e-01 },
  {+5.857932239227e-01,-1.118800933650e-02,-1.352398595856e-02,+8.045259555820e-01,-5.205162718908e-01,-1.146994969331e-01 },
  {-1.118800933650e-02,-1.352398595856e-02,+1.147450684260e-02,-5.205162718908e-01,+6.783519518063e-01,+2.220384141746e-01 },
  {-1.352398595856e-02,+1.147450684260e-02,-5.205162718908e-01,-1.146994969331e-01,+2.220384141746e-01,+9.592546150573e-01 }   }
}
yMat = 
{
{ {+4.405246203180e-32,+2.336655311433e-23,+4.098619046818e-25,-2.672435908002e-23,-3.709960053542e-24,-1.381620371525e-23 },
  {+2.336655311433e-23,+2.108685388487e-01,+3.698747515252e-03,-2.411706391630e-01,-3.348007002726e-02,-1.246826039203e-01 },
  {+4.098619046818e-25,+3.698747515252e-03,+6.487801952949e-05,-4.230262642432e-03,-5.872584241343e-04,-2.186999890848e-03 },
  {-2.672435908002e-23,-2.411706391630e-01,-4.230262642432e-03,+2.758271931500e-01,+3.829120233763e-02,+1.425996663331e-01 },
  {-3.709960053542e-24,-3.348007002726e-02,-5.872584241343e-04,+3.829120233763e-02,+5.315705676865e-03,+1.979613617671e-02 },
  {-1.381620371525e-23,-1.246826039203e-01,-2.186999890848e-03,+1.425996663331e-01,+1.979613617671e-02,+7.372248039099e-02 }   }
{ {+4.680588233576e-02,-2.733035818737e-02,+4.257046546531e-02,-7.186585579662e-02,-6.568544274915e-02,+3.069772928667e-02 },
  {-2.733035818737e-02,+4.823626901429e-02,-6.588702821038e-02,+4.665786027164e-02,+5.152192072324e-02,-4.306112776771e-02 },
  {+4.257046546531e-02,-6.588702821038e-02,+9.087303243399e-02,-7.133051106903e-02,-7.647957521713e-02,+5.987197199998e-02 },
  {-7.186585579662e-02,+4.665786027164e-02,-7.133051106903e-02,+1.110258423193e-01,+1.027687879049e-01,-5.078942558426e-02 },
  {-6.568544274915e-02,+5.152192072324e-02,-7.647957521713e-02,+1.027687879049e-01,+9.755192208277e-02,-5.333425141550e-02 },
  {+3.069772928667e-02,-4.306112776771e-02,+5.987197199998e-02,-5.078942558426e-02,-5.333425141550e-02,+3.970825572771e-02 }   }
}
    main loop time = 0.120000
        total time = 0.120000
  file   read time = 0.000000
