SDPA-GMP start at Wed Jun  5 23:35:11 2024
*SDP Scan Problem: V = x^2 - 2*x^4 + x^8
* K = 6; eval = -6.884422110552764; Domain = R+ with BCs: Neumann
data      is /Users/gorg/qmBoot/data/K=6_BC-Neumann_V_0.0_0.0_1.0_0.0_-2.0_0.0_0.0_0.0_1.0/e=-6.884422110552764_K=6_D=R+.dat
parameter is ./param.sdpa
out       is /Users/gorg/qmBoot/data/K=6_BC-Neumann_V_0.0_0.0_1.0_0.0_-2.0_0.0_0.0_0.0_1.0/e=-6.884422110552764_K=6_D=R+.out
DENSE computation
   mu      thetaP  thetaD  objP      objD      alphaP  alphaD  beta 
 0 1.0e+20 1.0e+00 1.0e+00 +0.00e+00 +1.63e+09 1.0e+00 9.0e-01 3.00e-01
 1 1.6e+19 8.6e-88 1.0e-01 +1.60e+10 +1.63e+08 9.0e-01 9.0e-01 3.00e-01
 2 2.5e+18 2.6e-87 1.0e-02 +2.46e+10 +1.63e+07 9.0e-01 9.0e-01 3.00e-01
 3 3.8e+17 3.5e-87 1.0e-03 +3.79e+10 +1.63e+06 9.0e-01 9.0e-01 3.00e-01
 4 5.8e+16 4.3e-87 1.0e-04 +5.84e+10 +1.63e+05 9.0e-01 9.0e-01 3.00e-01
 5 9.0e+15 6.0e-87 1.0e-05 +9.00e+10 +1.63e+04 9.0e-01 9.0e-01 3.00e-01
 6 1.4e+15 6.9e-87 1.0e-06 +1.39e+11 +1.63e+03 9.0e-01 9.0e-01 3.00e-01
 7 2.1e+14 8.6e-87 1.0e-07 +2.13e+11 +1.63e+02 9.0e-01 9.0e-01 3.00e-01
 8 3.3e+13 1.1e-86 1.0e-08 +3.29e+11 +1.62e+01 9.0e-01 9.0e-01 3.00e-01
 9 5.1e+12 1.1e-86 1.0e-09 +5.05e+11 +1.53e+00 9.0e-01 9.0e-01 3.00e-01
10 8.2e+11 1.4e-86 9.9e-11 +7.69e+11 +7.07e-02 9.2e-01 9.2e-01 3.00e-01
11 1.8e+11 1.6e-86 8.4e-12 +1.05e+12 -7.18e-02 1.7e+00 1.0e+00 3.00e-01
12 4.0e+10 1.6e-86 2.7e-94 +4.74e+11 -6.31e-02 9.6e-01 9.0e+01 1.00e-01
13 5.3e+09 1.5e-86 5.6e-92 +6.38e+10 -2.38e-02 9.9e-01 9.9e-01 1.00e-01
14 5.9e+08 1.3e-86 1.3e-93 +7.04e+09 -2.58e-02 1.0e+00 1.0e+00 1.00e-01
15 6.0e+07 1.5e-86 2.1e-93 +7.25e+08 -2.81e-02 1.0e+00 1.0e+00 1.00e-01
16 6.1e+06 1.6e-86 6.3e-93 +7.34e+07 -3.04e-02 1.0e+00 1.0e+00 1.00e-01
17 6.1e+05 1.7e-86 2.5e-92 +7.38e+06 -3.25e-02 1.0e+00 1.0e+00 1.00e-01
18 6.2e+04 2.1e-86 9.6e-92 +7.39e+05 -3.44e-02 1.0e+00 1.0e+00 1.00e-01
19 6.2e+03 2.2e-86 2.7e-91 +7.40e+04 -3.62e-02 1.0e+00 1.0e+00 1.00e-01
20 6.2e+02 2.2e-86 1.1e-90 +7.40e+03 -3.77e-02 1.0e+00 1.0e+00 1.00e-01
21 6.2e+01 2.4e-86 2.2e-90 +7.41e+02 -3.90e-02 1.0e+00 3.1e+01 1.00e-01
22 6.3e+00 2.6e-86 4.3e-88 +7.50e+01 -3.01e-02 9.8e-01 1.9e+01 1.00e-01
23 7.1e-01 2.6e-86 7.0e-87 +8.71e+00 +1.61e-01 9.1e-01 3.6e+00 1.00e-01
24 1.1e-01 2.8e-86 1.8e-86 +1.80e+00 +4.90e-01 8.5e-01 1.1e+00 1.00e-01
25 2.1e-02 2.7e-86 2.8e-87 +9.82e-01 +7.36e-01 8.8e-01 9.1e-01 1.00e-01
26 3.9e-03 2.6e-86 2.2e-88 +8.74e-01 +8.27e-01 9.2e-01 9.2e-01 1.00e-01
27 6.9e-04 2.7e-86 7.2e-89 +8.58e-01 +8.50e-01 9.5e-01 8.8e-01 1.00e-01
28 1.3e-04 2.6e-86 4.4e-90 +8.56e-01 +8.55e-01 9.9e-01 9.3e-01 1.00e-01
29 2.0e-05 2.7e-86 6.0e-90 +8.56e-01 +8.56e-01 9.7e-01 9.9e-01 1.00e-01
30 2.2e-06 2.7e-86 2.0e-90 +8.56e-01 +8.56e-01 9.8e-01 1.0e+00 1.00e-01
31 2.3e-07 2.6e-86 5.0e-91 +8.56e-01 +8.56e-01 9.8e-01 1.0e+00 1.00e-01
32 2.4e-08 2.7e-86 4.4e-89 +8.56e-01 +8.56e-01 9.8e-01 1.0e+00 1.00e-01
33 2.4e-09 2.8e-86 3.3e-88 +8.56e-01 +8.56e-01 9.8e-01 1.0e+00 1.00e-01
34 2.4e-10 2.6e-86 2.7e-88 +8.56e-01 +8.56e-01 9.8e-01 1.0e+00 1.00e-01
35 2.4e-11 2.5e-86 3.2e-88 +8.56e-01 +8.56e-01 9.8e-01 1.0e+00 1.00e-01
36 2.4e-12 2.5e-86 4.9e-88 +8.56e-01 +8.56e-01 9.8e-01 1.0e+00 1.00e-01
37 2.4e-13 2.4e-86 8.6e-88 +8.56e-01 +8.56e-01 9.8e-01 1.0e+00 1.00e-01
38 2.4e-14 2.4e-86 1.1e-87 +8.56e-01 +8.56e-01 9.8e-01 1.0e+00 1.00e-01
39 2.4e-15 2.3e-86 1.1e-87 +8.56e-01 +8.56e-01 9.8e-01 1.0e+00 1.00e-01
40 2.4e-16 2.3e-86 1.2e-87 +8.56e-01 +8.56e-01 9.8e-01 1.0e+00 1.00e-01
41 2.4e-17 2.2e-86 1.5e-87 +8.56e-01 +8.56e-01 9.8e-01 1.0e+00 1.00e-01
42 2.4e-18 2.2e-86 1.2e-87 +8.56e-01 +8.56e-01 9.8e-01 1.0e+00 1.00e-01
43 2.4e-19 2.2e-86 9.6e-88 +8.56e-01 +8.56e-01 9.8e-01 1.0e+00 1.00e-01
44 2.4e-20 2.2e-86 1.0e-87 +8.56e-01 +8.56e-01 9.8e-01 1.0e+00 1.00e-01
45 2.4e-21 2.2e-86 3.5e-86 +8.56e-01 +8.56e-01 9.8e-01 1.0e+00 1.00e-01
46 2.4e-22 2.2e-86 3.3e-85 +8.56e-01 +8.56e-01 9.8e-01 1.0e+00 1.00e-01
47 2.4e-23 2.2e-86 2.4e-85 +8.56e-01 +8.56e-01 9.8e-01 1.0e+00 1.00e-01
48 2.4e-24 2.1e-86 1.9e-85 +8.56e-01 +8.56e-01 9.8e-01 1.0e+00 1.00e-01
49 2.4e-25 2.1e-86 6.6e-85 +8.56e-01 +8.56e-01 9.8e-01 1.0e+00 1.00e-01
50 2.4e-26 2.0e-86 3.9e-85 +8.56e-01 +8.56e-01 9.8e-01 1.0e+00 1.00e-01
51 2.4e-27 2.0e-86 2.8e-87 +8.56e-01 +8.56e-01 9.8e-01 1.0e+00 1.00e-01
52 2.4e-28 1.9e-86 1.0e-87 +8.56e-01 +8.56e-01 9.8e-01 1.0e+00 1.00e-01
53 2.4e-29 1.8e-86 1.1e-87 +8.56e-01 +8.56e-01 9.8e-01 1.0e+00 1.00e-01
54 2.4e-30 1.8e-86 1.4e-87 +8.56e-01 +8.56e-01 9.8e-01 1.0e+00 1.00e-01
55 2.4e-31 1.7e-86 1.1e-87 +8.56e-01 +8.56e-01 9.8e-01 1.0e+00 1.00e-01
56 2.4e-32 1.7e-86 1.3e-87 +8.56e-01 +8.56e-01 9.8e-01 1.0e+00 1.00e-01

phase.value = pdOPT     
   Iteration = 56
          mu = 2.3800962290341584e-32
relative gap = 2.8561154748409901e-31
         gap = 2.8561154748409901e-31
      digits = 3.0476643715294820e+01
objValPrimal = 8.5589300615722711e-01
objValDual   = 8.5589300615722711e-01
p.feas.error = 1.7272337110188889e-76
d.feas.error = 1.5009588653423480e-76
relative eps = 8.6361685550944446e-78
total time   = 0.110


Parameters are
maxIteration =    200
epsilonStar  = 1.000e-30
lambdaStar   = 1.000e+10
omegaStar    = 2.000e+00
lowerBound   = -1.000e+05
upperBound   = 1.000e+05
betaStar     = 1.000e-01
betaBar      = 3.000e-01
gammaStar    = 9.000e-01
epsilonDash  = 1.000e-30
precision    =    200

                         Time(sec)  Ratio(% : MainLoop) 
 Predictor time  =       0.040000,  36.363636
 Corrector time  =       0.010000,  9.090909
 Make bMat time  =       0.030000,  27.272727
 Make bDia time  =       0.000000,  0.000000
 Make bF1  time  =       0.020000,  18.181818
 Make bF2  time  =       0.010000,  9.090909
 Make bF3  time  =       0.000000,  0.000000
 Make bPRE time  =       0.020000,  18.181818
 Make rMat time  =       0.010000,  9.090909
 Make gVec Mul   =       0.000000,  0.000000
 Make gVec time  =       0.010000,  9.090909
 Cholesky bMat   =       0.000000,  0.000000
 Ste Pre time    =       0.000000,  0.000000
 Ste Cor time    =       0.040000,  36.363636
 solve           =       0.000000,  0.000000
 sumDz           =       0.000000,  0.000000
 makedX          =       0.000000,  0.000000
 symmetriseDx    =       0.000000,  0.000000
 makedXdZ        =       0.000000,  0.000000
 xMatTime        =       0.000000,  0.000000
 zMatTime        =       0.010000,  9.090909
 invzMatTime     =       0.000000,  0.000000
 xMatzMatTime    =       0.000000,  0.000000
 EigxMatTime     =       0.010000,  9.090909
 EigzMatTime     =       0.030000,  27.272727
 EigxMatzMatTime =       0.000000,  0.000000
 updateRes       =       0.000000,  0.000000
 EigTime         =       0.040000,  36.363636
 sub_total_bMat  =       0.080000,  72.727273
 Main Loop       =       0.110000,  100.000000
 File Check      =       0.000000,  0.000000
 File Change     =       0.000000,  0.000000
 File Read       =       0.000000,  0.000000
 Total           =       0.110000,  100.000000

xVec = 
{-8.558930061572e-01,+5.129926662609e-02,-1.374564115471e-01,-3.475811623066e-02,+6.351909258445e-01,-1.322952164499e-02,-1.565419726206e-02,+1.284172954412e-02}
xMat = 
{
{ {+1.855893006157e+00,+5.129926662609e-02,-1.374564115471e-01,-3.475811623066e-02,+6.351909258445e-01,-1.322952164499e-02 },
  {+5.129926662609e-02,+7.184365946102e-01,-3.475811623066e-02,+6.351909258445e-01,-1.322952164499e-02,-1.565419726206e-02 },
  {-1.374564115471e-01,-3.475811623066e-02,+1.491083932002e+00,-1.322952164499e-02,-1.565419726206e-02,+1.284172954412e-02 },
  {-3.475811623066e-02,+6.351909258445e-01,-1.322952164499e-02,+8.402388088952e-01,+1.284172954412e-02,-5.596727464783e-01 },
  {+6.351909258445e-01,-1.322952164499e-02,-1.565419726206e-02,+1.284172954412e-02,+2.962202596789e-01,-1.238335812233e-01 },
  {-1.322952164499e-02,-1.565419726206e-02,+1.284172954412e-02,-5.596727464783e-01,-1.238335812233e-01,+1.090409891968e+00 }   }
{ {+9.071922727833e-01,-1.374564115471e-01,-3.475811623066e-02,+6.351909258445e-01,-1.322952164499e-02,-1.565419726206e-02 },
  {-1.374564115471e-01,+8.211348899266e-01,+6.351909258445e-01,-1.322952164499e-02,-1.565419726206e-02,+1.284172954412e-02 },
  {-3.475811623066e-02,+6.351909258445e-01,+8.426634845122e-01,-1.565419726206e-02,+1.284172954412e-02,-5.596727464783e-01 },
  {+6.351909258445e-01,-1.322952164499e-02,-1.565419726206e-02,+8.687347357013e-01,-5.596727464783e-01,-1.238335812233e-01 },
  {-1.322952164499e-02,-1.565419726206e-02,+1.284172954412e-02,-5.596727464783e-01,+7.320594249339e-01,+2.345168858110e-01 },
  {-1.565419726206e-02,+1.284172954412e-02,-5.596727464783e-01,-1.238335812233e-01,+2.345168858110e-01,+1.041543273421e+00 }   }
}
yMat = 
{
{ {+5.411363163264e-32,+3.497790470382e-23,+5.816152112388e-25,-4.015171074861e-23,-5.327666980566e-24,-2.071833757482e-23 },
  {+3.497790470382e-23,+2.067161816647e-01,+3.437292081994e-03,-2.372928968177e-01,-3.148601837020e-02,-1.224434587110e-01 },
  {+5.816152112388e-25,+3.437292081994e-03,+5.715554903246e-05,-3.945723981434e-03,-5.235518611355e-04,-2.035998961135e-03 },
  {-4.015171074861e-23,-2.372928968177e-01,-3.945723981434e-03,+2.723924098573e-01,+3.614331712279e-02,+1.405548553574e-01 },
  {-5.327666980566e-24,-3.148601837020e-02,-5.235518611355e-04,+3.614331712279e-02,+4.795799461971e-03,+1.865000097833e-02 },
  {-2.071833757482e-23,-1.224434587110e-01,-2.035998961135e-03,+1.405548553574e-01,+1.865000097833e-02,+7.252649725034e-02 }   }
{ {+5.043458688579e-02,-2.945003033796e-02,+4.503987695329e-02,-7.659864726359e-02,-6.926017402376e-02,+3.181095811655e-02 },
  {-2.945003033796e-02,+4.822504553493e-02,-6.554359248055e-02,+4.896452770652e-02,+5.262934518312e-02,-4.228560678531e-02 },
  {+4.503987695329e-02,-6.554359248055e-02,+8.985622872269e-02,-7.376366717963e-02,-7.726495262194e-02,+5.839637879311e-02 },
  {-7.659864726359e-02,+4.896452770652e-02,-7.376366717963e-02,+1.169143677983e-01,+1.068543882825e-01,-5.155102878736e-02 },
  {-6.926017402376e-02,+5.262934518312e-02,-7.726495262194e-02,+1.068543882825e-01,+9.989908203538e-02,-5.299732995876e-02 },
  {+3.181095811655e-02,-4.228560678531e-02,+5.839637879311e-02,-5.155102878736e-02,-5.299732995876e-02,+3.818264523955e-02 }   }
}
    main loop time = 0.110000
        total time = 0.110000
  file   read time = 0.000000
