SDPA-GMP start at Wed Jun  5 23:35:11 2024
*SDP Scan Problem: V = x^2 - 2*x^4 + x^8
* K = 6; eval = -6.582914572864322; Domain = R+ with BCs: Neumann
data      is /Users/gorg/qmBoot/data/K=6_BC-Neumann_V_0.0_0.0_1.0_0.0_-2.0_0.0_0.0_0.0_1.0/e=-6.582914572864322_K=6_D=R+.dat
parameter is ./param.sdpa
out       is /Users/gorg/qmBoot/data/K=6_BC-Neumann_V_0.0_0.0_1.0_0.0_-2.0_0.0_0.0_0.0_1.0/e=-6.582914572864322_K=6_D=R+.out
DENSE computation
   mu      thetaP  thetaD  objP      objD      alphaP  alphaD  beta 
 0 1.0e+20 1.0e+00 1.0e+00 +0.00e+00 +1.02e+09 1.0e+00 9.0e-01 3.00e-01
 1 1.6e+19 8.6e-88 1.0e-01 +1.60e+10 +1.02e+08 9.0e-01 9.0e-01 3.00e-01
 2 2.5e+18 1.7e-87 1.0e-02 +2.46e+10 +1.02e+07 9.0e-01 9.0e-01 3.00e-01
 3 3.8e+17 2.6e-87 1.0e-03 +3.79e+10 +1.02e+06 9.0e-01 9.0e-01 3.00e-01
 4 5.8e+16 5.2e-87 1.0e-04 +5.84e+10 +1.02e+05 9.0e-01 9.0e-01 3.00e-01
 5 9.0e+15 6.0e-87 1.0e-05 +9.00e+10 +1.02e+04 9.0e-01 9.0e-01 3.00e-01
 6 1.4e+15 7.8e-87 1.0e-06 +1.39e+11 +1.02e+03 9.0e-01 9.0e-01 3.00e-01
 7 2.1e+14 8.6e-87 1.0e-07 +2.13e+11 +1.02e+02 9.0e-01 9.0e-01 3.00e-01
 8 3.3e+13 9.5e-87 1.0e-08 +3.29e+11 +1.01e+01 9.0e-01 9.0e-01 3.00e-01
 9 5.1e+12 1.2e-86 1.0e-09 +5.05e+11 +9.31e-01 9.0e-01 9.0e-01 3.00e-01
10 8.2e+11 1.5e-86 9.9e-11 +7.69e+11 +1.10e-02 9.2e-01 9.2e-01 3.00e-01
11 1.8e+11 1.6e-86 8.3e-12 +1.05e+12 -7.73e-02 1.7e+00 1.0e+00 3.00e-01
12 3.9e+10 1.4e-86 2.9e-94 +4.73e+11 -6.51e-02 9.6e-01 9.0e+01 1.00e-01
13 5.3e+09 1.6e-86 4.1e-92 +6.35e+10 -3.11e-02 9.9e-01 9.9e-01 1.00e-01
14 5.8e+08 1.6e-86 1.1e-93 +7.00e+09 -3.28e-02 1.0e+00 1.0e+00 1.00e-01
15 6.0e+07 1.6e-86 2.5e-93 +7.21e+08 -3.47e-02 1.0e+00 1.0e+00 1.00e-01
16 6.1e+06 1.9e-86 4.6e-93 +7.30e+07 -3.66e-02 1.0e+00 1.0e+00 1.00e-01
17 6.1e+05 2.2e-86 3.1e-92 +7.33e+06 -3.84e-02 1.0e+00 1.0e+00 1.00e-01
18 6.1e+04 2.4e-86 8.3e-92 +7.34e+05 -4.01e-02 1.0e+00 1.0e+00 1.00e-01
19 6.1e+03 2.3e-86 1.9e-91 +7.35e+04 -4.16e-02 1.0e+00 1.0e+00 1.00e-01
20 6.1e+02 2.3e-86 1.0e-90 +7.35e+03 -4.29e-02 1.0e+00 1.0e+00 1.00e-01
21 6.1e+01 2.7e-86 2.2e-90 +7.36e+02 -4.40e-02 1.0e+00 3.1e+01 1.00e-01
22 6.2e+00 2.8e-86 5.0e-88 +7.45e+01 -3.25e-02 9.8e-01 1.9e+01 1.00e-01
23 7.1e-01 2.6e-86 8.2e-87 +8.62e+00 +1.41e-01 9.1e-01 3.7e+00 1.00e-01
24 1.1e-01 2.8e-86 2.2e-86 +1.76e+00 +4.62e-01 8.5e-01 1.2e+00 1.00e-01
25 2.0e-02 2.8e-86 3.5e-87 +9.42e-01 +6.99e-01 8.8e-01 9.2e-01 1.00e-01
26 3.8e-03 2.8e-86 3.6e-88 +8.36e-01 +7.90e-01 9.2e-01 9.2e-01 1.00e-01
27 6.7e-04 2.8e-86 3.2e-89 +8.21e-01 +8.13e-01 9.5e-01 8.8e-01 1.00e-01
28 1.3e-04 2.8e-86 6.9e-90 +8.19e-01 +8.17e-01 9.8e-01 9.3e-01 1.00e-01
29 1.9e-05 2.7e-86 2.7e-90 +8.18e-01 +8.18e-01 9.7e-01 9.9e-01 1.00e-01
30 2.1e-06 2.7e-86 1.6e-90 +8.18e-01 +8.18e-01 9.7e-01 1.0e+00 1.00e-01
31 2.2e-07 2.7e-86 1.4e-90 +8.18e-01 +8.18e-01 9.8e-01 1.0e+00 1.00e-01
32 2.3e-08 2.7e-86 3.6e-89 +8.18e-01 +8.18e-01 9.8e-01 1.0e+00 1.00e-01
33 2.3e-09 2.7e-86 4.7e-88 +8.18e-01 +8.18e-01 9.8e-01 1.0e+00 1.00e-01
34 2.3e-10 2.7e-86 2.3e-88 +8.18e-01 +8.18e-01 9.8e-01 1.0e+00 1.00e-01
35 2.3e-11 2.7e-86 4.4e-88 +8.18e-01 +8.18e-01 9.8e-01 1.0e+00 1.00e-01
36 2.3e-12 2.7e-86 4.7e-88 +8.18e-01 +8.18e-01 9.8e-01 1.0e+00 1.00e-01
37 2.3e-13 2.7e-86 4.6e-88 +8.18e-01 +8.18e-01 9.8e-01 1.0e+00 1.00e-01
38 2.3e-14 2.7e-86 8.6e-88 +8.18e-01 +8.18e-01 9.8e-01 1.0e+00 1.00e-01
39 2.3e-15 2.7e-86 1.0e-87 +8.18e-01 +8.18e-01 9.8e-01 1.0e+00 1.00e-01
40 2.3e-16 2.7e-86 9.2e-88 +8.18e-01 +8.18e-01 9.8e-01 1.0e+00 1.00e-01
41 2.3e-17 2.7e-86 1.0e-87 +8.18e-01 +8.18e-01 9.8e-01 1.0e+00 1.00e-01
42 2.3e-18 2.7e-86 9.6e-88 +8.18e-01 +8.18e-01 9.8e-01 1.0e+00 1.00e-01
43 2.3e-19 2.7e-86 1.0e-87 +8.18e-01 +8.18e-01 9.8e-01 1.0e+00 1.00e-01
44 2.3e-20 2.7e-86 8.5e-88 +8.18e-01 +8.18e-01 9.8e-01 1.0e+00 1.00e-01
45 2.3e-21 2.7e-86 2.7e-86 +8.18e-01 +8.18e-01 9.8e-01 1.0e+00 1.00e-01
46 2.3e-22 2.7e-86 9.3e-86 +8.18e-01 +8.18e-01 9.8e-01 1.0e+00 1.00e-01
47 2.3e-23 2.7e-86 7.2e-86 +8.18e-01 +8.18e-01 9.8e-01 1.0e+00 1.00e-01
48 2.3e-24 2.7e-86 1.1e-85 +8.18e-01 +8.18e-01 9.8e-01 1.0e+00 1.00e-01
49 2.3e-25 2.7e-86 2.7e-85 +8.18e-01 +8.18e-01 9.8e-01 1.0e+00 1.00e-01
50 2.3e-26 2.7e-86 1.2e-85 +8.18e-01 +8.18e-01 9.8e-01 1.0e+00 1.00e-01
51 2.3e-27 2.7e-86 8.5e-88 +8.18e-01 +8.18e-01 9.8e-01 1.0e+00 1.00e-01
52 2.3e-28 2.7e-86 1.2e-87 +8.18e-01 +8.18e-01 9.8e-01 1.0e+00 1.00e-01
53 2.3e-29 2.7e-86 1.1e-87 +8.18e-01 +8.18e-01 9.8e-01 1.0e+00 1.00e-01
54 2.3e-30 2.7e-86 9.9e-88 +8.18e-01 +8.18e-01 9.8e-01 1.0e+00 1.00e-01
55 2.3e-31 2.7e-86 1.3e-87 +8.18e-01 +8.18e-01 9.8e-01 1.0e+00 1.00e-01
56 2.3e-32 2.7e-86 9.7e-88 +8.18e-01 +8.18e-01 9.8e-01 1.0e+00 1.00e-01

phase.value = pdOPT     
   Iteration = 56
          mu = 2.2722274550794928e-32
relative gap = 2.7266729460953913e-31
         gap = 2.7266729460953913e-31
      digits = 3.0477214375909284e+01
objValPrimal = 8.1817729815878895e-01
objValDual   = 8.1817729815878895e-01
p.feas.error = 2.7160730912912165e-76
d.feas.error = 1.1585404979090829e-76
relative eps = 8.6361685550944446e-78
total time   = 0.120


Parameters are
maxIteration =    200
epsilonStar  = 1.000e-30
lambdaStar   = 1.000e+10
omegaStar    = 2.000e+00
lowerBound   = -1.000e+05
upperBound   = 1.000e+05
betaStar     = 1.000e-01
betaBar      = 3.000e-01
gammaStar    = 9.000e-01
epsilonDash  = 1.000e-30
precision    =    200

                         Time(sec)  Ratio(% : MainLoop) 
 Predictor time  =       0.020000,  16.666667
 Corrector time  =       0.020000,  16.666667
 Make bMat time  =       0.010000,  8.333333
 Make bDia time  =       0.000000,  0.000000
 Make bF1  time  =       0.010000,  8.333333
 Make bF2  time  =       0.000000,  0.000000
 Make bF3  time  =       0.000000,  0.000000
 Make bPRE time  =       0.010000,  8.333333
 Make rMat time  =       0.000000,  0.000000
 Make gVec Mul   =       0.000000,  0.000000
 Make gVec time  =       0.000000,  0.000000
 Cholesky bMat   =       0.000000,  0.000000
 Ste Pre time    =       0.000000,  0.000000
 Ste Cor time    =       0.070000,  58.333333
 solve           =       0.000000,  0.000000
 sumDz           =       0.000000,  0.000000
 makedX          =       0.030000,  25.000000
 symmetriseDx    =       0.000000,  0.000000
 makedXdZ        =       0.030000,  25.000000
 xMatTime        =       0.000000,  0.000000
 zMatTime        =       0.000000,  0.000000
 invzMatTime     =       0.000000,  0.000000
 xMatzMatTime    =       0.000000,  0.000000
 EigxMatTime     =       0.050000,  41.666667
 EigzMatTime     =       0.020000,  16.666667
 EigxMatzMatTime =       0.000000,  0.000000
 updateRes       =       0.000000,  0.000000
 EigTime         =       0.070000,  58.333333
 sub_total_bMat  =       0.110000,  91.666667
 Main Loop       =       0.120000,  100.000000
 File Check      =       0.000000,  0.000000
 File Change     =       0.000000,  0.000000
 File Read       =       0.000000,  0.000000
 Total           =       0.120000,  100.000000

xVec = 
{-8.181772981588e-01,+5.154115229335e-02,-1.344747858579e-01,-3.335153098346e-02,+6.054896213017e-01,-1.205156595839e-02,-1.436363920488e-02,+1.196671662265e-02}
xMat = 
{
{ {+1.818177298159e+00,+5.154115229335e-02,-1.344747858579e-01,-3.335153098346e-02,+6.054896213017e-01,-1.205156595839e-02 },
  {+5.154115229335e-02,+6.837025123009e-01,-3.335153098346e-02,+6.054896213017e-01,-1.205156595839e-02,-1.436363920488e-02 },
  {-1.344747858579e-01,-3.335153098346e-02,+1.423666919460e+00,-1.205156595839e-02,-1.436363920488e-02,+1.196671662265e-02 },
  {-3.335153098346e-02,+6.054896213017e-01,-1.205156595839e-02,+8.038136589539e-01,+1.196671662265e-02,-5.362054546677e-01 },
  {+6.054896213017e-01,-1.205156595839e-02,-1.436363920488e-02,+1.196671662265e-02,+2.819718434911e-01,-1.183843938319e-01 },
  {-1.205156595839e-02,-1.436363920488e-02,+1.196671662265e-02,-5.362054546677e-01,-1.183843938319e-01,+1.045336327482e+00 }   }
{ {+8.697184504521e-01,-1.344747858579e-01,-3.335153098346e-02,+6.054896213017e-01,-1.205156595839e-02,-1.436363920488e-02 },
  {-1.344747858579e-01,+7.848257671753e-01,+6.054896213017e-01,-1.205156595839e-02,-1.436363920488e-02,+1.196671662265e-02 },
  {-3.335153098346e-02,+6.054896213017e-01,+8.061257322004e-01,-1.436363920488e-02,+1.196671662265e-02,-5.362054546677e-01 },
  {+6.054896213017e-01,-1.205156595839e-02,-1.436363920488e-02,+8.301440147814e-01,-5.362054546677e-01,-1.183843938319e-01 },
  {-1.205156595839e-02,-1.436363920488e-02,+1.196671662265e-02,-5.362054546677e-01,+6.997929043268e-01,+2.271590293235e-01 },
  {-1.436363920488e-02,+1.196671662265e-02,-5.362054546677e-01,-1.183843938319e-01,+2.271590293235e-01,+9.920906057059e-01 }   }
}
yMat = 
{
{ {+4.786093974292e-32,+2.797681078246e-23,+4.791926647288e-25,-3.204390690466e-23,-4.369552776526e-24,-1.655284487783e-23 },
  {+2.797681078246e-23,+2.092524592159e-01,+3.584119847707e-03,-2.396722905082e-01,-3.268205402450e-02,-1.238069457410e-01 },
  {+4.791926647288e-25,+3.584119847707e-03,+6.138955370401e-05,-4.105157074735e-03,-5.597850507086e-04,-2.120591237862e-03 },
  {-3.204390690466e-23,-2.396722905082e-01,-4.105157074735e-03,+2.745143691629e-01,+3.743316936832e-02,+1.418052355406e-01 },
  {-4.369552776526e-24,-3.268205402450e-02,-5.597850507086e-04,+3.743316936832e-02,+5.104440154553e-03,+1.933676337415e-02 },
  {-1.655284487783e-23,-1.238069457410e-01,-2.120591237862e-03,+1.418052355406e-01,+1.933676337415e-02,+7.325199364994e-02 }   }
{ {+4.823506007753e-02,-2.819652347182e-02,+4.358480596542e-02,-7.374235773390e-02,-6.711294482485e-02,+3.116250512703e-02 },
  {-2.819652347182e-02,+4.820244130401e-02,-6.571641920915e-02,+4.760770153668e-02,+5.197616309125e-02,-4.272813159461e-02 },
  {+4.358480596542e-02,-6.571641920915e-02,+9.042737539293e-02,-7.234213678720e-02,-7.680955491933e-02,+5.925255386846e-02 },
  {-7.374235773390e-02,+4.760770153668e-02,-7.234213678720e-02,+1.133767780647e-01,+1.044113060020e-01,-5.111941825261e-02 },
  {-6.711294482485e-02,+5.197616309125e-02,-7.680955491933e-02,+1.044113060020e-01,+9.849949180305e-02,-5.320688647955e-02 },
  {+3.116250512703e-02,-4.272813159461e-02,+5.925255386846e-02,-5.111941825261e-02,-5.320688647955e-02,+3.907420162072e-02 }   }
}
    main loop time = 0.120000
        total time = 0.120000
  file   read time = 0.000000
