SDPA-GMP start at Wed Jun  5 23:35:11 2024
*SDP Scan Problem: V = x^2 - 2*x^4 + x^8
* K = 6; eval = -6.984924623115578; Domain = R+ with BCs: Neumann
data      is /Users/gorg/qmBoot/data/K=6_BC-Neumann_V_0.0_0.0_1.0_0.0_-2.0_0.0_0.0_0.0_1.0/e=-6.984924623115578_K=6_D=R+.dat
parameter is ./param.sdpa
out       is /Users/gorg/qmBoot/data/K=6_BC-Neumann_V_0.0_0.0_1.0_0.0_-2.0_0.0_0.0_0.0_1.0/e=-6.984924623115578_K=6_D=R+.out
DENSE computation
   mu      thetaP  thetaD  objP      objD      alphaP  alphaD  beta 
 0 1.0e+20 1.0e+00 1.0e+00 +0.00e+00 +1.83e+09 1.0e+00 9.0e-01 3.00e-01
 1 1.6e+19 8.6e-88 1.0e-01 +1.60e+10 +1.83e+08 9.0e-01 9.0e-01 3.00e-01
 2 2.5e+18 1.8e-87 1.0e-02 +2.46e+10 +1.83e+07 9.0e-01 9.0e-01 3.00e-01
 3 3.8e+17 3.5e-87 1.0e-03 +3.79e+10 +1.83e+06 9.0e-01 9.0e-01 3.00e-01
 4 5.8e+16 5.2e-87 1.0e-04 +5.84e+10 +1.83e+05 9.0e-01 9.0e-01 3.00e-01
 5 9.0e+15 6.9e-87 1.0e-05 +9.00e+10 +1.83e+04 9.0e-01 9.0e-01 3.00e-01
 6 1.4e+15 8.6e-87 1.0e-06 +1.39e+11 +1.83e+03 9.0e-01 9.0e-01 3.00e-01
 7 2.1e+14 9.5e-87 1.0e-07 +2.13e+11 +1.83e+02 9.0e-01 9.0e-01 3.00e-01
 8 3.3e+13 1.2e-86 1.0e-08 +3.29e+11 +1.82e+01 9.0e-01 9.0e-01 3.00e-01
 9 5.1e+12 1.2e-86 1.0e-09 +5.05e+11 +1.73e+00 9.0e-01 9.0e-01 3.00e-01
10 8.2e+11 1.6e-86 9.9e-11 +7.69e+11 +9.06e-02 9.1e-01 9.1e-01 3.00e-01
11 1.8e+11 1.6e-86 8.4e-12 +1.05e+12 -6.99e-02 1.7e+00 1.0e+00 3.00e-01
12 4.0e+10 1.6e-86 3.5e-94 +4.75e+11 -6.24e-02 9.6e-01 9.0e+01 1.00e-01
13 5.3e+09 2.0e-86 8.7e-92 +6.39e+10 -2.12e-02 9.9e-01 9.9e-01 1.00e-01
14 5.9e+08 2.2e-86 1.9e-93 +7.06e+09 -2.34e-02 1.0e+00 1.0e+00 1.00e-01
15 6.1e+07 2.0e-86 4.0e-93 +7.27e+08 -2.58e-02 1.0e+00 1.0e+00 1.00e-01
16 6.1e+06 2.3e-86 1.4e-92 +7.36e+07 -2.82e-02 1.0e+00 1.0e+00 1.00e-01
17 6.2e+05 2.6e-86 2.7e-92 +7.40e+06 -3.04e-02 1.0e+00 1.0e+00 1.00e-01
18 6.2e+04 2.8e-86 7.0e-92 +7.41e+05 -3.25e-02 1.0e+00 1.0e+00 1.00e-01
19 6.2e+03 2.6e-86 3.5e-91 +7.41e+04 -3.43e-02 1.0e+00 1.0e+00 1.00e-01
20 6.2e+02 2.8e-86 8.5e-91 +7.41e+03 -3.59e-02 1.0e+00 1.0e+00 1.00e-01
21 6.2e+01 3.0e-86 2.7e-90 +7.42e+02 -3.73e-02 1.0e+00 3.1e+01 1.00e-01
22 6.3e+00 3.0e-86 3.5e-88 +7.52e+01 -2.94e-02 9.8e-01 1.9e+01 1.00e-01
23 7.1e-01 3.2e-86 5.5e-87 +8.74e+00 +1.68e-01 9.1e-01 3.5e+00 1.00e-01
24 1.1e-01 3.3e-86 1.4e-86 +1.82e+00 +5.00e-01 8.5e-01 1.1e+00 1.00e-01
25 2.1e-02 3.2e-86 2.2e-87 +9.96e-01 +7.48e-01 8.9e-01 9.1e-01 1.00e-01
26 4.0e-03 3.0e-86 2.2e-88 +8.87e-01 +8.39e-01 9.2e-01 9.1e-01 1.00e-01
27 7.0e-04 3.1e-86 7.2e-89 +8.71e-01 +8.63e-01 9.6e-01 8.8e-01 1.00e-01
28 1.3e-04 3.1e-86 7.2e-90 +8.69e-01 +8.67e-01 9.9e-01 9.3e-01 1.00e-01
29 2.0e-05 3.1e-86 3.6e-90 +8.69e-01 +8.68e-01 9.7e-01 9.9e-01 1.00e-01
30 2.3e-06 3.0e-86 2.6e-90 +8.68e-01 +8.68e-01 9.8e-01 1.0e+00 1.00e-01
31 2.4e-07 3.0e-86 1.4e-90 +8.68e-01 +8.68e-01 9.8e-01 1.0e+00 1.00e-01
32 2.4e-08 3.0e-86 5.5e-89 +8.68e-01 +8.68e-01 9.9e-01 1.0e+00 1.00e-01
33 2.4e-09 2.9e-86 3.8e-88 +8.68e-01 +8.68e-01 9.9e-01 1.0e+00 1.00e-01
34 2.4e-10 2.8e-86 3.0e-88 +8.68e-01 +8.68e-01 9.9e-01 1.0e+00 1.00e-01
35 2.4e-11 2.8e-86 5.0e-88 +8.68e-01 +8.68e-01 9.9e-01 1.0e+00 1.00e-01
36 2.4e-12 2.8e-86 6.8e-88 +8.68e-01 +8.68e-01 9.9e-01 1.0e+00 1.00e-01
37 2.4e-13 2.7e-86 6.6e-88 +8.68e-01 +8.68e-01 9.9e-01 1.0e+00 1.00e-01
38 2.4e-14 2.7e-86 1.1e-87 +8.68e-01 +8.68e-01 9.9e-01 1.0e+00 1.00e-01
39 2.4e-15 2.7e-86 9.1e-88 +8.68e-01 +8.68e-01 9.9e-01 1.0e+00 1.00e-01
40 2.4e-16 2.7e-86 9.9e-88 +8.68e-01 +8.68e-01 9.9e-01 1.0e+00 1.00e-01
41 2.4e-17 2.7e-86 9.6e-88 +8.68e-01 +8.68e-01 9.9e-01 1.0e+00 1.00e-01
42 2.4e-18 2.6e-86 9.6e-88 +8.68e-01 +8.68e-01 9.9e-01 1.0e+00 1.00e-01
43 2.4e-19 2.6e-86 8.3e-88 +8.68e-01 +8.68e-01 9.9e-01 1.0e+00 1.00e-01
44 2.4e-20 2.6e-86 1.1e-87 +8.68e-01 +8.68e-01 9.9e-01 1.0e+00 1.00e-01
45 2.4e-21 2.5e-86 5.7e-86 +8.68e-01 +8.68e-01 9.9e-01 1.0e+00 1.00e-01
46 2.4e-22 2.4e-86 3.0e-85 +8.68e-01 +8.68e-01 9.9e-01 1.0e+00 1.00e-01
47 2.4e-23 2.4e-86 3.1e-85 +8.68e-01 +8.68e-01 9.9e-01 1.0e+00 1.00e-01
48 2.4e-24 2.4e-86 2.6e-85 +8.68e-01 +8.68e-01 9.9e-01 1.0e+00 1.00e-01
49 2.4e-25 2.3e-86 1.5e-84 +8.68e-01 +8.68e-01 9.9e-01 1.0e+00 1.00e-01
50 2.4e-26 2.3e-86 3.0e-85 +8.68e-01 +8.68e-01 9.9e-01 1.0e+00 1.00e-01
51 2.4e-27 2.2e-86 2.0e-87 +8.68e-01 +8.68e-01 9.9e-01 1.0e+00 1.00e-01
52 2.4e-28 2.2e-86 1.2e-87 +8.68e-01 +8.68e-01 9.9e-01 1.0e+00 1.00e-01
53 2.4e-29 2.1e-86 9.9e-88 +8.68e-01 +8.68e-01 9.9e-01 1.0e+00 1.00e-01
54 2.4e-30 2.1e-86 1.0e-87 +8.68e-01 +8.68e-01 9.9e-01 1.0e+00 1.00e-01
55 2.4e-31 2.0e-86 1.1e-87 +8.68e-01 +8.68e-01 9.9e-01 1.0e+00 1.00e-01
56 2.4e-32 2.0e-86 1.1e-87 +8.68e-01 +8.68e-01 9.9e-01 1.0e+00 1.00e-01

phase.value = pdOPT     
   Iteration = 56
          mu = 2.4144007635953005e-32
relative gap = 2.8972809163143605e-31
         gap = 2.8972809163143605e-31
      digits = 3.0476765217237251e+01
objValPrimal = 8.6847200389165274e-01
objValDual   = 8.6847200389165274e-01
p.feas.error = 1.9500095333437806e-76
d.feas.error = 1.2830148092934301e-76
relative eps = 8.6361685550944446e-78
total time   = 0.120


Parameters are
maxIteration =    200
epsilonStar  = 1.000e-30
lambdaStar   = 1.000e+10
omegaStar    = 2.000e+00
lowerBound   = -1.000e+05
upperBound   = 1.000e+05
betaStar     = 1.000e-01
betaBar      = 3.000e-01
gammaStar    = 9.000e-01
epsilonDash  = 1.000e-30
precision    =    200

                         Time(sec)  Ratio(% : MainLoop) 
 Predictor time  =       0.020000,  16.666667
 Corrector time  =       0.040000,  33.333333
 Make bMat time  =       0.020000,  16.666667
 Make bDia time  =       0.000000,  0.000000
 Make bF1  time  =       0.020000,  16.666667
 Make bF2  time  =       0.000000,  0.000000
 Make bF3  time  =       0.000000,  0.000000
 Make bPRE time  =       0.020000,  16.666667
 Make rMat time  =       0.010000,  8.333333
 Make gVec Mul   =       0.000000,  0.000000
 Make gVec time  =       0.000000,  0.000000
 Cholesky bMat   =       0.000000,  0.000000
 Ste Pre time    =       0.000000,  0.000000
 Ste Cor time    =       0.050000,  41.666667
 solve           =       0.000000,  0.000000
 sumDz           =       0.000000,  0.000000
 makedX          =       0.020000,  16.666667
 symmetriseDx    =       0.000000,  0.000000
 makedXdZ        =       0.020000,  16.666667
 xMatTime        =       0.000000,  0.000000
 zMatTime        =       0.010000,  8.333333
 invzMatTime     =       0.000000,  0.000000
 xMatzMatTime    =       0.000000,  0.000000
 EigxMatTime     =       0.050000,  41.666667
 EigzMatTime     =       0.000000,  0.000000
 EigxMatzMatTime =       0.000000,  0.000000
 updateRes       =       0.000000,  0.000000
 EigTime         =       0.050000,  41.666667
 sub_total_bMat  =       0.100000,  83.333333
 Main Loop       =       0.120000,  100.000000
 File Check      =       0.000000,  0.000000
 File Change     =       0.000000,  0.000000
 File Read       =       0.000000,  0.000000
 Total           =       0.120000,  100.000000

xVec = 
{-8.684720038917e-01,+5.122434123438e-02,-1.383748942282e-01,-3.520001095007e-02,+6.451283543746e-01,-1.359250186785e-02,-1.609223240082e-02,+1.316825400604e-02}
xMat = 
{
{ {+1.868472003892e+00,+5.122434123438e-02,-1.383748942282e-01,-3.520001095007e-02,+6.451283543746e-01,-1.359250186785e-02 },
  {+5.122434123438e-02,+7.300971096635e-01,-3.520001095007e-02,+6.451283543746e-01,-1.359250186785e-02,-1.609223240082e-02 },
  {-1.383748942282e-01,-3.520001095007e-02,+1.513600358266e+00,-1.359250186785e-02,-1.609223240082e-02,+1.316825400604e-02 },
  {-3.520001095007e-02,+6.451283543746e-01,-1.359250186785e-02,+8.523797714908e-01,+1.316825400604e-02,-5.674809416823e-01 },
  {+6.451283543746e-01,-1.359250186785e-02,-1.609223240082e-02,+1.316825400604e-02,+3.009910622093e-01,-1.256280874540e-01 },
  {-1.359250186785e-02,-1.609223240082e-02,+1.316825400604e-02,-5.674809416823e-01,-1.256280874540e-01,+1.105354700497e+00 }   }
{ {+9.196963451260e-01,-1.383748942282e-01,-3.520001095007e-02,+6.451283543746e-01,-1.359250186785e-02,-1.609223240082e-02 },
  {-1.383748942282e-01,+8.332719929416e-01,+6.451283543746e-01,-1.359250186785e-02,-1.609223240082e-02,+1.316825400604e-02 },
  {-3.520001095007e-02,+6.451283543746e-01,+8.548795020238e-01,-1.609223240082e-02,+1.316825400604e-02,-5.674809416823e-01 },
  {+6.451283543746e-01,-1.359250186785e-02,-1.609223240082e-02,+8.816402578977e-01,-5.674809416823e-01,-1.256280874540e-01 },
  {-1.359250186785e-02,-1.609223240082e-02,+1.316825400604e-02,-5.674809416823e-01,+7.428439164377e-01,+2.368826966057e-01 },
  {-1.609223240082e-02,+1.316825400604e-02,-5.674809416823e-01,-1.256280874540e-01,+2.368826966057e-01,+1.058072666103e+00 }   }
}
yMat = 
{
{ {+5.635074833791e-32,+3.725097763986e-23,+6.142392762984e-25,-4.279288148260e-23,-5.626030791741e-24,-2.207397247878e-23 },
  {+3.725097763986e-23,+2.058508341177e-01,+3.394318071251e-03,-2.364756820917e-01,-3.108973719236e-02,-1.219819164841e-01 },
  {+6.142392762984e-25,+3.394318071251e-03,+5.596963071928e-05,-3.899297685996e-03,-5.126452716833e-04,-2.011385697136e-03 },
  {-4.279288148260e-23,-2.364756820917e-01,-3.899297685996e-03,+2.716566510913e-01,+3.571502073397e-02,+1.401294147146e-01 },
  {-5.626030791741e-24,-3.108973719236e-02,-5.126452716833e-04,+3.571502073397e-02,+4.695495953821e-03,+1.842297963943e-02 },
  {-2.207397247878e-23,-1.219819164841e-01,-2.011385697136e-03,+1.401294147146e-01,+1.842297963943e-02,+7.228335028567e-02 }   }
{ {+5.117754941393e-02,-2.985759368881e-02,+4.550937904937e-02,-7.755561929650e-02,-6.997350298850e-02,+3.201555783023e-02 },
  {-2.985759368881e-02,+4.824731211987e-02,-6.550295333360e-02,+4.940159897437e-02,+5.284059487267e-02,-4.215048878448e-02 },
  {+4.550937904937e-02,-6.550295333360e-02,+8.968642257999e-02,-7.421557622565e-02,-7.740773636768e-02,+5.812760973065e-02 },
  {-7.755561929650e-02,+4.940159897437e-02,-7.421557622565e-02,+1.180894809681e-01,+1.076590057442e-01,-5.168047776040e-02 },
  {-6.997350298850e-02,+5.284059487267e-02,-7.740773636768e-02,+1.076590057442e-01,+1.003571236648e-01,-5.292371332985e-02 },
  {+3.201555783023e-02,-4.215048878448e-02,+5.812760973065e-02,-5.168047776040e-02,-5.292371332985e-02,+3.789981017412e-02 }   }
}
    main loop time = 0.120000
        total time = 0.120000
  file   read time = 0.000000
