SDPA-GMP start at Wed Jun  5 23:35:11 2024
*SDP Scan Problem: V = x^2 - 2*x^4 + x^8
* K = 6; eval = -6.080402010050252; Domain = R+ with BCs: Neumann
data      is /Users/gorg/qmBoot/data/K=6_BC-Neumann_V_0.0_0.0_1.0_0.0_-2.0_0.0_0.0_0.0_1.0/e=-6.080402010050252_K=6_D=R+.dat
parameter is ./param.sdpa
out       is /Users/gorg/qmBoot/data/K=6_BC-Neumann_V_0.0_0.0_1.0_0.0_-2.0_0.0_0.0_0.0_1.0/e=-6.080402010050252_K=6_D=R+.out
DENSE computation
   mu      thetaP  thetaD  objP      objD      alphaP  alphaD  beta 
 0 1.0e+20 1.0e+00 1.0e+00 +0.00e+00 +1.79e+07 1.0e+00 9.0e-01 3.00e-01
 1 1.6e+19 8.6e-88 1.0e-01 +1.60e+10 +1.79e+06 9.0e-01 9.0e-01 3.00e-01
 2 2.5e+18 1.7e-87 1.0e-02 +2.46e+10 +1.79e+05 9.0e-01 9.0e-01 3.00e-01
 3 3.8e+17 3.5e-87 1.0e-03 +3.79e+10 +1.79e+04 9.0e-01 9.0e-01 3.00e-01
 4 5.8e+16 5.2e-87 1.0e-04 +5.84e+10 +1.79e+03 9.0e-01 9.0e-01 3.00e-01
 5 9.0e+15 6.9e-87 1.0e-05 +9.00e+10 +1.79e+02 9.0e-01 9.0e-01 3.00e-01
 6 1.4e+15 8.6e-87 1.0e-06 +1.39e+11 +1.79e+01 9.0e-01 9.0e-01 3.00e-01
 7 2.1e+14 8.6e-87 1.0e-07 +2.13e+11 +1.70e+00 9.0e-01 9.0e-01 3.00e-01
 8 3.3e+13 1.0e-86 1.0e-08 +3.29e+11 +8.90e-02 9.0e-01 9.0e-01 3.00e-01
 9 5.1e+12 1.3e-86 1.0e-09 +5.05e+11 -7.25e-02 9.0e-01 9.0e-01 3.00e-01
10 8.2e+11 1.5e-86 9.8e-11 +7.69e+11 -8.83e-02 9.2e-01 9.2e-01 3.00e-01
11 1.8e+11 1.6e-86 8.2e-12 +1.05e+12 -8.63e-02 1.7e+00 1.0e+00 3.00e-01
12 3.9e+10 1.6e-86 4.0e-94 +4.70e+11 -6.84e-02 9.6e-01 9.0e+01 1.00e-01
13 5.3e+09 1.6e-86 8.9e-92 +6.30e+10 -4.17e-02 9.9e-01 9.9e-01 1.00e-01
14 5.8e+08 1.9e-86 1.7e-93 +6.92e+09 -4.29e-02 1.0e+00 1.0e+00 1.00e-01
15 5.9e+07 2.1e-86 2.2e-93 +7.12e+08 -4.44e-02 1.0e+00 1.0e+00 1.00e-01
16 6.0e+06 2.1e-86 6.9e-93 +7.21e+07 -4.58e-02 1.0e+00 1.0e+00 1.00e-01
17 6.0e+05 2.2e-86 1.3e-92 +7.24e+06 -4.72e-02 1.0e+00 1.0e+00 1.00e-01
18 6.0e+04 2.3e-86 1.0e-91 +7.26e+05 -4.85e-02 1.0e+00 1.0e+00 1.00e-01
19 6.1e+03 2.2e-86 1.9e-91 +7.26e+04 -4.96e-02 1.0e+00 1.0e+00 1.00e-01
20 6.1e+02 2.5e-86 6.8e-91 +7.26e+03 -5.07e-02 1.0e+00 1.0e+00 1.00e-01
21 6.1e+01 2.9e-86 3.3e-90 +7.27e+02 -5.15e-02 1.0e+00 3.2e+01 1.00e-01
22 6.1e+00 2.8e-86 3.1e-88 +7.35e+01 -3.70e-02 9.8e-01 1.9e+01 1.00e-01
23 7.0e-01 2.8e-86 4.8e-87 +8.46e+00 +1.09e-01 9.1e-01 3.9e+00 1.00e-01
24 1.1e-01 2.8e-86 1.4e-86 +1.69e+00 +4.15e-01 8.5e-01 1.2e+00 1.00e-01
25 2.0e-02 2.8e-86 2.4e-87 +8.74e-01 +6.39e-01 8.8e-01 9.3e-01 1.00e-01
26 3.7e-03 2.8e-86 2.2e-88 +7.72e-01 +7.28e-01 9.2e-01 9.2e-01 1.00e-01
27 6.4e-04 2.7e-86 7.2e-89 +7.58e-01 +7.50e-01 9.4e-01 8.8e-01 1.00e-01
28 1.2e-04 2.7e-86 6.0e-90 +7.56e-01 +7.54e-01 9.7e-01 9.4e-01 1.00e-01
29 1.8e-05 2.7e-86 4.8e-90 +7.55e-01 +7.55e-01 9.7e-01 9.9e-01 1.00e-01
30 2.0e-06 2.7e-86 3.2e-90 +7.55e-01 +7.55e-01 9.7e-01 1.0e+00 1.00e-01
31 2.1e-07 2.7e-86 4.2e-89 +7.55e-01 +7.55e-01 9.7e-01 1.0e+00 1.00e-01
32 2.1e-08 2.7e-86 1.2e-88 +7.55e-01 +7.55e-01 9.8e-01 1.0e+00 1.00e-01
33 2.1e-09 2.7e-86 1.4e-88 +7.55e-01 +7.55e-01 9.8e-01 1.0e+00 1.00e-01
34 2.1e-10 2.7e-86 2.7e-88 +7.55e-01 +7.55e-01 9.8e-01 1.0e+00 1.00e-01
35 2.1e-11 2.7e-86 2.4e-88 +7.55e-01 +7.55e-01 9.8e-01 1.0e+00 1.00e-01
36 2.1e-12 2.7e-86 4.2e-88 +7.55e-01 +7.55e-01 9.8e-01 1.0e+00 1.00e-01
37 2.1e-13 2.7e-86 5.3e-88 +7.55e-01 +7.55e-01 9.8e-01 1.0e+00 1.00e-01
38 2.1e-14 2.7e-86 6.8e-88 +7.55e-01 +7.55e-01 9.8e-01 1.0e+00 1.00e-01
39 2.1e-15 2.7e-86 1.1e-87 +7.55e-01 +7.55e-01 9.8e-01 1.0e+00 1.00e-01
40 2.1e-16 2.7e-86 1.3e-87 +7.55e-01 +7.55e-01 9.8e-01 1.0e+00 1.00e-01
41 2.1e-17 2.7e-86 1.0e-87 +7.55e-01 +7.55e-01 9.8e-01 1.0e+00 1.00e-01
42 2.1e-18 2.7e-86 7.6e-88 +7.55e-01 +7.55e-01 9.8e-01 1.0e+00 1.00e-01
43 2.1e-19 2.7e-86 1.1e-87 +7.55e-01 +7.55e-01 9.8e-01 1.0e+00 1.00e-01
44 2.1e-20 2.7e-86 1.1e-87 +7.55e-01 +7.55e-01 9.8e-01 1.0e+00 1.00e-01
45 2.1e-21 2.7e-86 1.1e-87 +7.55e-01 +7.55e-01 9.8e-01 1.0e+00 1.00e-01
46 2.1e-22 2.7e-86 4.2e-86 +7.55e-01 +7.55e-01 9.8e-01 1.0e+00 1.00e-01
47 2.1e-23 2.7e-86 3.0e-86 +7.55e-01 +7.55e-01 9.8e-01 1.0e+00 1.00e-01
48 2.1e-24 2.7e-86 4.3e-86 +7.55e-01 +7.55e-01 9.8e-01 1.0e+00 1.00e-01
49 2.1e-25 2.7e-86 2.5e-86 +7.55e-01 +7.55e-01 9.8e-01 1.0e+00 1.00e-01
50 2.1e-26 2.7e-86 8.5e-88 +7.55e-01 +7.55e-01 9.8e-01 1.0e+00 1.00e-01
51 2.1e-27 2.7e-86 1.2e-87 +7.55e-01 +7.55e-01 9.8e-01 1.0e+00 1.00e-01
52 2.1e-28 2.7e-86 8.5e-88 +7.55e-01 +7.55e-01 9.8e-01 1.0e+00 1.00e-01
53 2.1e-29 2.7e-86 1.2e-87 +7.55e-01 +7.55e-01 9.8e-01 1.0e+00 1.00e-01
54 2.1e-30 2.7e-86 9.7e-88 +7.55e-01 +7.55e-01 9.8e-01 1.0e+00 1.00e-01
55 2.1e-31 2.7e-86 1.2e-87 +7.55e-01 +7.55e-01 9.8e-01 1.0e+00 1.00e-01
56 2.1e-32 2.7e-86 1.4e-87 +7.55e-01 +7.55e-01 9.8e-01 1.0e+00 1.00e-01

phase.value = pdOPT     
   Iteration = 56
          mu = 2.1102650930691301e-32
relative gap = 2.5323181116829561e-31
         gap = 2.5323181116829561e-31
      digits = 3.0474652905431856e+01
objValPrimal = 7.5538988754255733e-01
objValDual   = 7.5538988754255733e-01
p.feas.error = 2.7095587067621975e-76
d.feas.error = 1.6213409627996481e-76
relative eps = 8.6361685550944446e-78
total time   = 0.110


Parameters are
maxIteration =    200
epsilonStar  = 1.000e-30
lambdaStar   = 1.000e+10
omegaStar    = 2.000e+00
lowerBound   = -1.000e+05
upperBound   = 1.000e+05
betaStar     = 1.000e-01
betaBar      = 3.000e-01
gammaStar    = 9.000e-01
epsilonDash  = 1.000e-30
precision    =    200

                         Time(sec)  Ratio(% : MainLoop) 
 Predictor time  =       0.030000,  27.272727
 Corrector time  =       0.030000,  27.272727
 Make bMat time  =       0.020000,  18.181818
 Make bDia time  =       0.000000,  0.000000
 Make bF1  time  =       0.000000,  0.000000
 Make bF2  time  =       0.020000,  18.181818
 Make bF3  time  =       0.000000,  0.000000
 Make bPRE time  =       0.000000,  0.000000
 Make rMat time  =       0.020000,  18.181818
 Make gVec Mul   =       0.000000,  0.000000
 Make gVec time  =       0.010000,  9.090909
 Cholesky bMat   =       0.000000,  0.000000
 Ste Pre time    =       0.010000,  9.090909
 Ste Cor time    =       0.040000,  36.363636
 solve           =       0.000000,  0.000000
 sumDz           =       0.000000,  0.000000
 makedX          =       0.010000,  9.090909
 symmetriseDx    =       0.000000,  0.000000
 makedXdZ        =       0.010000,  9.090909
 xMatTime        =       0.000000,  0.000000
 zMatTime        =       0.000000,  0.000000
 invzMatTime     =       0.000000,  0.000000
 xMatzMatTime    =       0.000000,  0.000000
 EigxMatTime     =       0.020000,  18.181818
 EigzMatTime     =       0.020000,  18.181818
 EigxMatzMatTime =       0.000000,  0.000000
 updateRes       =       0.000000,  0.000000
 EigTime         =       0.040000,  36.363636
 sub_total_bMat  =       0.090000,  81.818182
 Main Loop       =       0.110000,  100.000000
 File Check      =       0.000000,  0.000000
 File Change     =       0.000000,  0.000000
 File Read       =       0.000000,  0.000000
 Total           =       0.110000,  100.000000

xVec = 
{-7.553898875426e-01,+5.202926043399e-02,-1.286641837991e-01,-3.072304426076e-02,+5.564321218951e-01,-9.767147569495e-03,-1.229671700423e-02,+1.088079789085e-02}
xMat = 
{
{ {+1.755389887543e+00,+5.202926043399e-02,-1.286641837991e-01,-3.072304426076e-02,+5.564321218951e-01,-9.767147569495e-03 },
  {+5.202926043399e-02,+6.267257037434e-01,-3.072304426076e-02,+5.564321218951e-01,-9.767147569495e-03,-1.229671700423e-02 },
  {-1.286641837991e-01,-3.072304426076e-02,+1.311822009438e+00,-9.767147569495e-03,-1.229671700423e-02,+1.088079789085e-02 },
  {-3.072304426076e-02,+5.564321218951e-01,-9.767147569495e-03,+7.430931705383e-01,+1.088079789085e-02,-4.968961822162e-01 },
  {+5.564321218951e-01,-9.767147569495e-03,-1.229671700423e-02,+1.088079789085e-02,+2.584937053263e-01,-1.091019507876e-01 },
  {-9.767147569495e-03,-1.229671700423e-02,+1.088079789085e-02,-4.968961822162e-01,-1.091019507876e-01,+9.694319200795e-01 }   }
{ {+8.074191479765e-01,-1.286641837991e-01,-3.072304426076e-02,+5.564321218951e-01,-9.767147569495e-03,-1.229671700423e-02 },
  {-1.286641837991e-01,+7.246668432818e-01,+5.564321218951e-01,-9.767147569495e-03,-1.229671700423e-02,+1.088079789085e-02 },
  {-3.072304426076e-02,+5.564321218951e-01,+7.456227399731e-01,-1.229671700423e-02,+1.088079789085e-02,-4.968961822162e-01 },
  {+5.564321218951e-01,-9.767147569495e-03,-1.229671700423e-02,+7.662706854334e-01,-4.968961822162e-01,-1.091019507876e-01 },
  {-9.767147569495e-03,-1.229671700423e-02,+1.088079789085e-02,-4.968961822162e-01,+6.462879367550e-01,+2.140420325369e-01 },
  {-1.229671700423e-02,+1.088079789085e-02,-4.968961822162e-01,-1.091019507876e-01,+2.140420325369e-01,+9.102417269742e-01 }   }
}
yMat = 
{
{ {+3.945364741667e-32,+1.927152005609e-23,+3.526418547874e-25,-2.199323092473e-23,-3.134633665620e-24,-1.138523241953e-23 },
  {+1.927152005609e-23,+2.131214485490e-01,+3.899824302064e-03,-2.432205253225e-01,-3.466553994693e-02,-1.259079312680e-01 },
  {+3.526418547874e-25,+3.899824302064e-03,+7.136132796824e-05,-4.450595291424e-03,-6.343308758910e-04,-2.303938967780e-03 },
  {-2.199323092473e-23,-2.432205253225e-01,-4.450595291424e-03,+2.775704854717e-01,+3.956134351510e-02,+1.436898697610e-01 },
  {-3.134633665620e-24,-3.466553994693e-02,-6.343308758910e-04,+3.956134351510e-02,+5.638567436520e-03,+2.047971450421e-02 },
  {-1.138523241953e-23,-1.259079312680e-01,-2.303938967780e-03,+1.436898697610e-01,+2.047971450421e-02,+7.438391238483e-02 }   }
{ {+4.474733214671e-02,-2.597318116058e-02,+4.096910293404e-02,-6.912920424011e-02,-6.357426228658e-02,+2.994334089705e-02 },
  {-2.597318116058e-02,+4.838942047100e-02,-6.625704259866e-02,+4.514707295786e-02,+5.080592189190e-02,-4.363427840368e-02 },
  {+4.096910293404e-02,-6.625704259866e-02,+9.167068532750e-02,-6.969523502131e-02,-7.593593283051e-02,+6.089055486709e-02 },
  {-6.912920424011e-02,+4.514707295786e-02,-6.969523502131e-02,+1.075532020549e-01,+1.003105317815e-01,-5.021633180882e-02 },
  {-6.357426228658e-02,+5.080592189190e-02,-7.593593283051e-02,+1.003105317815e-01,+9.612617896393e-02,-5.349986204409e-02 },
  {+2.994334089705e-02,-4.363427840368e-02,+6.089055486709e-02,-5.021633180882e-02,-5.349986204409e-02,+4.072740586606e-02 }   }
}
    main loop time = 0.110000
        total time = 0.110000
  file   read time = 0.000000
