SDPA-GMP start at Wed Jun  5 23:35:11 2024
*SDP Scan Problem: V = x^2 - 2*x^4 + x^8
* K = 6; eval = -6.683417085427136; Domain = R+ with BCs: Neumann
data      is /Users/gorg/qmBoot/data/K=6_BC-Neumann_V_0.0_0.0_1.0_0.0_-2.0_0.0_0.0_0.0_1.0/e=-6.683417085427136_K=6_D=R+.dat
parameter is ./param.sdpa
out       is /Users/gorg/qmBoot/data/K=6_BC-Neumann_V_0.0_0.0_1.0_0.0_-2.0_0.0_0.0_0.0_1.0/e=-6.683417085427136_K=6_D=R+.out
DENSE computation
   mu      thetaP  thetaD  objP      objD      alphaP  alphaD  beta 
 0 1.0e+20 1.0e+00 1.0e+00 +0.00e+00 +1.22e+09 1.0e+00 9.0e-01 3.00e-01
 1 1.6e+19 8.6e-88 1.0e-01 +1.60e+10 +1.22e+08 9.0e-01 9.0e-01 3.00e-01
 2 2.5e+18 1.7e-87 1.0e-02 +2.46e+10 +1.22e+07 9.0e-01 9.0e-01 3.00e-01
 3 3.8e+17 4.3e-87 1.0e-03 +3.79e+10 +1.22e+06 9.0e-01 9.0e-01 3.00e-01
 4 5.8e+16 6.9e-87 1.0e-04 +5.84e+10 +1.22e+05 9.0e-01 9.0e-01 3.00e-01
 5 9.0e+15 6.9e-87 1.0e-05 +9.00e+10 +1.22e+04 9.0e-01 9.0e-01 3.00e-01
 6 1.4e+15 1.0e-86 1.0e-06 +1.39e+11 +1.22e+03 9.0e-01 9.0e-01 3.00e-01
 7 2.1e+14 1.1e-86 1.0e-07 +2.13e+11 +1.22e+02 9.0e-01 9.0e-01 3.00e-01
 8 3.3e+13 1.6e-86 1.0e-08 +3.29e+11 +1.21e+01 9.0e-01 9.0e-01 3.00e-01
 9 5.1e+12 2.0e-86 1.0e-09 +5.05e+11 +1.13e+00 9.0e-01 9.0e-01 3.00e-01
10 8.2e+11 2.0e-86 9.9e-11 +7.69e+11 +3.09e-02 9.2e-01 9.2e-01 3.00e-01
11 1.8e+11 2.2e-86 8.3e-12 +1.05e+12 -7.55e-02 1.7e+00 1.0e+00 3.00e-01
12 3.9e+10 2.0e-86 4.1e-94 +4.73e+11 -6.44e-02 9.6e-01 9.0e+01 1.00e-01
13 5.3e+09 1.8e-86 8.4e-92 +6.36e+10 -2.87e-02 9.9e-01 9.9e-01 1.00e-01
14 5.8e+08 1.9e-86 2.2e-93 +7.01e+09 -3.05e-02 1.0e+00 1.0e+00 1.00e-01
15 6.0e+07 1.6e-86 2.9e-93 +7.22e+08 -3.26e-02 1.0e+00 1.0e+00 1.00e-01
16 6.1e+06 1.8e-86 9.8e-93 +7.31e+07 -3.46e-02 1.0e+00 1.0e+00 1.00e-01
17 6.1e+05 1.9e-86 2.0e-92 +7.35e+06 -3.65e-02 1.0e+00 1.0e+00 1.00e-01
18 6.1e+04 1.7e-86 6.5e-92 +7.36e+05 -3.83e-02 1.0e+00 1.0e+00 1.00e-01
19 6.1e+03 2.0e-86 1.8e-91 +7.36e+04 -3.98e-02 1.0e+00 1.0e+00 1.00e-01
20 6.1e+02 2.2e-86 1.2e-90 +7.36e+03 -4.12e-02 1.0e+00 1.0e+00 1.00e-01
21 6.1e+01 2.4e-86 2.9e-90 +7.37e+02 -4.24e-02 1.0e+00 3.1e+01 1.00e-01
22 6.2e+00 2.5e-86 3.0e-88 +7.46e+01 -3.16e-02 9.8e-01 1.9e+01 1.00e-01
23 7.1e-01 2.6e-86 4.5e-87 +8.65e+00 +1.48e-01 9.1e-01 3.6e+00 1.00e-01
24 1.1e-01 2.8e-86 1.2e-86 +1.77e+00 +4.71e-01 8.5e-01 1.2e+00 1.00e-01
25 2.0e-02 2.8e-86 1.9e-87 +9.55e-01 +7.11e-01 8.8e-01 9.2e-01 1.00e-01
26 3.9e-03 2.8e-86 2.9e-88 +8.49e-01 +8.02e-01 9.2e-01 9.2e-01 1.00e-01
27 6.8e-04 2.8e-86 1.2e-89 +8.33e-01 +8.25e-01 9.5e-01 8.8e-01 1.00e-01
28 1.3e-04 2.7e-86 5.4e-90 +8.31e-01 +8.30e-01 9.8e-01 9.3e-01 1.00e-01
29 1.9e-05 2.7e-86 3.8e-90 +8.31e-01 +8.31e-01 9.7e-01 9.9e-01 1.00e-01
30 2.2e-06 2.7e-86 2.0e-90 +8.31e-01 +8.31e-01 9.8e-01 1.0e+00 1.00e-01
31 2.3e-07 2.7e-86 7.3e-91 +8.31e-01 +8.31e-01 9.8e-01 1.0e+00 1.00e-01
32 2.3e-08 2.7e-86 9.2e-89 +8.31e-01 +8.31e-01 9.8e-01 1.0e+00 1.00e-01
33 2.3e-09 2.7e-86 5.2e-88 +8.31e-01 +8.31e-01 9.8e-01 1.0e+00 1.00e-01
34 2.3e-10 2.6e-86 3.6e-88 +8.31e-01 +8.31e-01 9.8e-01 1.0e+00 1.00e-01
35 2.3e-11 2.6e-86 4.8e-88 +8.31e-01 +8.31e-01 9.8e-01 1.0e+00 1.00e-01
36 2.3e-12 2.5e-86 6.7e-88 +8.31e-01 +8.31e-01 9.8e-01 1.0e+00 1.00e-01
37 2.3e-13 2.4e-86 6.6e-88 +8.31e-01 +8.31e-01 9.8e-01 1.0e+00 1.00e-01
38 2.3e-14 2.4e-86 7.4e-88 +8.31e-01 +8.31e-01 9.8e-01 1.0e+00 1.00e-01
39 2.3e-15 2.3e-86 7.6e-88 +8.31e-01 +8.31e-01 9.8e-01 1.0e+00 1.00e-01
40 2.3e-16 2.3e-86 8.3e-88 +8.31e-01 +8.31e-01 9.8e-01 1.0e+00 1.00e-01
41 2.3e-17 2.2e-86 1.0e-87 +8.31e-01 +8.31e-01 9.8e-01 1.0e+00 1.00e-01
42 2.3e-18 2.2e-86 1.2e-87 +8.31e-01 +8.31e-01 9.8e-01 1.0e+00 1.00e-01
43 2.3e-19 2.2e-86 9.7e-88 +8.31e-01 +8.31e-01 9.8e-01 1.0e+00 1.00e-01
44 2.3e-20 2.2e-86 1.1e-87 +8.31e-01 +8.31e-01 9.8e-01 1.0e+00 1.00e-01
45 2.3e-21 2.1e-86 4.9e-86 +8.31e-01 +8.31e-01 9.8e-01 1.0e+00 1.00e-01
46 2.3e-22 2.1e-86 8.3e-86 +8.31e-01 +8.31e-01 9.8e-01 1.0e+00 1.00e-01
47 2.3e-23 2.1e-86 1.2e-85 +8.31e-01 +8.31e-01 9.8e-01 1.0e+00 1.00e-01
48 2.3e-24 2.1e-86 1.0e-85 +8.31e-01 +8.31e-01 9.8e-01 1.0e+00 1.00e-01
49 2.3e-25 2.0e-86 3.1e-85 +8.31e-01 +8.31e-01 9.8e-01 1.0e+00 1.00e-01
50 2.3e-26 1.9e-86 7.4e-86 +8.31e-01 +8.31e-01 9.8e-01 1.0e+00 1.00e-01
51 2.3e-27 1.8e-86 8.6e-88 +8.31e-01 +8.31e-01 9.8e-01 1.0e+00 1.00e-01
52 2.3e-28 1.8e-86 1.0e-87 +8.31e-01 +8.31e-01 9.8e-01 1.0e+00 1.00e-01
53 2.3e-29 1.7e-86 8.7e-88 +8.31e-01 +8.31e-01 9.8e-01 1.0e+00 1.00e-01
54 2.3e-30 1.7e-86 9.4e-88 +8.31e-01 +8.31e-01 9.8e-01 1.0e+00 1.00e-01
55 2.3e-31 1.7e-86 8.4e-88 +8.31e-01 +8.31e-01 9.8e-01 1.0e+00 1.00e-01
56 2.3e-32 1.7e-86 1.2e-87 +8.31e-01 +8.31e-01 9.8e-01 1.0e+00 1.00e-01

phase.value = pdOPT     
   Iteration = 56
          mu = 2.3075833001185199e-32
relative gap = 2.7690999601422239e-31
         gap = 2.7690999601422239e-31
      digits = 3.0477129431543876e+01
objValPrimal = 8.3074562903584592e-01
objValDual   = 8.3074562903584592e-01
p.feas.error = 1.7272337110188889e-76
d.feas.error = 1.4303355211283244e-76
relative eps = 8.6361685550944446e-78
total time   = 0.120


Parameters are
maxIteration =    200
epsilonStar  = 1.000e-30
lambdaStar   = 1.000e+10
omegaStar    = 2.000e+00
lowerBound   = -1.000e+05
upperBound   = 1.000e+05
betaStar     = 1.000e-01
betaBar      = 3.000e-01
gammaStar    = 9.000e-01
epsilonDash  = 1.000e-30
precision    =    200

                         Time(sec)  Ratio(% : MainLoop) 
 Predictor time  =       0.040000,  33.333333
 Corrector time  =       0.020000,  16.666667
 Make bMat time  =       0.040000,  33.333333
 Make bDia time  =       0.000000,  0.000000
 Make bF1  time  =       0.020000,  16.666667
 Make bF2  time  =       0.020000,  16.666667
 Make bF3  time  =       0.000000,  0.000000
 Make bPRE time  =       0.040000,  33.333333
 Make rMat time  =       0.010000,  8.333333
 Make gVec Mul   =       0.000000,  0.000000
 Make gVec time  =       0.000000,  0.000000
 Cholesky bMat   =       0.000000,  0.000000
 Ste Pre time    =       0.000000,  0.000000
 Ste Cor time    =       0.050000,  41.666667
 solve           =       0.000000,  0.000000
 sumDz           =       0.000000,  0.000000
 makedX          =       0.000000,  0.000000
 symmetriseDx    =       0.000000,  0.000000
 makedXdZ        =       0.000000,  0.000000
 xMatTime        =       0.000000,  0.000000
 zMatTime        =       0.010000,  8.333333
 invzMatTime     =       0.000000,  0.000000
 xMatzMatTime    =       0.000000,  0.000000
 EigxMatTime     =       0.040000,  33.333333
 EigzMatTime     =       0.010000,  8.333333
 EigxMatzMatTime =       0.000000,  0.000000
 updateRes       =       0.000000,  0.000000
 EigTime         =       0.050000,  41.666667
 sub_total_bMat  =       0.080000,  66.666667
 Main Loop       =       0.120000,  100.000000
 File Check      =       0.000000,  0.000000
 File Change     =       0.000000,  0.000000
 File Read       =       0.000000,  0.000000
 Total           =       0.120000,  100.000000

xVec = 
{-8.307456290358e-01,+5.145728345853e-02,-1.355077314794e-01,-3.383411511183e-02,+6.153704050432e-01,-1.245946128001e-02,-1.478977550554e-02,+1.224055942368e-02}
xMat = 
{
{ {+1.830745629036e+00,+5.145728345853e-02,-1.355077314794e-01,-3.383411511183e-02,+6.153704050432e-01,-1.245946128001e-02 },
  {+5.145728345853e-02,+6.952378975564e-01,-3.383411511183e-02,+6.153704050432e-01,-1.245946128001e-02,-1.478977550554e-02 },
  {-1.355077314794e-01,-3.383411511183e-02,+1.446116034079e+00,-1.245946128001e-02,-1.478977550554e-02,+1.224055942368e-02 },
  {-3.383411511183e-02,+6.153704050432e-01,-1.245946128001e-02,+8.159558535303e-01,+1.224055942368e-02,-5.440358384419e-01 },
  {+6.153704050432e-01,-1.245946128001e-02,-1.478977550554e-02,+1.224055942368e-02,+2.867097905940e-01,-1.202115144915e-01 },
  {-1.245946128001e-02,-1.478977550554e-02,+1.224055942368e-02,-5.440358384419e-01,-1.202115144915e-01,+1.060400584479e+00 }   }
{ {+8.822029124944e-01,-1.355077314794e-01,-3.383411511183e-02,+6.153704050432e-01,-1.245946128001e-02,-1.478977550554e-02 },
  {-1.355077314794e-01,+7.969115139240e-01,+6.153704050432e-01,-1.245946128001e-02,-1.478977550554e-02,+1.224055942368e-02 },
  {-3.383411511183e-02,+6.153704050432e-01,+8.182861677558e-01,-1.478977550554e-02,+1.224055942368e-02,-5.440358384419e-01 },
  {+6.153704050432e-01,-1.245946128001e-02,-1.478977550554e-02,+8.429861884595e-01,-5.440358384419e-01,-1.202115144915e-01 },
  {-1.245946128001e-02,-1.478977550554e-02,+1.224055942368e-02,-5.440358384419e-01,+7.105341145443e-01,+2.296549554433e-01 },
  {-1.478977550554e-02,+1.224055942368e-02,-5.440358384419e-01,-1.202115144915e-01,+2.296549554433e-01,+1.008550345570e+00 }   }
}
yMat = 
{
{ {+4.987395257668e-32,+3.031412856939e-23,+5.137239982772e-25,-3.474657091853e-23,-4.695443773954e-24,-1.794206419792e-23 },
  {+3.031412856939e-23,+2.084193501094e-01,+3.532017120758e-03,-2.388938118874e-01,-3.228268013771e-02,-1.233574419902e-01 },
  {+5.137239982772e-25,+3.532017120758e-03,+5.985598234897e-05,-4.048458231861e-03,-5.470844184598e-04,-2.090499739365e-03 },
  {-3.474657091853e-23,-2.388938118874e-01,-4.048458231861e-03,+2.738241594561e-01,+3.700295827615e-02,+1.413944028050e-01 },
  {-4.695443773954e-24,-3.228268013771e-02,-5.470844184598e-04,+3.700295827615e-02,+5.000358346415e-03,+1.910719345534e-02 },
  {-1.794206419792e-23,-1.233574419902e-01,-2.090499739365e-03,+1.413944028050e-01,+1.910719345534e-02,+7.301173564919e-02 }   }
{ {+4.896213468349e-02,-2.861993817072e-02,+4.407810255449e-02,-7.469055266569e-02,-6.782895565943e-02,+3.138477121039e-02 },
  {-2.861993817072e-02,+4.820147839424e-02,-6.564910663819e-02,+4.806825409310e-02,+5.219736949987e-02,-4.257376880179e-02 },
  {+4.407810255449e-02,-6.564910663819e-02,+9.022543615805e-02,-7.282780136392e-02,-7.696622428581e-02,+5.895817954215e-02 },
  {-7.469055266569e-02,+4.806825409310e-02,-7.282780136392e-02,+1.145563618097e-01,+1.052295602579e-01,-5.127108354633e-02 },
  {-6.782895565943e-02,+5.219736949987e-02,-7.696622428581e-02,+1.052295602579e-01,+9.896965438553e-02,-5.313919269062e-02 },
  {+3.138477121039e-02,-4.257376880179e-02,+5.895817954215e-02,-5.127108354633e-02,-5.313919269062e-02,+3.876947502553e-02 }   }
}
    main loop time = 0.120000
        total time = 0.120000
  file   read time = 0.000000
