SDPA-GMP start at Wed Jun  5 23:35:11 2024
*SDP Scan Problem: V = x^2 - 2*x^4 + x^8
* K = 6; eval = -7.386934673366834; Domain = R+ with BCs: Neumann
data      is /Users/gorg/qmBoot/data/K=6_BC-Neumann_V_0.0_0.0_1.0_0.0_-2.0_0.0_0.0_0.0_1.0/e=-7.386934673366834_K=6_D=R+.dat
parameter is ./param.sdpa
out       is /Users/gorg/qmBoot/data/K=6_BC-Neumann_V_0.0_0.0_1.0_0.0_-2.0_0.0_0.0_0.0_1.0/e=-7.386934673366834_K=6_D=R+.out
DENSE computation
   mu      thetaP  thetaD  objP      objD      alphaP  alphaD  beta 
 0 1.0e+20 1.0e+00 1.0e+00 +0.00e+00 +2.63e+09 1.0e+00 9.0e-01 3.00e-01
 1 1.6e+19 8.6e-88 1.0e-01 +1.60e+10 +2.63e+08 9.0e-01 9.0e-01 3.00e-01
 2 2.5e+18 1.9e-87 1.0e-02 +2.46e+10 +2.63e+07 9.0e-01 9.0e-01 3.00e-01
 3 3.8e+17 4.3e-87 1.0e-03 +3.79e+10 +2.63e+06 9.0e-01 9.0e-01 3.00e-01
 4 5.8e+16 6.0e-87 1.0e-04 +5.84e+10 +2.63e+05 9.0e-01 9.0e-01 3.00e-01
 5 9.0e+15 6.9e-87 1.0e-05 +9.00e+10 +2.63e+04 9.0e-01 9.0e-01 3.00e-01
 6 1.4e+15 7.8e-87 1.0e-06 +1.39e+11 +2.63e+03 9.0e-01 9.0e-01 3.00e-01
 7 2.1e+14 1.0e-86 1.0e-07 +2.13e+11 +2.63e+02 9.0e-01 9.0e-01 3.00e-01
 8 3.3e+13 1.4e-86 1.0e-08 +3.29e+11 +2.62e+01 9.0e-01 9.0e-01 3.00e-01
 9 5.1e+12 1.5e-86 1.0e-09 +5.05e+11 +2.54e+00 9.0e-01 9.0e-01 3.00e-01
10 8.3e+11 1.8e-86 9.9e-11 +7.69e+11 +1.70e-01 9.1e-01 9.1e-01 3.00e-01
11 1.8e+11 2.0e-86 8.5e-12 +1.05e+12 -6.23e-02 1.7e+00 1.0e+00 3.00e-01
12 4.0e+10 1.9e-86 4.6e-94 +4.77e+11 -5.97e-02 9.6e-01 9.0e+01 1.00e-01
13 5.4e+09 2.0e-86 1.0e-91 +6.42e+10 -1.00e-02 9.9e-01 9.9e-01 1.00e-01
14 5.9e+08 2.0e-86 2.2e-93 +7.11e+09 -1.28e-02 1.0e+00 1.0e+00 1.00e-01
15 6.1e+07 2.1e-86 3.4e-93 +7.33e+08 -1.58e-02 1.0e+00 1.0e+00 1.00e-01
16 6.2e+06 2.2e-86 1.2e-92 +7.42e+07 -1.88e-02 1.0e+00 1.0e+00 1.00e-01
17 6.2e+05 2.2e-86 3.3e-92 +7.46e+06 -2.15e-02 1.0e+00 1.0e+00 1.00e-01
18 6.2e+04 2.3e-86 1.1e-91 +7.47e+05 -2.40e-02 1.0e+00 1.0e+00 1.00e-01
19 6.2e+03 2.8e-86 4.1e-91 +7.47e+04 -2.62e-02 1.0e+00 1.0e+00 1.00e-01
20 6.2e+02 2.8e-86 7.4e-91 +7.48e+03 -2.83e-02 1.0e+00 1.0e+00 1.00e-01
21 6.2e+01 2.8e-86 3.5e-90 +7.49e+02 -2.99e-02 1.0e+00 3.0e+01 1.00e-01
22 6.3e+00 3.1e-86 4.2e-88 +7.59e+01 -2.67e-02 9.8e-01 1.9e+01 1.00e-01
23 7.2e-01 2.9e-86 7.1e-87 +8.86e+00 +1.96e-01 9.1e-01 3.4e+00 1.00e-01
24 1.1e-01 3.0e-86 1.7e-86 +1.87e+00 +5.39e-01 8.5e-01 1.1e+00 1.00e-01
25 2.1e-02 3.2e-86 2.4e-87 +1.05e+00 +7.97e-01 8.9e-01 9.1e-01 1.00e-01
26 4.1e-03 2.9e-86 2.9e-88 +9.38e-01 +8.89e-01 9.2e-01 9.1e-01 1.00e-01
27 7.2e-04 3.0e-86 2.3e-89 +9.21e-01 +9.13e-01 9.6e-01 8.7e-01 1.00e-01
28 1.4e-04 2.9e-86 8.1e-90 +9.19e-01 +9.18e-01 1.0e+00 9.2e-01 1.00e-01
29 2.1e-05 2.9e-86 4.3e-90 +9.19e-01 +9.19e-01 9.8e-01 9.9e-01 1.00e-01
30 2.4e-06 2.9e-86 1.6e-90 +9.19e-01 +9.19e-01 9.9e-01 1.0e+00 1.00e-01
31 2.5e-07 3.0e-86 4.0e-91 +9.19e-01 +9.19e-01 9.9e-01 1.0e+00 1.00e-01
32 2.5e-08 3.0e-86 1.6e-88 +9.19e-01 +9.19e-01 9.9e-01 1.0e+00 1.00e-01
33 2.5e-09 2.9e-86 2.9e-88 +9.19e-01 +9.19e-01 9.9e-01 1.0e+00 1.00e-01
34 2.5e-10 3.1e-86 5.7e-88 +9.19e-01 +9.19e-01 9.9e-01 1.0e+00 1.00e-01
35 2.5e-11 3.0e-86 6.3e-88 +9.19e-01 +9.19e-01 9.9e-01 1.0e+00 1.00e-01
36 2.5e-12 2.9e-86 9.6e-88 +9.19e-01 +9.19e-01 9.9e-01 1.0e+00 1.00e-01
37 2.5e-13 2.9e-86 7.8e-88 +9.19e-01 +9.19e-01 9.9e-01 1.0e+00 1.00e-01
38 2.5e-14 2.8e-86 1.1e-87 +9.19e-01 +9.19e-01 9.9e-01 1.0e+00 1.00e-01
39 2.5e-15 2.8e-86 8.1e-88 +9.19e-01 +9.19e-01 9.9e-01 1.0e+00 1.00e-01
40 2.5e-16 2.8e-86 9.1e-88 +9.19e-01 +9.19e-01 9.9e-01 1.0e+00 1.00e-01
41 2.5e-17 2.8e-86 1.4e-87 +9.19e-01 +9.19e-01 9.9e-01 1.0e+00 1.00e-01
42 2.5e-18 2.8e-86 9.8e-88 +9.19e-01 +9.19e-01 9.9e-01 1.0e+00 1.00e-01
43 2.5e-19 2.6e-86 1.2e-87 +9.19e-01 +9.19e-01 9.9e-01 1.0e+00 1.00e-01
44 2.5e-20 2.6e-86 1.1e-87 +9.19e-01 +9.19e-01 9.9e-01 1.0e+00 1.00e-01
45 2.5e-21 2.6e-86 1.4e-85 +9.19e-01 +9.19e-01 9.9e-01 1.0e+00 1.00e-01
46 2.5e-22 2.5e-86 1.0e-84 +9.19e-01 +9.19e-01 9.9e-01 1.0e+00 1.00e-01
47 2.5e-23 2.5e-86 9.3e-85 +9.19e-01 +9.19e-01 9.9e-01 1.0e+00 1.00e-01
48 2.5e-24 2.5e-86 4.8e-85 +9.19e-01 +9.19e-01 9.9e-01 1.0e+00 1.00e-01
49 2.5e-25 2.4e-86 1.7e-84 +9.19e-01 +9.19e-01 9.9e-01 1.0e+00 1.00e-01
50 2.5e-26 2.4e-86 1.2e-83 +9.19e-01 +9.19e-01 9.9e-01 1.0e+00 1.00e-01
51 2.5e-27 2.2e-86 3.3e-84 +9.19e-01 +9.19e-01 9.9e-01 1.0e+00 1.00e-01
52 2.5e-28 2.2e-86 1.2e-86 +9.19e-01 +9.19e-01 9.9e-01 1.0e+00 1.00e-01
53 2.5e-29 2.2e-86 6.9e-88 +9.19e-01 +9.19e-01 9.9e-01 1.0e+00 1.00e-01
54 2.5e-30 2.1e-86 8.0e-88 +9.19e-01 +9.19e-01 9.9e-01 1.0e+00 1.00e-01
55 2.5e-31 2.1e-86 1.0e-87 +9.19e-01 +9.19e-01 9.9e-01 1.0e+00 1.00e-01
56 2.5e-32 2.0e-86 1.3e-87 +9.19e-01 +9.19e-01 9.9e-01 1.0e+00 1.00e-01

phase.value = pdOPT     
   Iteration = 56
          mu = 2.5390663944758312e-32
relative gap = 3.0468796733709974e-31
         gap = 3.0468796733709974e-31
      digits = 3.0479376408950753e+01
objValPrimal = 9.1882269223608215e-01
objValDual   = 9.1882269223608215e-01
p.feas.error = 1.9863187676717223e-76
d.feas.error = 1.5784198593554132e-76
relative eps = 8.6361685550944446e-78
total time   = 0.120


Parameters are
maxIteration =    200
epsilonStar  = 1.000e-30
lambdaStar   = 1.000e+10
omegaStar    = 2.000e+00
lowerBound   = -1.000e+05
upperBound   = 1.000e+05
betaStar     = 1.000e-01
betaBar      = 3.000e-01
gammaStar    = 9.000e-01
epsilonDash  = 1.000e-30
precision    =    200

                         Time(sec)  Ratio(% : MainLoop) 
 Predictor time  =       0.000000,  0.000000
 Corrector time  =       0.040000,  33.333333
 Make bMat time  =       0.000000,  0.000000
 Make bDia time  =       0.000000,  0.000000
 Make bF1  time  =       0.000000,  0.000000
 Make bF2  time  =       0.000000,  0.000000
 Make bF3  time  =       0.000000,  0.000000
 Make bPRE time  =       0.000000,  0.000000
 Make rMat time  =       0.030000,  25.000000
 Make gVec Mul   =       0.000000,  0.000000
 Make gVec time  =       0.000000,  0.000000
 Cholesky bMat   =       0.000000,  0.000000
 Ste Pre time    =       0.000000,  0.000000
 Ste Cor time    =       0.060000,  50.000000
 solve           =       0.000000,  0.000000
 sumDz           =       0.000000,  0.000000
 makedX          =       0.000000,  0.000000
 symmetriseDx    =       0.000000,  0.000000
 makedXdZ        =       0.000000,  0.000000
 xMatTime        =       0.010000,  8.333333
 zMatTime        =       0.000000,  0.000000
 invzMatTime     =       0.000000,  0.000000
 xMatzMatTime    =       0.000000,  0.000000
 EigxMatTime     =       0.050000,  41.666667
 EigzMatTime     =       0.010000,  8.333333
 EigxMatzMatTime =       0.000000,  0.000000
 updateRes       =       0.010000,  8.333333
 EigTime         =       0.060000,  50.000000
 sub_total_bMat  =       0.120000,  100.000000
 Main Loop       =       0.120000,  100.000000
 File Check      =       0.000000,  0.000000
 File Change     =       0.000000,  0.000000
 File Read       =       0.000000,  0.000000
 Total           =       0.120000,  100.000000

xVec = 
{-9.188226922361e-01,+5.094461945984e-02,-1.417063156823e-01,-3.683912813625e-02,+6.850348119106e-01,-1.490693723879e-02,-1.787951712920e-02,+1.463783153052e-02}
xMat = 
{
{ {+1.918822692236e+00,+5.094461945984e-02,-1.417063156823e-01,-3.683912813625e-02,+6.850348119106e-01,-1.490693723879e-02 },
  {+5.094461945984e-02,+7.771163765538e-01,-3.683912813625e-02,+6.850348119106e-01,-1.490693723879e-02,-1.787951712920e-02 },
  {-1.417063156823e-01,-3.683912813625e-02,+1.603857504147e+00,-1.490693723879e-02,-1.787951712920e-02,+1.463783153052e-02 },
  {-3.683912813625e-02,+6.850348119106e-01,-1.490693723879e-02,+9.009431751069e-01,+1.463783153052e-02,-5.986626341077e-01 },
  {+6.850348119106e-01,-1.490693723879e-02,-1.787951712920e-02,+1.463783153052e-02,+3.201600581284e-01,-1.326930747379e-01 },
  {-1.490693723879e-02,-1.787951712920e-02,+1.463783153052e-02,-5.986626341077e-01,-1.326930747379e-01,+1.164735759566e+00 }   }
{ {+9.697673116959e-01,-1.417063156823e-01,-3.683912813625e-02,+6.850348119106e-01,-1.490693723879e-02,-1.787951712920e-02 },
  {-1.417063156823e-01,+8.819835640998e-01,+6.850348119106e-01,-1.490693723879e-02,-1.787951712920e-02,+1.463783153052e-02 },
  {-3.683912813625e-02,+6.850348119106e-01,+9.039157549973e-01,-1.787951712920e-02,+1.463783153052e-02,-5.986626341077e-01 },
  {+6.850348119106e-01,-1.490693723879e-02,-1.787951712920e-02,+9.334605237666e-01,-5.986626341077e-01,-1.326930747379e-01 },
  {-1.490693723879e-02,-1.787951712920e-02,+1.463783153052e-02,-5.986626341077e-01,+7.861296174982e-01,+2.459130673302e-01 },
  {-1.787951712920e-02,+1.463783153052e-02,-5.986626341077e-01,-1.326930747379e-01,+2.459130673302e-01,+1.124368856384e+00 }   }
}
yMat = 
{
{ {+6.621818063418e-32,+4.531974274543e-23,+7.274522931803e-25,-5.221863525567e-23,-6.613531029250e-24,-2.690676271235e-23 },
  {+4.531974274543e-23,+2.023448715427e-01,+3.247949591757e-03,-2.331472422644e-01,-2.952828006557e-02,-1.201340764680e-01 },
  {+7.274522931803e-25,+3.247949591757e-03,+5.213463761233e-05,-3.742375502568e-03,-4.739747760990e-04,-1.928338591660e-03 },
  {-5.221863525567e-23,-2.331472422644e-01,-3.742375502568e-03,+2.686385682080e-01,+3.402328417621e-02,+1.384217371903e-01 },
  {-6.613531029250e-24,-2.952828006557e-02,-4.739747760990e-04,+3.402328417621e-02,+4.309075475860e-03,+1.753122097101e-02 },
  {-2.690676271235e-23,-1.201340764680e-01,-1.928338591660e-03,+1.384217371903e-01,+1.753122097101e-02,+7.132474482197e-02 }   }
{ {+5.416967407086e-02,-3.144628149203e-02,+4.732147941216e-02,-8.137366257563e-02,-7.279315010992e-02,+3.278417009325e-02 },
  {-3.144628149203e-02,+4.838391222915e-02,-6.539699475619e-02,+5.108908061406e-02,+5.365859771264e-02,-4.165661466168e-02 },
  {+4.732147941216e-02,-6.539699475619e-02,+8.908045765156e-02,-7.593329589008e-02,-7.794225962551e-02,+5.711977353930e-02 },
  {-8.137366257563e-02,+5.108908061406e-02,-7.593329589008e-02,+1.227315778622e-01,+1.108069101717e-01,-5.213984581472e-02 },
  {-7.279315010992e-02,+5.365859771264e-02,-7.794225962551e-02,+1.108069101717e-01,+1.021336715305e-01,-5.261686575400e-02 },
  {+3.278417009325e-02,-4.165661466168e-02,+5.711977353930e-02,-5.213984581472e-02,-5.261686575400e-02,+3.683131196954e-02 }   }
}
    main loop time = 0.120000
        total time = 0.120000
  file   read time = 0.000000
