SDPA-GMP start at Wed Jun  5 23:35:11 2024
*SDP Scan Problem: V = x^2 - 2*x^4 + x^8
* K = 6; eval = -7.185929648241206; Domain = R+ with BCs: Neumann
data      is /Users/gorg/qmBoot/data/K=6_BC-Neumann_V_0.0_0.0_1.0_0.0_-2.0_0.0_0.0_0.0_1.0/e=-7.185929648241206_K=6_D=R+.dat
parameter is ./param.sdpa
out       is /Users/gorg/qmBoot/data/K=6_BC-Neumann_V_0.0_0.0_1.0_0.0_-2.0_0.0_0.0_0.0_1.0/e=-7.185929648241206_K=6_D=R+.out
DENSE computation
   mu      thetaP  thetaD  objP      objD      alphaP  alphaD  beta 
 0 1.0e+20 1.0e+00 1.0e+00 +0.00e+00 +2.23e+09 1.0e+00 9.0e-01 3.00e-01
 1 1.6e+19 8.6e-88 1.0e-01 +1.60e+10 +2.23e+08 9.0e-01 9.0e-01 3.00e-01
 2 2.5e+18 3.5e-87 1.0e-02 +2.46e+10 +2.23e+07 9.0e-01 9.0e-01 3.00e-01
 3 3.8e+17 2.6e-87 1.0e-03 +3.79e+10 +2.23e+06 9.0e-01 9.0e-01 3.00e-01
 4 5.8e+16 4.3e-87 1.0e-04 +5.84e+10 +2.23e+05 9.0e-01 9.0e-01 3.00e-01
 5 9.0e+15 6.0e-87 1.0e-05 +9.00e+10 +2.23e+04 9.0e-01 9.0e-01 3.00e-01
 6 1.4e+15 7.8e-87 1.0e-06 +1.39e+11 +2.23e+03 9.0e-01 9.0e-01 3.00e-01
 7 2.1e+14 1.1e-86 1.0e-07 +2.13e+11 +2.23e+02 9.0e-01 9.0e-01 3.00e-01
 8 3.3e+13 1.5e-86 1.0e-08 +3.29e+11 +2.22e+01 9.0e-01 9.0e-01 3.00e-01
 9 5.1e+12 1.5e-86 1.0e-09 +5.05e+11 +2.14e+00 9.0e-01 9.0e-01 3.00e-01
10 8.3e+11 1.6e-86 9.9e-11 +7.69e+11 +1.30e-01 9.1e-01 9.1e-01 3.00e-01
11 1.8e+11 1.6e-86 8.5e-12 +1.05e+12 -6.61e-02 1.7e+00 1.0e+00 3.00e-01
12 4.0e+10 2.0e-86 2.0e-90 +4.76e+11 -6.11e-02 9.6e-01 9.0e+01 1.00e-01
13 5.3e+09 2.4e-86 1.4e-88 +6.41e+10 -1.58e-02 9.9e-01 9.9e-01 1.00e-01
14 5.9e+08 2.4e-86 1.5e-93 +7.09e+09 -1.83e-02 1.0e+00 1.0e+00 1.00e-01
15 6.1e+07 2.7e-86 4.8e-93 +7.30e+08 -2.09e-02 1.0e+00 1.0e+00 1.00e-01
16 6.2e+06 2.6e-86 1.4e-92 +7.39e+07 -2.36e-02 1.0e+00 1.0e+00 1.00e-01
17 6.2e+05 2.8e-86 3.1e-92 +7.43e+06 -2.61e-02 1.0e+00 1.0e+00 1.00e-01
18 6.2e+04 2.8e-86 6.9e-92 +7.44e+05 -2.83e-02 1.0e+00 1.0e+00 1.00e-01
19 6.2e+03 2.9e-86 2.8e-91 +7.44e+04 -3.04e-02 1.0e+00 1.0e+00 1.00e-01
20 6.2e+02 2.9e-86 9.6e-91 +7.44e+03 -3.22e-02 1.0e+00 1.0e+00 1.00e-01
21 6.2e+01 3.3e-86 3.6e-90 +7.45e+02 -3.37e-02 1.0e+00 3.0e+01 1.00e-01
22 6.3e+00 3.5e-86 4.7e-88 +7.55e+01 -2.80e-02 9.8e-01 1.9e+01 1.00e-01
23 7.2e-01 3.3e-86 7.6e-87 +8.80e+00 +1.82e-01 9.1e-01 3.4e+00 1.00e-01
24 1.1e-01 3.4e-86 1.9e-86 +1.84e+00 +5.19e-01 8.5e-01 1.1e+00 1.00e-01
25 2.1e-02 3.5e-86 2.7e-87 +1.02e+00 +7.73e-01 8.9e-01 9.1e-01 1.00e-01
26 4.0e-03 3.3e-86 2.9e-88 +9.13e-01 +8.64e-01 9.2e-01 9.1e-01 1.00e-01
27 7.1e-04 3.4e-86 7.2e-89 +8.96e-01 +8.88e-01 9.6e-01 8.7e-01 1.00e-01
28 1.4e-04 3.3e-86 7.0e-90 +8.94e-01 +8.92e-01 9.9e-01 9.3e-01 1.00e-01
29 2.1e-05 3.3e-86 3.1e-90 +8.94e-01 +8.93e-01 9.8e-01 9.9e-01 1.00e-01
30 2.3e-06 3.4e-86 1.7e-90 +8.94e-01 +8.94e-01 9.8e-01 1.0e+00 1.00e-01
31 2.4e-07 3.3e-86 1.5e-90 +8.94e-01 +8.94e-01 9.9e-01 1.0e+00 1.00e-01
32 2.5e-08 3.4e-86 1.5e-88 +8.94e-01 +8.94e-01 9.9e-01 1.0e+00 1.00e-01
33 2.5e-09 3.3e-86 2.0e-88 +8.94e-01 +8.94e-01 9.9e-01 1.0e+00 1.00e-01
34 2.5e-10 3.4e-86 6.6e-88 +8.94e-01 +8.94e-01 9.9e-01 1.0e+00 1.00e-01
35 2.5e-11 3.3e-86 5.1e-88 +8.94e-01 +8.94e-01 9.9e-01 1.0e+00 1.00e-01
36 2.5e-12 3.3e-86 4.7e-88 +8.94e-01 +8.94e-01 9.9e-01 1.0e+00 1.00e-01
37 2.5e-13 3.2e-86 4.7e-88 +8.94e-01 +8.94e-01 9.9e-01 1.0e+00 1.00e-01
38 2.5e-14 3.1e-86 8.2e-88 +8.94e-01 +8.94e-01 9.9e-01 1.0e+00 1.00e-01
39 2.5e-15 3.1e-86 7.7e-88 +8.94e-01 +8.94e-01 9.9e-01 1.0e+00 1.00e-01
40 2.5e-16 3.1e-86 9.4e-88 +8.94e-01 +8.94e-01 9.9e-01 1.0e+00 1.00e-01
41 2.5e-17 3.0e-86 6.7e-88 +8.94e-01 +8.94e-01 9.9e-01 1.0e+00 1.00e-01
42 2.5e-18 2.9e-86 1.0e-87 +8.94e-01 +8.94e-01 9.9e-01 1.0e+00 1.00e-01
43 2.5e-19 2.9e-86 8.7e-88 +8.94e-01 +8.94e-01 9.9e-01 1.0e+00 1.00e-01
44 2.5e-20 2.8e-86 9.5e-88 +8.94e-01 +8.94e-01 9.9e-01 1.0e+00 1.00e-01
45 2.5e-21 2.8e-86 1.4e-86 +8.94e-01 +8.94e-01 9.9e-01 1.0e+00 1.00e-01
46 2.5e-22 2.8e-86 8.0e-85 +8.94e-01 +8.94e-01 9.9e-01 1.0e+00 1.00e-01
47 2.5e-23 2.7e-86 4.6e-85 +8.94e-01 +8.94e-01 9.9e-01 1.0e+00 1.00e-01
48 2.5e-24 2.6e-86 1.4e-85 +8.94e-01 +8.94e-01 9.9e-01 1.0e+00 1.00e-01
49 2.5e-25 2.6e-86 1.1e-84 +8.94e-01 +8.94e-01 9.9e-01 1.0e+00 1.00e-01
50 2.5e-26 2.5e-86 2.9e-84 +8.94e-01 +8.94e-01 9.9e-01 1.0e+00 1.00e-01
51 2.5e-27 2.4e-86 3.7e-84 +8.94e-01 +8.94e-01 9.9e-01 1.0e+00 1.00e-01
52 2.5e-28 2.3e-86 1.7e-86 +8.94e-01 +8.94e-01 9.9e-01 1.0e+00 1.00e-01
53 2.5e-29 2.3e-86 9.0e-88 +8.94e-01 +8.94e-01 9.9e-01 1.0e+00 1.00e-01
54 2.5e-30 2.3e-86 1.1e-87 +8.94e-01 +8.94e-01 9.9e-01 1.0e+00 1.00e-01
55 2.5e-31 2.2e-86 9.2e-88 +8.94e-01 +8.94e-01 9.9e-01 1.0e+00 1.00e-01
56 2.5e-32 2.2e-86 1.2e-87 +8.94e-01 +8.94e-01 9.9e-01 1.0e+00 1.00e-01

phase.value = pdOPT     
   Iteration = 56
          mu = 2.4792008107978605e-32
relative gap = 2.9750409729574326e-31
         gap = 2.9750409729574326e-31
      digits = 3.0477669879286250e+01
objValPrimal = 8.9364047471933836e-01
objValDual   = 8.9364047471933836e-01
p.feas.error = 2.2454038243245556e-76
d.feas.error = 1.4814761930400572e-76
relative eps = 8.6361685550944446e-78
total time   = 0.100


Parameters are
maxIteration =    200
epsilonStar  = 1.000e-30
lambdaStar   = 1.000e+10
omegaStar    = 2.000e+00
lowerBound   = -1.000e+05
upperBound   = 1.000e+05
betaStar     = 1.000e-01
betaBar      = 3.000e-01
gammaStar    = 9.000e-01
epsilonDash  = 1.000e-30
precision    =    200

                         Time(sec)  Ratio(% : MainLoop) 
 Predictor time  =       0.020000,  20.000000
 Corrector time  =       0.000000,  0.000000
 Make bMat time  =       0.010000,  10.000000
 Make bDia time  =       0.000000,  0.000000
 Make bF1  time  =       0.000000,  0.000000
 Make bF2  time  =       0.010000,  10.000000
 Make bF3  time  =       0.000000,  0.000000
 Make bPRE time  =       0.000000,  0.000000
 Make rMat time  =       0.000000,  0.000000
 Make gVec Mul   =       0.000000,  0.000000
 Make gVec time  =       0.000000,  0.000000
 Cholesky bMat   =       0.000000,  0.000000
 Ste Pre time    =       0.000000,  0.000000
 Ste Cor time    =       0.060000,  60.000000
 solve           =       0.000000,  0.000000
 sumDz           =       0.000000,  0.000000
 makedX          =       0.010000,  10.000000
 symmetriseDx    =       0.000000,  0.000000
 makedXdZ        =       0.010000,  10.000000
 xMatTime        =       0.000000,  0.000000
 zMatTime        =       0.000000,  0.000000
 invzMatTime     =       0.000000,  0.000000
 xMatzMatTime    =       0.000000,  0.000000
 EigxMatTime     =       0.040000,  40.000000
 EigzMatTime     =       0.020000,  20.000000
 EigxMatzMatTime =       0.000000,  0.000000
 updateRes       =       0.010000,  10.000000
 EigTime         =       0.060000,  60.000000
 sub_total_bMat  =       0.090000,  90.000000
 Main Loop       =       0.100000,  100.000000
 File Check      =       0.000000,  0.000000
 File Change     =       0.000000,  0.000000
 File Read       =       0.000000,  0.000000
 Total           =       0.100000,  100.000000

xVec = 
{-8.936404747193e-01,+5.108101842633e-02,-1.401066567258e-01,-3.604478227746e-02,+6.650521936740e-01,-1.427640178142e-02,-1.697919637819e-02,+1.387116035388e-02}
xMat = 
{
{ {+1.893640474719e+00,+5.108101842633e-02,-1.401066567258e-01,-3.604478227746e-02,+6.650521936740e-01,-1.427640178142e-02 },
  {+5.108101842633e-02,+7.535338179935e-01,-3.604478227746e-02,+6.650521936740e-01,-1.427640178142e-02,-1.697919637819e-02 },
  {-1.401066567258e-01,-3.604478227746e-02,+1.558692668393e+00,-1.427640178142e-02,-1.697919637819e-02,+1.387116035388e-02 },
  {-3.604478227746e-02,+6.650521936740e-01,-1.427640178142e-02,+8.766612783411e-01,+1.387116035388e-02,-5.830806345491e-01 },
  {+6.650521936740e-01,-1.427640178142e-02,-1.697919637819e-02,+1.387116035388e-02,+3.105598401703e-01,-1.291833220348e-01 },
  {-1.427640178142e-02,-1.697919637819e-02,+1.387116035388e-02,-5.830806345491e-01,-1.291833220348e-01,+1.135124617143e+00 }   }
{ {+9.447214931457e-01,-1.401066567258e-01,-3.604478227746e-02,+6.650521936740e-01,-1.427640178142e-02,-1.697919637819e-02 },
  {-1.401066567258e-01,+8.575956924419e-01,+6.650521936740e-01,-1.427640178142e-02,-1.697919637819e-02,+1.387116035388e-02 },
  {-3.604478227746e-02,+6.650521936740e-01,+8.793640729379e-01,-1.697919637819e-02,+1.387116035388e-02,-5.830806345491e-01 },
  {+6.650521936740e-01,-1.427640178142e-02,-1.697919637819e-02,+9.075116350732e-01,-5.830806345491e-01,-1.291833220348e-01 },
  {-1.427640178142e-02,-1.697919637819e-02,+1.387116035388e-02,-5.830806345491e-01,+7.644571526845e-01,+2.414841424241e-01 },
  {-1.697919637819e-02,+1.387116035388e-02,-5.830806345491e-01,-1.291833220348e-01,+2.414841424241e-01,+1.091188364999e+00 }   }
}
yMat = 
{
{ {+6.108817660828e-32,+4.154584234860e-23,+6.750493011818e-25,-4.779823047716e-23,-6.168376014430e-24,-2.464136724718e-23 },
  {+4.154584234860e-23,+2.041031115058e-01,+3.316328522156e-03,-2.348193468165e-01,-3.030350663532e-02,-1.210561499948e-01 },
  {+6.750493011818e-25,+3.316328522156e-03,+5.388469967814e-05,-3.815415118645e-03,-4.923804572826e-04,-1.966956603690e-03 },
  {-4.779823047716e-23,-2.348193468165e-01,-3.815415118645e-03,+2.701581824625e-01,+3.486399389925e-02,+1.392743396227e-01 },
  {-6.168376014430e-24,-3.030350663532e-02,-4.923804572826e-04,+3.486399389925e-02,+4.499208795112e-03,+1.797339500387e-02 },
  {-2.464136724718e-23,-1.210561499948e-01,-1.966956603690e-03,+1.392743396227e-01,+1.797339500387e-02,+7.179994142885e-02 }   }
{ {+5.267149004784e-02,-3.065963485125e-02,+4.642784954654e-02,-7.946888394570e-02,-7.139147170764e-02,+3.240928815626e-02 },
  {-3.065963485125e-02,+4.830782192060e-02,-6.544051746953e-02,+5.025652373582e-02,+5.325465094307e-02,-4.189524966166e-02 },
  {+4.642784954654e-02,-6.544051746953e-02,+8.937075424694e-02,-7.509111732893e-02,-7.768175753962e-02,+5.761131094208e-02 },
  {-7.946888394570e-02,+5.025652373582e-02,-7.509111732893e-02,+1.204246720657e-01,+1.092484557561e-01,-5.192093565280e-02 },
  {-7.139147170764e-02,+5.325465094307e-02,-7.768175753962e-02,+1.092484557561e-01,+1.012573242308e-01,-5.277233849911e-02 },
  {+3.240928815626e-02,-4.189524966166e-02,+5.761131094208e-02,-5.192093565280e-02,-5.277233849911e-02,+3.735360859619e-02 }   }
}
    main loop time = 0.100000
        total time = 0.100000
  file   read time = 0.000000
