SDPA-GMP start at Wed Jun  5 23:35:11 2024
*SDP Scan Problem: V = x^2 - 2*x^4 + x^8
* K = 6; eval = -7.889447236180905; Domain = R+ with BCs: Neumann
data      is /Users/gorg/qmBoot/data/K=6_BC-Neumann_V_0.0_0.0_1.0_0.0_-2.0_0.0_0.0_0.0_1.0/e=-7.889447236180905_K=6_D=R+.dat
parameter is ./param.sdpa
out       is /Users/gorg/qmBoot/data/K=6_BC-Neumann_V_0.0_0.0_1.0_0.0_-2.0_0.0_0.0_0.0_1.0/e=-7.889447236180905_K=6_D=R+.out
DENSE computation
   mu      thetaP  thetaD  objP      objD      alphaP  alphaD  beta 
 0 1.0e+20 1.0e+00 1.0e+00 +0.00e+00 +3.64e+09 1.0e+00 9.0e-01 3.00e-01
 1 1.6e+19 8.6e-88 1.0e-01 +1.60e+10 +3.64e+08 9.0e-01 9.0e-01 3.00e-01
 2 2.5e+18 2.6e-87 1.0e-02 +2.46e+10 +3.64e+07 9.0e-01 9.0e-01 3.00e-01
 3 3.8e+17 4.3e-87 1.0e-03 +3.79e+10 +3.64e+06 9.0e-01 9.0e-01 3.00e-01
 4 5.8e+16 6.0e-87 1.0e-04 +5.84e+10 +3.64e+05 9.0e-01 9.0e-01 3.00e-01
 5 9.0e+15 7.8e-87 1.0e-05 +9.00e+10 +3.64e+04 9.0e-01 9.0e-01 3.00e-01
 6 1.4e+15 1.1e-86 1.0e-06 +1.39e+11 +3.64e+03 9.0e-01 9.0e-01 3.00e-01
 7 2.1e+14 1.2e-86 1.0e-07 +2.13e+11 +3.64e+02 9.0e-01 9.0e-01 3.00e-01
 8 3.3e+13 1.4e-86 1.0e-08 +3.29e+11 +3.63e+01 9.0e-01 9.0e-01 3.00e-01
 9 5.1e+12 1.6e-86 1.0e-09 +5.05e+11 +3.54e+00 9.0e-01 9.0e-01 3.00e-01
10 8.3e+11 1.7e-86 9.9e-11 +7.69e+11 +2.70e-01 9.1e-01 9.1e-01 3.00e-01
11 1.8e+11 1.8e-86 8.7e-12 +1.05e+12 -5.27e-02 1.7e+00 1.0e+00 3.00e-01
12 4.0e+10 1.9e-86 5.6e-94 +4.79e+11 -5.61e-02 9.6e-01 9.0e+01 1.00e-01
13 5.4e+09 1.6e-86 9.0e-92 +6.47e+10 +5.66e-03 9.9e-01 9.9e-01 1.00e-01
14 6.0e+08 1.6e-86 2.0e-93 +7.18e+09 +1.92e-03 1.0e+00 1.0e+00 1.00e-01
15 6.2e+07 2.0e-86 2.9e-93 +7.40e+08 -1.91e-03 1.0e+00 1.0e+00 1.00e-01
16 6.2e+06 1.9e-86 1.1e-92 +7.49e+07 -5.67e-03 1.0e+00 1.0e+00 1.00e-01
17 6.3e+05 2.1e-86 3.7e-92 +7.53e+06 -9.13e-03 1.0e+00 1.0e+00 1.00e-01
18 6.3e+04 2.5e-86 1.4e-91 +7.54e+05 -1.23e-02 1.0e+00 1.0e+00 1.00e-01
19 6.3e+03 2.7e-86 3.6e-91 +7.55e+04 -1.51e-02 1.0e+00 1.0e+00 1.00e-01
20 6.3e+02 2.5e-86 1.1e-90 +7.55e+03 -1.77e-02 1.0e+00 1.0e+00 1.00e-01
21 6.3e+01 2.8e-86 4.1e-90 +7.56e+02 -1.98e-02 1.0e+00 1.0e+00 1.00e-01
22 6.4e+00 2.9e-86 1.0e-89 +7.67e+01 -1.99e-02 9.8e-01 1.9e+01 1.00e-01
23 7.0e-01 2.9e-86 8.2e-88 +8.73e+00 +3.04e-01 9.1e-01 4.2e+00 1.00e-01
24 1.0e-01 3.0e-86 1.9e-87 +1.87e+00 +6.75e-01 8.7e-01 1.1e+00 1.00e-01
25 1.8e-02 3.1e-86 2.0e-88 +1.10e+00 +8.81e-01 8.9e-01 9.3e-01 1.00e-01
26 3.3e-03 2.9e-86 1.7e-89 +9.97e-01 +9.58e-01 9.0e-01 9.4e-01 1.00e-01
27 5.5e-04 2.9e-86 7.2e-89 +9.84e-01 +9.77e-01 9.3e-01 8.9e-01 1.00e-01
28 1.0e-04 3.0e-86 6.5e-90 +9.82e-01 +9.81e-01 9.9e-01 9.1e-01 1.00e-01
29 1.7e-05 2.9e-86 4.2e-90 +9.82e-01 +9.82e-01 9.7e-01 9.9e-01 1.00e-01
30 1.9e-06 2.9e-86 6.3e-90 +9.82e-01 +9.82e-01 9.8e-01 1.0e+00 1.00e-01
31 2.0e-07 2.8e-86 4.8e-91 +9.82e-01 +9.82e-01 9.8e-01 1.0e+00 1.00e-01
32 2.0e-08 2.8e-86 9.4e-91 +9.82e-01 +9.82e-01 9.8e-01 1.0e+00 1.00e-01
33 2.0e-09 2.7e-86 2.3e-91 +9.82e-01 +9.82e-01 9.8e-01 1.0e+00 1.00e-01
34 2.0e-10 2.7e-86 7.7e-89 +9.82e-01 +9.82e-01 9.8e-01 1.0e+00 1.00e-01
35 2.0e-11 2.6e-86 3.2e-88 +9.82e-01 +9.82e-01 9.8e-01 1.0e+00 1.00e-01
36 2.0e-12 2.5e-86 4.9e-88 +9.82e-01 +9.82e-01 9.8e-01 1.0e+00 1.00e-01
37 2.0e-13 2.4e-86 2.9e-88 +9.82e-01 +9.82e-01 9.8e-01 1.0e+00 1.00e-01
38 2.0e-14 2.4e-86 4.5e-88 +9.82e-01 +9.82e-01 9.8e-01 1.0e+00 1.00e-01
39 2.0e-15 2.3e-86 5.9e-88 +9.82e-01 +9.82e-01 9.8e-01 1.0e+00 1.00e-01
40 2.0e-16 2.3e-86 4.3e-88 +9.82e-01 +9.82e-01 9.8e-01 1.0e+00 1.00e-01
41 2.0e-17 2.2e-86 6.3e-88 +9.82e-01 +9.82e-01 9.8e-01 1.0e+00 1.00e-01
42 2.0e-18 2.2e-86 7.6e-88 +9.82e-01 +9.82e-01 9.8e-01 1.0e+00 1.00e-01
43 2.0e-19 2.2e-86 7.7e-88 +9.82e-01 +9.82e-01 9.8e-01 1.0e+00 1.00e-01
44 2.0e-20 2.2e-86 7.9e-88 +9.82e-01 +9.82e-01 9.8e-01 1.0e+00 1.00e-01
45 2.0e-21 2.2e-86 6.4e-87 +9.82e-01 +9.82e-01 9.8e-01 1.0e+00 1.00e-01
46 2.0e-22 2.2e-86 5.2e-86 +9.82e-01 +9.82e-01 9.8e-01 1.0e+00 1.00e-01
47 2.0e-23 2.1e-86 4.4e-86 +9.82e-01 +9.82e-01 9.8e-01 1.0e+00 1.00e-01
48 2.0e-24 2.1e-86 8.2e-86 +9.82e-01 +9.82e-01 9.8e-01 1.0e+00 1.00e-01
49 2.0e-25 2.1e-86 7.6e-86 +9.82e-01 +9.82e-01 9.8e-01 1.0e+00 1.00e-01
50 2.0e-26 2.1e-86 8.8e-88 +9.82e-01 +9.82e-01 9.8e-01 1.0e+00 1.00e-01
51 2.0e-27 2.0e-86 6.3e-88 +9.82e-01 +9.82e-01 9.8e-01 1.0e+00 1.00e-01
52 2.0e-28 2.0e-86 9.9e-88 +9.82e-01 +9.82e-01 9.8e-01 1.0e+00 1.00e-01
53 2.0e-29 2.0e-86 8.9e-88 +9.82e-01 +9.82e-01 9.8e-01 1.0e+00 1.00e-01
54 2.0e-30 2.0e-86 9.3e-88 +9.82e-01 +9.82e-01 9.8e-01 1.0e+00 1.00e-01
55 2.0e-31 2.0e-86 9.5e-88 +9.82e-01 +9.82e-01 9.8e-01 1.0e+00 1.00e-01
56 2.0e-32 2.0e-86 7.4e-88 +9.82e-01 +9.82e-01 9.8e-01 1.0e+00 1.00e-01

phase.value = pdOPT     
   Iteration = 56
          mu = 2.0068789398172281e-32
relative gap = 2.4082547277806737e-31
         gap = 2.4082547277806737e-31
      digits = 3.0610336694214809e+01
objValPrimal = 9.8183637045748043e-01
objValDual   = 9.8183637045748043e-01
p.feas.error = 1.9662319767268744e-76
d.feas.error = 8.8451541635400360e-77
relative eps = 8.6361685550944446e-78
total time   = 0.110


Parameters are
maxIteration =    200
epsilonStar  = 1.000e-30
lambdaStar   = 1.000e+10
omegaStar    = 2.000e+00
lowerBound   = -1.000e+05
upperBound   = 1.000e+05
betaStar     = 1.000e-01
betaBar      = 3.000e-01
gammaStar    = 9.000e-01
epsilonDash  = 1.000e-30
precision    =    200

                         Time(sec)  Ratio(% : MainLoop) 
 Predictor time  =       0.050000,  45.454545
 Corrector time  =       0.020000,  18.181818
 Make bMat time  =       0.040000,  36.363636
 Make bDia time  =       0.000000,  0.000000
 Make bF1  time  =       0.020000,  18.181818
 Make bF2  time  =       0.020000,  18.181818
 Make bF3  time  =       0.000000,  0.000000
 Make bPRE time  =       0.010000,  9.090909
 Make rMat time  =       0.020000,  18.181818
 Make gVec Mul   =       0.000000,  0.000000
 Make gVec time  =       0.000000,  0.000000
 Cholesky bMat   =       0.000000,  0.000000
 Ste Pre time    =       0.000000,  0.000000
 Ste Cor time    =       0.030000,  27.272727
 solve           =       0.000000,  0.000000
 sumDz           =       0.000000,  0.000000
 makedX          =       0.010000,  9.090909
 symmetriseDx    =       0.000000,  0.000000
 makedXdZ        =       0.010000,  9.090909
 xMatTime        =       0.000000,  0.000000
 zMatTime        =       0.000000,  0.000000
 invzMatTime     =       0.000000,  0.000000
 xMatzMatTime    =       0.000000,  0.000000
 EigxMatTime     =       0.010000,  9.090909
 EigzMatTime     =       0.020000,  18.181818
 EigxMatzMatTime =       0.000000,  0.000000
 updateRes       =       0.010000,  9.090909
 EigTime         =       0.030000,  27.272727
 sub_total_bMat  =       0.070000,  63.636364
 Main Loop       =       0.110000,  100.000000
 File Check      =       0.000000,  0.000000
 File Change     =       0.000000,  0.000000
 File Read       =       0.000000,  0.000000
 Total           =       0.110000,  100.000000

xVec = 
{-9.818363704575e-01,+5.062346872374e-02,-1.451866182107e-01,-3.861710995251e-02,+7.352032802745e-01,-1.627102302657e-02,-2.017833318487e-02,+1.681207950726e-02}
xMat = 
{
{ {+1.981836370457e+00,+5.062346872374e-02,-1.451866182107e-01,-3.861710995251e-02,+7.352032802745e-01,-1.627102302657e-02 },
  {+5.062346872374e-02,+8.366497522468e-01,-3.861710995251e-02,+7.352032802745e-01,-1.627102302657e-02,-2.017833318487e-02 },
  {-1.451866182107e-01,-3.861710995251e-02,+1.717039650732e+00,-1.627102302657e-02,-2.017833318487e-02,+1.681207950726e-02 },
  {-3.861710995251e-02,+7.352032802745e-01,-1.627102302657e-02,+9.616580372726e-01,+1.681207950726e-02,-6.375708636225e-01 },
  {+7.352032802745e-01,-1.627102302657e-02,-2.017833318487e-02,+1.681207950726e-02,+3.442655068350e-01,-1.412697970919e-01 },
  {-1.627102302657e-02,-2.017833318487e-02,+1.681207950726e-02,-6.375708636225e-01,-1.412697970919e-01,+1.238083518796e+00 }   }
{ {+1.032459839181e+00,-1.451866182107e-01,-3.861710995251e-02,+7.352032802745e-01,-1.627102302657e-02,-2.017833318487e-02 },
  {-1.451866182107e-01,+9.432192605050e-01,+7.352032802745e-01,-1.627102302657e-02,-2.017833318487e-02,+1.681207950726e-02 },
  {-3.861710995251e-02,+7.352032802745e-01,+9.655653474309e-01,-2.017833318487e-02,+1.681207950726e-02,-6.375708636225e-01 },
  {+7.352032802745e-01,-1.627102302657e-02,-2.017833318487e-02,+9.986484499647e-01,-6.375708636225e-01,-1.412697970919e-01 },
  {-1.627102302657e-02,-2.017833318487e-02,+1.681207950726e-02,-6.375708636225e-01,+8.405665733656e-01,+2.562471483387e-01 },
  {-2.017833318487e-02,+1.681207950726e-02,-6.375708636225e-01,-1.412697970919e-01,+2.562471483387e-01,+1.207525306345e+00 }   }
}
yMat = 
{
{ {+5.773383242144e-32,+5.958625261090e-23,+9.366497977422e-25,-6.891703409550e-23,-8.323093985927e-24,-3.548120126771e-23 },
  {+5.958625261090e-23,+1.979814824343e-01,+3.112115742615e-03,-2.289839682130e-01,-2.765433951328e-02,-1.178899580726e-01 },
  {+9.366497977422e-25,+3.112115742615e-03,+4.892005189749e-05,-3.599450835097e-03,-4.347048233636e-04,-1.853138939576e-03 },
  {-6.891703409550e-23,-2.289839682130e-01,-3.599450835097e-03,+2.648412217842e-01,+3.198481151973e-02,+1.363506833064e-01 },
  {-8.323093985927e-24,-2.765433951328e-02,-4.347048233636e-04,+3.198481151973e-02,+3.862798098652e-03,+1.646703967291e-02 },
  {-3.548120126771e-23,-1.178899580726e-01,-1.853138939576e-03,+1.363506833064e-01,+1.646703967291e-02,+7.019869759274e-02 }   }
{ {+5.789125844929e-02,-3.335757134445e-02,+4.946272800250e-02,-8.604987739916e-02,-7.619679520424e-02,+3.365057113333e-02 },
  {-3.335757134445e-02,+4.860612952584e-02,-6.533147683339e-02,+5.309246643420e-02,+5.463118096793e-02,-4.111088895748e-02 },
  {+4.946272800250e-02,-6.533147683339e-02,+8.842367936055e-02,-7.792049173111e-02,-7.854648882076e-02,+5.597588420245e-02 },
  {-8.604987739916e-02,+5.309246643420e-02,-7.792049173111e-02,+1.283241656479e-01,+1.145403493360e-01,-5.261262996370e-02 },
  {-7.619679520424e-02,+5.463118096793e-02,-7.854648882076e-02,+1.145403493360e-01,+1.042056148396e-01,-5.221939465276e-02 },
  {+3.365057113333e-02,-4.111088895748e-02,+5.597588420245e-02,-5.261262996370e-02,-5.221939465276e-02,+3.561603221504e-02 }   }
}
    main loop time = 0.110000
        total time = 0.110000
  file   read time = 0.000000
