SDPA-GMP start at Wed Jun  5 23:35:11 2024
*SDP Scan Problem: V = x^2 - 2*x^4 + x^8
* K = 6; eval = -7.28643216080402; Domain = R+ with BCs: Neumann
data      is /Users/gorg/qmBoot/data/K=6_BC-Neumann_V_0.0_0.0_1.0_0.0_-2.0_0.0_0.0_0.0_1.0/e=-7.28643216080402_K=6_D=R+.dat
parameter is ./param.sdpa
out       is /Users/gorg/qmBoot/data/K=6_BC-Neumann_V_0.0_0.0_1.0_0.0_-2.0_0.0_0.0_0.0_1.0/e=-7.28643216080402_K=6_D=R+.out
DENSE computation
   mu      thetaP  thetaD  objP      objD      alphaP  alphaD  beta 
 0 1.0e+20 1.0e+00 1.0e+00 +0.00e+00 +2.43e+09 1.0e+00 9.0e-01 3.00e-01
 1 1.6e+19 8.6e-88 1.0e-01 +1.60e+10 +2.43e+08 9.0e-01 9.0e-01 3.00e-01
 2 2.5e+18 1.7e-87 1.0e-02 +2.46e+10 +2.43e+07 9.0e-01 9.0e-01 3.00e-01
 3 3.8e+17 4.3e-87 1.0e-03 +3.79e+10 +2.43e+06 9.0e-01 9.0e-01 3.00e-01
 4 5.8e+16 6.0e-87 1.0e-04 +5.84e+10 +2.43e+05 9.0e-01 9.0e-01 3.00e-01
 5 9.0e+15 7.8e-87 1.0e-05 +9.00e+10 +2.43e+04 9.0e-01 9.0e-01 3.00e-01
 6 1.4e+15 9.5e-87 1.0e-06 +1.39e+11 +2.43e+03 9.0e-01 9.0e-01 3.00e-01
 7 2.1e+14 1.2e-86 1.0e-07 +2.13e+11 +2.43e+02 9.0e-01 9.0e-01 3.00e-01
 8 3.3e+13 1.2e-86 1.0e-08 +3.29e+11 +2.42e+01 9.0e-01 9.0e-01 3.00e-01
 9 5.1e+12 1.3e-86 1.0e-09 +5.05e+11 +2.34e+00 9.0e-01 9.0e-01 3.00e-01
10 8.3e+11 1.6e-86 9.9e-11 +7.69e+11 +1.50e-01 9.1e-01 9.1e-01 3.00e-01
11 1.8e+11 1.6e-86 8.5e-12 +1.05e+12 -6.43e-02 1.7e+00 1.0e+00 3.00e-01
12 4.0e+10 1.6e-86 3.0e-94 +4.76e+11 -6.04e-02 9.6e-01 9.0e+01 1.00e-01
13 5.3e+09 1.6e-86 6.0e-92 +6.42e+10 -1.29e-02 9.9e-01 9.9e-01 1.00e-01
14 5.9e+08 1.4e-86 1.7e-93 +7.10e+09 -1.56e-02 1.0e+00 1.0e+00 1.00e-01
15 6.1e+07 1.4e-86 3.3e-93 +7.31e+08 -1.84e-02 1.0e+00 1.0e+00 1.00e-01
16 6.2e+06 1.7e-86 9.1e-93 +7.41e+07 -2.12e-02 1.0e+00 1.0e+00 1.00e-01
17 6.2e+05 2.0e-86 2.7e-92 +7.44e+06 -2.38e-02 1.0e+00 1.0e+00 1.00e-01
18 6.2e+04 2.1e-86 1.1e-91 +7.46e+05 -2.62e-02 1.0e+00 1.0e+00 1.00e-01
19 6.2e+03 2.2e-86 2.7e-91 +7.46e+04 -2.83e-02 1.0e+00 1.0e+00 1.00e-01
20 6.2e+02 2.2e-86 1.2e-90 +7.46e+03 -3.02e-02 1.0e+00 1.0e+00 1.00e-01
21 6.2e+01 2.4e-86 3.0e-90 +7.47e+02 -3.18e-02 1.0e+00 3.0e+01 1.00e-01
22 6.3e+00 2.5e-86 4.1e-88 +7.57e+01 -2.73e-02 9.8e-01 1.9e+01 1.00e-01
23 7.2e-01 2.5e-86 6.5e-87 +8.83e+00 +1.89e-01 9.1e-01 3.4e+00 1.00e-01
24 1.1e-01 2.3e-86 1.6e-86 +1.86e+00 +5.29e-01 8.5e-01 1.1e+00 1.00e-01
25 2.1e-02 2.6e-86 2.2e-87 +1.04e+00 +7.85e-01 8.9e-01 9.1e-01 1.00e-01
26 4.1e-03 2.3e-86 2.9e-88 +9.25e-01 +8.76e-01 9.2e-01 9.1e-01 1.00e-01
27 7.2e-04 2.3e-86 7.2e-89 +9.09e-01 +9.00e-01 9.6e-01 8.7e-01 1.00e-01
28 1.4e-04 2.3e-86 7.7e-90 +9.07e-01 +9.05e-01 1.0e+00 9.3e-01 1.00e-01
29 2.1e-05 2.4e-86 4.9e-90 +9.06e-01 +9.06e-01 9.8e-01 9.9e-01 1.00e-01
30 2.4e-06 2.3e-86 2.2e-90 +9.06e-01 +9.06e-01 9.9e-01 1.0e+00 1.00e-01
31 2.5e-07 2.3e-86 3.6e-91 +9.06e-01 +9.06e-01 9.9e-01 1.0e+00 1.00e-01
32 2.5e-08 2.3e-86 1.3e-88 +9.06e-01 +9.06e-01 9.9e-01 1.0e+00 1.00e-01
33 2.5e-09 2.2e-86 2.3e-88 +9.06e-01 +9.06e-01 9.9e-01 1.0e+00 1.00e-01
34 2.5e-10 2.2e-86 7.4e-88 +9.06e-01 +9.06e-01 9.9e-01 1.0e+00 1.00e-01
35 2.5e-11 2.2e-86 7.1e-88 +9.06e-01 +9.06e-01 9.9e-01 1.0e+00 1.00e-01
36 2.5e-12 2.1e-86 4.3e-88 +9.06e-01 +9.06e-01 9.9e-01 1.0e+00 1.00e-01
37 2.5e-13 2.0e-86 6.8e-88 +9.06e-01 +9.06e-01 9.9e-01 1.0e+00 1.00e-01
38 2.5e-14 2.0e-86 9.1e-88 +9.06e-01 +9.06e-01 9.9e-01 1.0e+00 1.00e-01
39 2.5e-15 1.9e-86 1.0e-87 +9.06e-01 +9.06e-01 9.9e-01 1.0e+00 1.00e-01
40 2.5e-16 1.8e-86 1.2e-87 +9.06e-01 +9.06e-01 9.9e-01 1.0e+00 1.00e-01
41 2.5e-17 1.8e-86 8.4e-88 +9.06e-01 +9.06e-01 9.9e-01 1.0e+00 1.00e-01
42 2.5e-18 1.8e-86 8.6e-88 +9.06e-01 +9.06e-01 9.9e-01 1.0e+00 1.00e-01
43 2.5e-19 1.8e-86 1.1e-87 +9.06e-01 +9.06e-01 9.9e-01 1.0e+00 1.00e-01
44 2.5e-20 1.8e-86 1.1e-87 +9.06e-01 +9.06e-01 9.9e-01 1.0e+00 1.00e-01
45 2.5e-21 1.8e-86 1.7e-85 +9.06e-01 +9.06e-01 9.9e-01 1.0e+00 1.00e-01
46 2.5e-22 1.7e-86 6.0e-85 +9.06e-01 +9.06e-01 9.9e-01 1.0e+00 1.00e-01
47 2.5e-23 1.7e-86 5.7e-85 +9.06e-01 +9.06e-01 9.9e-01 1.0e+00 1.00e-01
48 2.5e-24 1.7e-86 2.8e-85 +9.06e-01 +9.06e-01 9.9e-01 1.0e+00 1.00e-01
49 2.5e-25 1.6e-86 1.3e-84 +9.06e-01 +9.06e-01 9.9e-01 1.0e+00 1.00e-01
50 2.5e-26 1.5e-86 4.4e-84 +9.06e-01 +9.06e-01 9.9e-01 1.0e+00 1.00e-01
51 2.5e-27 1.5e-86 2.9e-84 +9.06e-01 +9.06e-01 9.9e-01 1.0e+00 1.00e-01
52 2.5e-28 1.4e-86 1.2e-86 +9.06e-01 +9.06e-01 9.9e-01 1.0e+00 1.00e-01
53 2.5e-29 1.4e-86 5.8e-88 +9.06e-01 +9.06e-01 9.9e-01 1.0e+00 1.00e-01
54 2.5e-30 1.4e-86 1.5e-87 +9.06e-01 +9.06e-01 9.9e-01 1.0e+00 1.00e-01
55 2.5e-31 1.4e-86 8.0e-88 +9.06e-01 +9.06e-01 9.9e-01 1.0e+00 1.00e-01
56 2.5e-32 1.4e-86 1.3e-87 +9.06e-01 +9.06e-01 9.9e-01 1.0e+00 1.00e-01

phase.value = pdOPT     
   Iteration = 56
          mu = 2.5097394056641002e-32
relative gap = 3.0116872867969202e-31
         gap = 3.0116872867969202e-31
      digits = 3.0478428503217657e+01
objValPrimal = 9.0622988282793304e-01
objValDual   = 9.0622988282793304e-01
p.feas.error = 1.3691147387482464e-76
d.feas.error = 1.6028813912478286e-76
relative eps = 8.6361685550944446e-78
total time   = 0.110


Parameters are
maxIteration =    200
epsilonStar  = 1.000e-30
lambdaStar   = 1.000e+10
omegaStar    = 2.000e+00
lowerBound   = -1.000e+05
upperBound   = 1.000e+05
betaStar     = 1.000e-01
betaBar      = 3.000e-01
gammaStar    = 9.000e-01
epsilonDash  = 1.000e-30
precision    =    200

                         Time(sec)  Ratio(% : MainLoop) 
 Predictor time  =       0.020000,  18.181818
 Corrector time  =       0.030000,  27.272727
 Make bMat time  =       0.020000,  18.181818
 Make bDia time  =       0.000000,  0.000000
 Make bF1  time  =       0.020000,  18.181818
 Make bF2  time  =       0.000000,  0.000000
 Make bF3  time  =       0.000000,  0.000000
 Make bPRE time  =       0.020000,  18.181818
 Make rMat time  =       0.010000,  9.090909
 Make gVec Mul   =       0.000000,  0.000000
 Make gVec time  =       0.000000,  0.000000
 Cholesky bMat   =       0.000000,  0.000000
 Ste Pre time    =       0.000000,  0.000000
 Ste Cor time    =       0.040000,  36.363636
 solve           =       0.010000,  9.090909
 sumDz           =       0.000000,  0.000000
 makedX          =       0.010000,  9.090909
 symmetriseDx    =       0.000000,  0.000000
 makedXdZ        =       0.010000,  9.090909
 xMatTime        =       0.000000,  0.000000
 zMatTime        =       0.010000,  9.090909
 invzMatTime     =       0.000000,  0.000000
 xMatzMatTime    =       0.000000,  0.000000
 EigxMatTime     =       0.020000,  18.181818
 EigzMatTime     =       0.020000,  18.181818
 EigxMatzMatTime =       0.000000,  0.000000
 updateRes       =       0.010000,  9.090909
 EigTime         =       0.040000,  36.363636
 sub_total_bMat  =       0.090000,  81.818182
 Main Loop       =       0.110000,  100.000000
 File Check      =       0.000000,  0.000000
 File Change     =       0.000000,  0.000000
 File Read       =       0.000000,  0.000000
 Total           =       0.110000,  100.000000

xVec = 
{-9.062298828279e-01,+5.101207168885e-02,-1.409224074897e-01,-3.644813800550e-02,+6.750366204423e-01,-1.459813670649e-02,-1.742778050630e-02,+1.424672919384e-02}
xMat = 
{
{ {+1.906229882828e+00,+5.101207168885e-02,-1.409224074897e-01,-3.644813800550e-02,+6.750366204423e-01,-1.459813670649e-02 },
  {+5.101207168885e-02,+7.653074753382e-01,-3.644813800550e-02,+6.750366204423e-01,-1.459813670649e-02,-1.742778050630e-02 },
  {-1.409224074897e-01,-3.644813800550e-02,+1.581266503270e+00,-1.459813670649e-02,-1.742778050630e-02,+1.424672919384e-02 },
  {-3.644813800550e-02,+6.750366204423e-01,-1.459813670649e-02,+8.888021023216e-01,+1.424672919384e-02,-5.908735246342e-01 },
  {+6.750366204423e-01,-1.459813670649e-02,-1.742778050630e-02,+1.424672919384e-02,+3.153563581938e-01,-1.309438966991e-01 },
  {-1.459813670649e-02,-1.742778050630e-02,+1.424672919384e-02,-5.908735246342e-01,-1.309438966991e-01,+1.149949939900e+00 }   }
{ {+9.572419545168e-01,-1.409224074897e-01,-3.644813800550e-02,+6.750366204423e-01,-1.459813670649e-02,-1.742778050630e-02 },
  {-1.409224074897e-01,+8.697817448224e-01,+6.750366204423e-01,-1.459813670649e-02,-1.742778050630e-02,+1.424672919384e-02 },
  {-3.644813800550e-02,+6.750366204423e-01,+8.916317461214e-01,-1.742778050630e-02,+1.424672919384e-02,-5.908735246342e-01 },
  {+6.750366204423e-01,-1.459813670649e-02,-1.742778050630e-02,+9.204766120218e-01,-5.908735246342e-01,-1.309438966991e-01 },
  {-1.459813670649e-02,-1.742778050630e-02,+1.424672919384e-02,-5.908735246342e-01,+7.752859861288e-01,+2.437200570716e-01 },
  {-1.742778050630e-02,+1.424672919384e-02,-5.908735246342e-01,-1.309438966991e-01,+2.437200570716e-01,+1.107771308309e+00 }   }
}
yMat = 
{
{ {+6.360084162788e-32,+4.351159847985e-23,+7.024840658461e-25,-5.009747537212e-23,-6.404843512764e-24,-2.581994528373e-23 },
  {+4.351159847985e-23,+2.032244645953e-01,+3.281009025298e-03,-2.339843389832e-01,-2.991434261104e-02,-1.205941573157e-01 },
  {+7.024840658461e-25,+3.281009025298e-03,+5.297108419265e-05,-3.777619636055e-03,-4.829597080652e-04,-1.946963026026e-03 },
  {-5.009747537212e-23,-2.339843389832e-01,-3.777619636055e-03,+2.694000006269e-01,+3.444215092852e-02,+1.388471818142e-01 },
  {-6.404843512764e-24,-2.991434261104e-02,-4.829597080652e-04,+3.444215092852e-02,+4.403347282191e-03,+1.775128277993e-02 },
  {-2.581994528373e-23,-1.205941573157e-01,-1.946963026026e-03,+1.388471818142e-01,+1.775128277993e-02,+7.156102395274e-02 }   }
{ {+5.342050138485e-02,-3.105474599777e-02,+4.687759651329e-02,-8.042285744384e-02,-7.209466823196e-02,+3.259896158627e-02 },
  {-3.105474599777e-02,+4.834431197960e-02,-6.541681889492e-02,+5.067537827448e-02,+5.345781070005e-02,-4.177409073355e-02 },
  {+4.687759651329e-02,-6.541681889492e-02,+8.922288688011e-02,-7.551607829364e-02,-7.781356870565e-02,+5.736269497968e-02 },
  {-8.042285744384e-02,+5.067537827448e-02,-7.551607829364e-02,+1.215822213781e-01,+1.100318652875e-01,-5.203287345035e-02 },
  {-7.209466823196e-02,+5.345781070005e-02,-7.781356870565e-02,+1.100318652875e-01,+1.016986528967e-01,-5.269501607402e-02 },
  {+3.259896158627e-02,-4.177409073355e-02,+5.736269497968e-02,-5.203287345035e-02,-5.269501607402e-02,+3.708961793931e-02 }   }
}
    main loop time = 0.110000
        total time = 0.110000
  file   read time = 0.000000
