SDPA-GMP start at Wed Jun  5 23:35:11 2024
*SDP Scan Problem: V = x^2 - 2*x^4 + x^8
* K = 6; eval = -7.688442211055277; Domain = R+ with BCs: Neumann
data      is /Users/gorg/qmBoot/data/K=6_BC-Neumann_V_0.0_0.0_1.0_0.0_-2.0_0.0_0.0_0.0_1.0/e=-7.688442211055277_K=6_D=R+.dat
parameter is ./param.sdpa
out       is /Users/gorg/qmBoot/data/K=6_BC-Neumann_V_0.0_0.0_1.0_0.0_-2.0_0.0_0.0_0.0_1.0/e=-7.688442211055277_K=6_D=R+.out
DENSE computation
   mu      thetaP  thetaD  objP      objD      alphaP  alphaD  beta 
 0 1.0e+20 1.0e+00 1.0e+00 +0.00e+00 +3.23e+09 1.0e+00 9.0e-01 3.00e-01
 1 1.6e+19 8.6e-88 1.0e-01 +1.60e+10 +3.23e+08 9.0e-01 9.0e-01 3.00e-01
 2 2.5e+18 1.7e-87 1.0e-02 +2.46e+10 +3.23e+07 9.0e-01 9.0e-01 3.00e-01
 3 3.8e+17 6.0e-87 1.0e-03 +3.79e+10 +3.23e+06 9.0e-01 9.0e-01 3.00e-01
 4 5.8e+16 7.8e-87 1.0e-04 +5.84e+10 +3.23e+05 9.0e-01 9.0e-01 3.00e-01
 5 9.0e+15 8.6e-87 1.0e-05 +9.00e+10 +3.23e+04 9.0e-01 9.0e-01 3.00e-01
 6 1.4e+15 1.0e-86 1.0e-06 +1.39e+11 +3.23e+03 9.0e-01 9.0e-01 3.00e-01
 7 2.1e+14 1.1e-86 1.0e-07 +2.13e+11 +3.23e+02 9.0e-01 9.0e-01 3.00e-01
 8 3.3e+13 1.5e-86 1.0e-08 +3.29e+11 +3.22e+01 9.0e-01 9.0e-01 3.00e-01
 9 5.1e+12 1.8e-86 1.0e-09 +5.05e+11 +3.14e+00 9.0e-01 9.0e-01 3.00e-01
10 8.3e+11 1.9e-86 9.9e-11 +7.69e+11 +2.30e-01 9.1e-01 9.1e-01 3.00e-01
11 1.8e+11 2.2e-86 8.6e-12 +1.05e+12 -5.66e-02 1.7e+00 1.0e+00 3.00e-01
12 4.0e+10 2.2e-86 5.4e-94 +4.78e+11 -5.76e-02 9.6e-01 9.0e+01 1.00e-01
13 5.4e+09 2.4e-86 1.0e-91 +6.45e+10 -8.47e-04 9.9e-01 9.9e-01 1.00e-01
14 6.0e+08 2.9e-86 2.0e-93 +7.15e+09 -4.20e-03 1.0e+00 1.0e+00 1.00e-01
15 6.1e+07 2.9e-86 3.0e-93 +7.37e+08 -7.67e-03 1.0e+00 1.0e+00 1.00e-01
16 6.2e+06 2.9e-86 9.1e-93 +7.47e+07 -1.11e-02 1.0e+00 1.0e+00 1.00e-01
17 6.3e+05 3.0e-86 3.4e-92 +7.50e+06 -1.42e-02 1.0e+00 1.0e+00 1.00e-01
18 6.3e+04 3.3e-86 1.1e-91 +7.52e+05 -1.71e-02 1.0e+00 1.0e+00 1.00e-01
19 6.3e+03 3.4e-86 3.0e-91 +7.52e+04 -1.97e-02 1.0e+00 1.0e+00 1.00e-01
20 6.3e+02 3.8e-86 1.3e-90 +7.52e+03 -2.20e-02 1.0e+00 1.0e+00 1.00e-01
21 6.3e+01 3.6e-86 2.2e-90 +7.53e+02 -2.40e-02 1.0e+00 1.0e+00 1.00e-01
22 6.4e+00 3.9e-86 1.0e-89 +7.64e+01 -2.40e-02 9.8e-01 1.9e+01 1.00e-01
23 7.0e-01 4.1e-86 6.1e-88 +8.67e+00 +2.92e-01 9.2e-01 4.3e+00 1.00e-01
24 9.9e-02 4.0e-86 1.5e-87 +1.84e+00 +6.53e-01 8.7e-01 1.1e+00 1.00e-01
25 1.8e-02 3.9e-86 1.8e-88 +1.07e+00 +8.56e-01 8.9e-01 9.3e-01 1.00e-01
26 3.3e-03 4.0e-86 1.5e-89 +9.72e-01 +9.33e-01 9.0e-01 9.5e-01 1.00e-01
27 5.4e-04 3.9e-86 2.8e-89 +9.59e-01 +9.52e-01 9.3e-01 8.9e-01 1.00e-01
28 1.0e-04 3.9e-86 7.2e-90 +9.57e-01 +9.56e-01 9.8e-01 9.1e-01 1.00e-01
29 1.6e-05 3.9e-86 2.9e-90 +9.57e-01 +9.56e-01 9.7e-01 9.9e-01 1.00e-01
30 1.8e-06 3.9e-86 2.3e-90 +9.57e-01 +9.57e-01 9.8e-01 1.0e+00 1.00e-01
31 1.9e-07 3.9e-86 6.3e-91 +9.57e-01 +9.57e-01 9.8e-01 1.0e+00 1.00e-01
32 1.9e-08 4.0e-86 1.1e-91 +9.57e-01 +9.57e-01 9.8e-01 1.0e+00 1.00e-01
33 2.0e-09 3.8e-86 3.5e-92 +9.57e-01 +9.57e-01 9.8e-01 1.0e+00 1.00e-01
34 2.0e-10 3.8e-86 1.1e-88 +9.57e-01 +9.57e-01 9.8e-01 1.0e+00 1.00e-01
35 2.0e-11 4.0e-86 3.1e-88 +9.57e-01 +9.57e-01 9.8e-01 1.0e+00 1.00e-01
36 2.0e-12 3.9e-86 3.7e-88 +9.57e-01 +9.57e-01 9.8e-01 1.0e+00 1.00e-01
37 2.0e-13 3.8e-86 3.7e-88 +9.57e-01 +9.57e-01 9.8e-01 1.0e+00 1.00e-01
38 2.0e-14 3.8e-86 2.9e-88 +9.57e-01 +9.57e-01 9.8e-01 1.0e+00 1.00e-01
39 2.0e-15 3.8e-86 3.1e-88 +9.57e-01 +9.57e-01 9.8e-01 1.0e+00 1.00e-01
40 2.0e-16 3.6e-86 3.7e-88 +9.57e-01 +9.57e-01 9.8e-01 1.0e+00 1.00e-01
41 2.0e-17 3.7e-86 5.3e-88 +9.57e-01 +9.57e-01 9.8e-01 1.0e+00 1.00e-01
42 2.0e-18 3.6e-86 3.3e-88 +9.57e-01 +9.57e-01 9.8e-01 1.0e+00 1.00e-01
43 2.0e-19 3.5e-86 5.6e-88 +9.57e-01 +9.57e-01 9.8e-01 1.0e+00 1.00e-01
44 2.0e-20 3.5e-86 8.2e-88 +9.57e-01 +9.57e-01 9.8e-01 1.0e+00 1.00e-01
45 2.0e-21 3.4e-86 3.4e-87 +9.57e-01 +9.57e-01 9.8e-01 1.0e+00 1.00e-01
46 2.0e-22 3.4e-86 3.2e-86 +9.57e-01 +9.57e-01 9.8e-01 1.0e+00 1.00e-01
47 2.0e-23 3.4e-86 7.5e-86 +9.57e-01 +9.57e-01 9.8e-01 1.0e+00 1.00e-01
48 2.0e-24 3.3e-86 9.9e-86 +9.57e-01 +9.57e-01 9.8e-01 1.0e+00 1.00e-01
49 2.0e-25 3.2e-86 5.3e-86 +9.57e-01 +9.57e-01 9.8e-01 1.0e+00 1.00e-01
50 2.0e-26 3.2e-86 7.0e-88 +9.57e-01 +9.57e-01 9.8e-01 1.0e+00 1.00e-01
51 2.0e-27 3.1e-86 4.7e-88 +9.57e-01 +9.57e-01 9.8e-01 1.0e+00 1.00e-01
52 2.0e-28 3.1e-86 6.1e-88 +9.57e-01 +9.57e-01 9.8e-01 1.0e+00 1.00e-01
53 2.0e-29 3.0e-86 6.2e-88 +9.57e-01 +9.57e-01 9.8e-01 1.0e+00 1.00e-01
54 2.0e-30 3.0e-86 6.2e-88 +9.57e-01 +9.57e-01 9.8e-01 1.0e+00 1.00e-01
55 2.0e-31 2.8e-86 5.2e-88 +9.57e-01 +9.57e-01 9.8e-01 1.0e+00 1.00e-01
56 2.0e-32 2.8e-86 8.0e-88 +9.57e-01 +9.57e-01 9.8e-01 1.0e+00 1.00e-01

phase.value = pdOPT     
   Iteration = 56
          mu = 1.9523586014974051e-32
relative gap = 2.3428303217968861e-31
         gap = 2.3428303217968861e-31
      digits = 3.0610999137665516e+01
objValPrimal = 9.5662113981032082e-01
objValDual   = 9.5662113981032082e-01
p.feas.error = 2.8499356231811667e-76
d.feas.error = 9.5482234663785752e-77
relative eps = 8.6361685550944446e-78
total time   = 0.110


Parameters are
maxIteration =    200
epsilonStar  = 1.000e-30
lambdaStar   = 1.000e+10
omegaStar    = 2.000e+00
lowerBound   = -1.000e+05
upperBound   = 1.000e+05
betaStar     = 1.000e-01
betaBar      = 3.000e-01
gammaStar    = 9.000e-01
epsilonDash  = 1.000e-30
precision    =    200

                         Time(sec)  Ratio(% : MainLoop) 
 Predictor time  =       0.040000,  36.363636
 Corrector time  =       0.020000,  18.181818
 Make bMat time  =       0.030000,  27.272727
 Make bDia time  =       0.000000,  0.000000
 Make bF1  time  =       0.010000,  9.090909
 Make bF2  time  =       0.020000,  18.181818
 Make bF3  time  =       0.000000,  0.000000
 Make bPRE time  =       0.010000,  9.090909
 Make rMat time  =       0.000000,  0.000000
 Make gVec Mul   =       0.000000,  0.000000
 Make gVec time  =       0.000000,  0.000000
 Cholesky bMat   =       0.000000,  0.000000
 Ste Pre time    =       0.000000,  0.000000
 Ste Cor time    =       0.040000,  36.363636
 solve           =       0.010000,  9.090909
 sumDz           =       0.010000,  9.090909
 makedX          =       0.010000,  9.090909
 symmetriseDx    =       0.000000,  0.000000
 makedXdZ        =       0.020000,  18.181818
 xMatTime        =       0.010000,  9.090909
 zMatTime        =       0.000000,  0.000000
 invzMatTime     =       0.000000,  0.000000
 xMatzMatTime    =       0.000000,  0.000000
 EigxMatTime     =       0.020000,  18.181818
 EigzMatTime     =       0.020000,  18.181818
 EigxMatzMatTime =       0.000000,  0.000000
 updateRes       =       0.000000,  0.000000
 EigTime         =       0.040000,  36.363636
 sub_total_bMat  =       0.080000,  72.727273
 Main Loop       =       0.110000,  100.000000
 File Check      =       0.000000,  0.000000
 File Change     =       0.000000,  0.000000
 File Read       =       0.000000,  0.000000
 Total           =       0.110000,  100.000000

xVec = 
{-9.566211398103e-01,+5.074931986962e-02,-1.438781371203e-01,-3.794033249141e-02,+7.151034856328e-01,-1.575977329670e-02,-1.925162553474e-02,+1.590025941856e-02}
xMat = 
{
{ {+1.956621139810e+00,+5.074931986962e-02,-1.438781371203e-01,-3.794033249141e-02,+7.151034856328e-01,-1.575977329670e-02 },
  {+5.074931986962e-02,+8.127430026900e-01,-3.794033249141e-02,+7.151034856328e-01,-1.575977329670e-02,-1.925162553474e-02 },
  {-1.438781371203e-01,-3.794033249141e-02,+1.671724625443e+00,-1.575977329670e-02,-1.925162553474e-02,+1.590025941856e-02 },
  {-3.794033249141e-02,+7.151034856328e-01,-1.575977329670e-02,+9.373695142756e-01,+1.590025941856e-02,-6.220130046036e-01 },
  {+7.151034856328e-01,-1.575977329670e-02,-1.925162553474e-02,+1.590025941856e-02,+3.346081352067e-01,-1.378725878887e-01 },
  {-1.575977329670e-02,-1.925162553474e-02,+1.590025941856e-02,-6.220130046036e-01,-1.378725878887e-01,+1.208859144121e+00 }   }
{ {+1.007370459680e+00,-1.438781371203e-01,-3.794033249141e-02,+7.151034856328e-01,-1.575977329670e-02,-1.925162553474e-02 },
  {-1.438781371203e-01,+9.186808073189e-01,+7.151034856328e-01,-1.575977329670e-02,-1.925162553474e-02,+1.590025941856e-02 },
  {-3.794033249141e-02,+7.151034856328e-01,+9.408613665136e-01,-1.925162553474e-02,+1.590025941856e-02,-6.220130046036e-01 },
  {+7.151034856328e-01,-1.575977329670e-02,-1.925162553474e-02,+9.725213992289e-01,-6.220130046036e-01,-1.378725878887e-01 },
  {-1.575977329670e-02,-1.925162553474e-02,+1.590025941856e-02,-6.220130046036e-01,+8.187485519216e-01,+2.522380043105e-01 },
  {-1.925162553474e-02,+1.590025941856e-02,-6.220130046036e-01,-1.378725878887e-01,+2.522380043105e-01,+1.174234404065e+00 }   }
}
yMat = 
{
{ {+5.272499148872e-32,+5.156759694039e-23,+8.161970377984e-25,-5.955247154919e-23,-7.330896750026e-24,-3.066805535156e-23 },
  {+5.156759694039e-23,+1.997149415534e-01,+3.161030428411e-03,-2.306393758707e-01,-2.839165831037e-02,-1.187735950914e-01 },
  {+8.161970377984e-25,+3.161030428411e-03,+5.003187689225e-05,-3.650493445540e-03,-4.493749698148e-04,-1.879914167941e-03 },
  {-5.955247154919e-23,-2.306393758707e-01,-3.650493445540e-03,+2.663522382866e-01,+3.278790410825e-02,+1.371648391889e-01 },
  {-7.330896750026e-24,-2.839165831037e-02,-4.493749698148e-04,+3.278790410825e-02,+4.036184049840e-03,+1.688496264676e-02 },
  {-3.066805535156e-23,-1.187735950914e-01,-1.879914167941e-03,+1.371648391889e-01,+1.688496264676e-02,+7.063651212675e-02 }   }
{ {+5.641024910976e-02,-3.260163324407e-02,+4.862087317809e-02,-8.419804242411e-02,-7.485489530632e-02,+3.331517633576e-02 },
  {-3.260163324407e-02,+4.851467377596e-02,-6.535345451689e-02,+5.230292955875e-02,+5.424799889227e-02,-4.132223983301e-02 },
  {+4.862087317809e-02,-6.535345451689e-02,+8.867799396695e-02,-7.714362726855e-02,-7.831186270179e-02,+5.642082142685e-02 },
  {-8.419804242411e-02,+5.230292955875e-02,-7.714362726855e-02,+1.261210855922e-01,+1.130768957398e-01,-5.243464895862e-02 },
  {-7.485489530632e-02,+5.424799889227e-02,-7.831186270179e-02,+1.130768957398e-01,+1.033982351882e-01,-5.237914399249e-02 },
  {+3.331517633576e-02,-4.132223983301e-02,+5.642082142685e-02,-5.243464895862e-02,-5.237914399249e-02,+3.608785447348e-02 }   }
}
    main loop time = 0.110000
        total time = 0.110000
  file   read time = 0.000000
