SDPA-GMP start at Wed Jun  5 23:35:11 2024
*SDP Scan Problem: V = x^2 - 2*x^4 + x^8
* K = 6; eval = -7.085427135678392; Domain = R+ with BCs: Neumann
data      is /Users/gorg/qmBoot/data/K=6_BC-Neumann_V_0.0_0.0_1.0_0.0_-2.0_0.0_0.0_0.0_1.0/e=-7.085427135678392_K=6_D=R+.dat
parameter is ./param.sdpa
out       is /Users/gorg/qmBoot/data/K=6_BC-Neumann_V_0.0_0.0_1.0_0.0_-2.0_0.0_0.0_0.0_1.0/e=-7.085427135678392_K=6_D=R+.out
DENSE computation
   mu      thetaP  thetaD  objP      objD      alphaP  alphaD  beta 
 0 1.0e+20 1.0e+00 1.0e+00 +0.00e+00 +2.03e+09 1.0e+00 9.0e-01 3.00e-01
 1 1.6e+19 8.6e-88 1.0e-01 +1.60e+10 +2.03e+08 9.0e-01 9.0e-01 3.00e-01
 2 2.5e+18 3.5e-87 1.0e-02 +2.46e+10 +2.03e+07 9.0e-01 9.0e-01 3.00e-01
 3 3.8e+17 3.5e-87 1.0e-03 +3.79e+10 +2.03e+06 9.0e-01 9.0e-01 3.00e-01
 4 5.8e+16 5.2e-87 1.0e-04 +5.84e+10 +2.03e+05 9.0e-01 9.0e-01 3.00e-01
 5 9.0e+15 5.2e-87 1.0e-05 +9.00e+10 +2.03e+04 9.0e-01 9.0e-01 3.00e-01
 6 1.4e+15 7.8e-87 1.0e-06 +1.39e+11 +2.03e+03 9.0e-01 9.0e-01 3.00e-01
 7 2.1e+14 9.5e-87 1.0e-07 +2.13e+11 +2.03e+02 9.0e-01 9.0e-01 3.00e-01
 8 3.3e+13 1.0e-86 1.0e-08 +3.29e+11 +2.02e+01 9.0e-01 9.0e-01 3.00e-01
 9 5.1e+12 1.4e-86 1.0e-09 +5.05e+11 +1.94e+00 9.0e-01 9.0e-01 3.00e-01
10 8.2e+11 1.6e-86 9.9e-11 +7.69e+11 +1.11e-01 9.1e-01 9.1e-01 3.00e-01
11 1.8e+11 1.9e-86 8.4e-12 +1.05e+12 -6.80e-02 1.7e+00 1.0e+00 3.00e-01
12 4.0e+10 1.8e-86 3.1e-94 +4.75e+11 -6.17e-02 9.6e-01 9.0e+01 1.00e-01
13 5.3e+09 1.8e-86 6.9e-92 +6.40e+10 -1.85e-02 9.9e-01 9.9e-01 1.00e-01
14 5.9e+08 1.9e-86 1.6e-93 +7.07e+09 -2.09e-02 1.0e+00 1.0e+00 1.00e-01
15 6.1e+07 1.9e-86 3.7e-93 +7.28e+08 -2.34e-02 1.0e+00 1.0e+00 1.00e-01
16 6.1e+06 1.9e-86 7.8e-93 +7.38e+07 -2.59e-02 1.0e+00 1.0e+00 1.00e-01
17 6.2e+05 2.2e-86 3.4e-92 +7.41e+06 -2.83e-02 1.0e+00 1.0e+00 1.00e-01
18 6.2e+04 2.5e-86 7.3e-92 +7.42e+05 -3.04e-02 1.0e+00 1.0e+00 1.00e-01
19 6.2e+03 2.6e-86 2.5e-91 +7.43e+04 -3.23e-02 1.0e+00 1.0e+00 1.00e-01
20 6.2e+02 2.4e-86 1.1e-90 +7.43e+03 -3.41e-02 1.0e+00 1.0e+00 1.00e-01
21 6.2e+01 2.8e-86 3.6e-90 +7.44e+02 -3.55e-02 1.0e+00 3.1e+01 1.00e-01
22 6.3e+00 3.1e-86 3.0e-88 +7.54e+01 -2.87e-02 9.8e-01 1.9e+01 1.00e-01
23 7.2e-01 3.0e-86 4.5e-87 +8.77e+00 +1.75e-01 9.1e-01 3.5e+00 1.00e-01
24 1.1e-01 3.3e-86 1.2e-86 +1.83e+00 +5.10e-01 8.5e-01 1.1e+00 1.00e-01
25 2.1e-02 3.3e-86 1.7e-87 +1.01e+00 +7.60e-01 8.9e-01 9.1e-01 1.00e-01
26 4.0e-03 3.2e-86 2.2e-88 +9.00e-01 +8.52e-01 9.2e-01 9.1e-01 1.00e-01
27 7.0e-04 3.2e-86 1.6e-89 +8.84e-01 +8.75e-01 9.6e-01 8.7e-01 1.00e-01
28 1.3e-04 3.1e-86 7.0e-90 +8.81e-01 +8.80e-01 9.9e-01 9.3e-01 1.00e-01
29 2.0e-05 3.1e-86 6.0e-90 +8.81e-01 +8.81e-01 9.7e-01 9.9e-01 1.00e-01
30 2.3e-06 3.2e-86 2.3e-90 +8.81e-01 +8.81e-01 9.8e-01 1.0e+00 1.00e-01
31 2.4e-07 3.2e-86 4.5e-91 +8.81e-01 +8.81e-01 9.9e-01 1.0e+00 1.00e-01
32 2.4e-08 3.1e-86 5.9e-89 +8.81e-01 +8.81e-01 9.9e-01 1.0e+00 1.00e-01
33 2.4e-09 3.1e-86 3.5e-88 +8.81e-01 +8.81e-01 9.9e-01 1.0e+00 1.00e-01
34 2.4e-10 3.2e-86 3.2e-88 +8.81e-01 +8.81e-01 9.9e-01 1.0e+00 1.00e-01
35 2.4e-11 3.1e-86 3.8e-88 +8.81e-01 +8.81e-01 9.9e-01 1.0e+00 1.00e-01
36 2.4e-12 3.1e-86 1.1e-87 +8.81e-01 +8.81e-01 9.9e-01 1.0e+00 1.00e-01
37 2.4e-13 3.1e-86 7.3e-88 +8.81e-01 +8.81e-01 9.9e-01 1.0e+00 1.00e-01
38 2.4e-14 2.9e-86 1.4e-87 +8.81e-01 +8.81e-01 9.9e-01 1.0e+00 1.00e-01
39 2.4e-15 2.9e-86 1.1e-87 +8.81e-01 +8.81e-01 9.9e-01 1.0e+00 1.00e-01
40 2.4e-16 2.9e-86 1.2e-87 +8.81e-01 +8.81e-01 9.9e-01 1.0e+00 1.00e-01
41 2.4e-17 2.9e-86 8.6e-88 +8.81e-01 +8.81e-01 9.9e-01 1.0e+00 1.00e-01
42 2.4e-18 2.8e-86 1.2e-87 +8.81e-01 +8.81e-01 9.9e-01 1.0e+00 1.00e-01
43 2.4e-19 2.8e-86 1.2e-87 +8.81e-01 +8.81e-01 9.9e-01 1.0e+00 1.00e-01
44 2.4e-20 2.7e-86 1.2e-87 +8.81e-01 +8.81e-01 9.9e-01 1.0e+00 1.00e-01
45 2.4e-21 2.7e-86 1.6e-86 +8.81e-01 +8.81e-01 9.9e-01 1.0e+00 1.00e-01
46 2.4e-22 2.5e-86 3.0e-85 +8.81e-01 +8.81e-01 9.9e-01 1.0e+00 1.00e-01
47 2.4e-23 2.4e-86 3.7e-85 +8.81e-01 +8.81e-01 9.9e-01 1.0e+00 1.00e-01
48 2.4e-24 2.4e-86 1.1e-85 +8.81e-01 +8.81e-01 9.9e-01 1.0e+00 1.00e-01
49 2.4e-25 2.3e-86 1.5e-84 +8.81e-01 +8.81e-01 9.9e-01 1.0e+00 1.00e-01
50 2.4e-26 2.4e-86 7.4e-85 +8.81e-01 +8.81e-01 9.9e-01 1.0e+00 1.00e-01
51 2.4e-27 2.2e-86 3.4e-87 +8.81e-01 +8.81e-01 9.9e-01 1.0e+00 1.00e-01
52 2.4e-28 2.2e-86 5.6e-88 +8.81e-01 +8.81e-01 9.9e-01 1.0e+00 1.00e-01
53 2.4e-29 2.2e-86 1.3e-87 +8.81e-01 +8.81e-01 9.9e-01 1.0e+00 1.00e-01
54 2.4e-30 2.2e-86 1.0e-87 +8.81e-01 +8.81e-01 9.9e-01 1.0e+00 1.00e-01
55 2.4e-31 2.1e-86 7.7e-88 +8.81e-01 +8.81e-01 9.9e-01 1.0e+00 1.00e-01
56 2.4e-32 2.1e-86 1.2e-87 +8.81e-01 +8.81e-01 9.9e-01 1.0e+00 1.00e-01

phase.value = pdOPT     
   Iteration = 56
          mu = 2.4474286094891865e-32
relative gap = 2.9369143313870238e-31
         gap = 2.9369143313870238e-31
      digits = 3.0477111497078674e+01
objValPrimal = 8.8105450383850923e-01
objValDual   = 8.8105450383850923e-01
p.feas.error = 2.0726804532226667e-76
d.feas.error = 1.4596518300531564e-76
relative eps = 8.6361685550944446e-78
total time   = 0.120


Parameters are
maxIteration =    200
epsilonStar  = 1.000e-30
lambdaStar   = 1.000e+10
omegaStar    = 2.000e+00
lowerBound   = -1.000e+05
upperBound   = 1.000e+05
betaStar     = 1.000e-01
betaBar      = 3.000e-01
gammaStar    = 9.000e-01
epsilonDash  = 1.000e-30
precision    =    200

                         Time(sec)  Ratio(% : MainLoop) 
 Predictor time  =       0.030000,  27.272727
 Corrector time  =       0.030000,  27.272727
 Make bMat time  =       0.000000,  0.000000
 Make bDia time  =       0.000000,  0.000000
 Make bF1  time  =       0.000000,  0.000000
 Make bF2  time  =       0.000000,  0.000000
 Make bF3  time  =       0.000000,  0.000000
 Make bPRE time  =       0.000000,  0.000000
 Make rMat time  =       0.010000,  9.090909
 Make gVec Mul   =       0.000000,  0.000000
 Make gVec time  =       0.010000,  9.090909
 Cholesky bMat   =       0.000000,  0.000000
 Ste Pre time    =       0.000000,  0.000000
 Ste Cor time    =       0.050000,  45.454545
 solve           =       0.010000,  9.090909
 sumDz           =       0.000000,  0.000000
 makedX          =       0.030000,  27.272727
 symmetriseDx    =       0.000000,  0.000000
 makedXdZ        =       0.030000,  27.272727
 xMatTime        =       0.000000,  0.000000
 zMatTime        =       0.000000,  0.000000
 invzMatTime     =       0.000000,  0.000000
 xMatzMatTime    =       0.000000,  0.000000
 EigxMatTime     =       0.040000,  36.363636
 EigzMatTime     =       0.010000,  9.090909
 EigxMatzMatTime =       0.000000,  0.000000
 updateRes       =       0.000000,  0.000000
 EigTime         =       0.050000,  45.454545
 sub_total_bMat  =       0.110000,  100.000000
 Main Loop       =       0.110000,  100.000000
 File Check      =       0.000000,  0.000000
 File Change     =       0.000000,  0.000000
 File Read       =       0.000000,  0.000000
 Total           =       0.120000,  109.090909

xVec = 
{-8.810545038385e-01,+5.115168879829e-02,-1.392578903160e-01,-3.562881991984e-02,+6.550824494536e-01,-1.394132596561e-02,-1.653395411908e-02,+1.351153291488e-02}
xMat = 
{
{ {+1.881054503839e+00,+5.115168879829e-02,-1.392578903160e-01,-3.562881991984e-02,+6.550824494536e-01,-1.394132596561e-02 },
  {+5.115168879829e-02,+7.417966135225e-01,-3.562881991984e-02,+6.550824494536e-01,-1.394132596561e-02,-1.653395411908e-02 },
  {-1.392578903160e-01,-3.562881991984e-02,+1.536136953292e+00,-1.394132596561e-02,-1.653395411908e-02,+1.351153291488e-02 },
  {-3.562881991984e-02,+6.550824494536e-01,-1.394132596561e-02,+8.645205497194e-01,+1.351153291488e-02,-5.752833316649e-01 },
  {+6.550824494536e-01,-1.394132596561e-02,-1.653395411908e-02,+1.351153291488e-02,+3.057711721736e-01,-1.274113670931e-01 },
  {-1.394132596561e-02,-1.653395411908e-02,+1.351153291488e-02,-5.752833316649e-01,-1.274113670931e-01,+1.120259584653e+00 }   }
{ {+9.322061926368e-01,-1.392578903160e-01,-3.562881991984e-02,+6.550824494536e-01,-1.394132596561e-02,-1.653395411908e-02 },
  {-1.392578903160e-01,+8.454256839187e-01,+6.550824494536e-01,-1.394132596561e-02,-1.653395411908e-02,+1.351153291488e-02 },
  {-3.562881991984e-02,+6.550824494536e-01,+8.671131778729e-01,-1.653395411908e-02,+1.351153291488e-02,-5.752833316649e-01 },
  {+6.550824494536e-01,-1.394132596561e-02,-1.653395411908e-02,+8.945660367534e-01,-5.752833316649e-01,-1.274113670931e-01 },
  {-1.394132596561e-02,-1.653395411908e-02,+1.351153291488e-02,-5.752833316649e-01,+7.536431367454e-01,+2.392050808146e-01 },
  {-1.653395411908e-02,+1.351153291488e-02,-5.752833316649e-01,-1.274113670931e-01,+2.392050808146e-01,+1.074621602274e+00 }   }
}
yMat = 
{
{ {+5.867358636571e-32,+3.944960139201e-23,+6.455089724461e-25,-4.535249436099e-23,-5.907539464206e-24,-2.338715598509e-23 },
  {+3.944960139201e-23,+2.049791644003e-01,+3.354048819250e-03,-2.356504519181e-01,-3.069542994317e-02,-1.215190906525e-01 },
  {+6.455089724461e-25,+3.354048819250e-03,+5.488188770222e-05,-3.855919319040e-03,-5.022655393219e-04,-1.988401912516e-03 },
  {-4.535249436099e-23,-2.356504519181e-01,-3.855919319040e-03,+2.709111223654e-01,+3.528842533382e-02,+1.397021434482e-01 },
  {-5.907539464206e-24,-3.069542994317e-02,-5.022655393219e-04,+3.528842533382e-02,+4.596610695301e-03,+1.819736530196e-02 },
  {-2.338715598509e-23,-1.215190906525e-01,-1.988401912516e-03,+1.397021434482e-01,+1.819736530196e-02,+7.204092882426e-02 }   }
{ {+5.192352312063e-02,-3.026068350068e-02,+4.597190077993e-02,-7.851276690764e-02,-7.068418709231e-02,+3.221490733136e-02 },
  {-3.026068350068e-02,+4.827520917298e-02,-6.546892542930e-02,+4.983208896027e-02,+5.304896812845e-02,-4.202054974981e-02 },
  {+4.597190077993e-02,-6.546892542930e-02,+8.952494546287e-02,-7.465782875607e-02,-7.754657192285e-02,+5.786610801253e-02 },
  {-7.851276690764e-02,+4.983208896027e-02,-7.465782875607e-02,+1.192600235767e-01,+1.084572787194e-01,-5.180361926228e-02 },
  {-7.068418709231e-02,+5.304896812845e-02,-7.754657192285e-02,+1.084572787194e-01,+1.008100190358e-01,-5.284864059835e-02 },
  {+3.221490733136e-02,-4.202054974981e-02,+5.786610801253e-02,-5.180361926228e-02,-5.284864059835e-02,+3.762357145797e-02 }   }
}
    main loop time = 0.110000
        total time = 0.120000
  file   read time = 0.000000
