SDPA-GMP start at Wed Jun  5 23:35:11 2024
*SDP Scan Problem: V = x^2 - 2*x^4 + x^8
* K = 6; eval = -7.788944723618091; Domain = R+ with BCs: Neumann
data      is /Users/gorg/qmBoot/data/K=6_BC-Neumann_V_0.0_0.0_1.0_0.0_-2.0_0.0_0.0_0.0_1.0/e=-7.788944723618091_K=6_D=R+.dat
parameter is ./param.sdpa
out       is /Users/gorg/qmBoot/data/K=6_BC-Neumann_V_0.0_0.0_1.0_0.0_-2.0_0.0_0.0_0.0_1.0/e=-7.788944723618091_K=6_D=R+.out
DENSE computation
   mu      thetaP  thetaD  objP      objD      alphaP  alphaD  beta 
 0 1.0e+20 1.0e+00 1.0e+00 +0.00e+00 +3.44e+09 1.0e+00 9.0e-01 3.00e-01
 1 1.6e+19 8.6e-88 1.0e-01 +1.60e+10 +3.44e+08 9.0e-01 9.0e-01 3.00e-01
 2 2.5e+18 1.7e-87 1.0e-02 +2.46e+10 +3.44e+07 9.0e-01 9.0e-01 3.00e-01
 3 3.8e+17 5.2e-87 1.0e-03 +3.79e+10 +3.44e+06 9.0e-01 9.0e-01 3.00e-01
 4 5.8e+16 6.9e-87 1.0e-04 +5.84e+10 +3.44e+05 9.0e-01 9.0e-01 3.00e-01
 5 9.0e+15 1.0e-86 1.0e-05 +9.00e+10 +3.44e+04 9.0e-01 9.0e-01 3.00e-01
 6 1.4e+15 1.2e-86 1.0e-06 +1.39e+11 +3.43e+03 9.0e-01 9.0e-01 3.00e-01
 7 2.1e+14 1.6e-86 1.0e-07 +2.13e+11 +3.43e+02 9.0e-01 9.0e-01 3.00e-01
 8 3.3e+13 1.6e-86 1.0e-08 +3.29e+11 +3.43e+01 9.0e-01 9.0e-01 3.00e-01
 9 5.1e+12 1.8e-86 1.0e-09 +5.05e+11 +3.34e+00 9.0e-01 9.0e-01 3.00e-01
10 8.3e+11 1.9e-86 9.9e-11 +7.69e+11 +2.50e-01 9.1e-01 9.1e-01 3.00e-01
11 1.8e+11 2.2e-86 8.6e-12 +1.05e+12 -5.46e-02 1.7e+00 1.0e+00 3.00e-01
12 4.0e+10 2.1e-86 4.5e-90 +4.79e+11 -5.69e-02 9.6e-01 9.0e+01 1.00e-01
13 5.4e+09 2.0e-86 3.6e-88 +6.46e+10 +2.37e-03 9.9e-01 9.9e-01 1.00e-01
14 6.0e+08 1.6e-86 2.4e-93 +7.16e+09 -1.17e-03 1.0e+00 1.0e+00 1.00e-01
15 6.2e+07 1.8e-86 2.1e-93 +7.38e+08 -4.82e-03 1.0e+00 1.0e+00 1.00e-01
16 6.2e+06 1.8e-86 1.3e-92 +7.48e+07 -8.41e-03 1.0e+00 1.0e+00 1.00e-01
17 6.3e+05 2.2e-86 2.2e-92 +7.52e+06 -1.17e-02 1.0e+00 1.0e+00 1.00e-01
18 6.3e+04 2.2e-86 1.1e-91 +7.53e+05 -1.47e-02 1.0e+00 1.0e+00 1.00e-01
19 6.3e+03 2.2e-86 3.1e-91 +7.53e+04 -1.74e-02 1.0e+00 1.0e+00 1.00e-01
20 6.3e+02 2.3e-86 1.2e-90 +7.54e+03 -1.99e-02 1.0e+00 1.0e+00 1.00e-01
21 6.3e+01 2.5e-86 3.6e-90 +7.55e+02 -2.19e-02 1.0e+00 1.0e+00 1.00e-01
22 6.4e+00 2.8e-86 1.1e-89 +7.65e+01 -2.20e-02 9.8e-01 1.9e+01 1.00e-01
23 7.0e-01 2.8e-86 7.0e-88 +8.70e+00 +2.98e-01 9.2e-01 4.3e+00 1.00e-01
24 9.9e-02 2.7e-86 1.9e-87 +1.86e+00 +6.64e-01 8.7e-01 1.1e+00 1.00e-01
25 1.8e-02 2.8e-86 1.1e-88 +1.08e+00 +8.69e-01 8.9e-01 9.3e-01 1.00e-01
26 3.3e-03 2.7e-86 7.2e-89 +9.84e-01 +9.45e-01 9.0e-01 9.5e-01 1.00e-01
27 5.5e-04 2.8e-86 1.8e-89 +9.71e-01 +9.65e-01 9.3e-01 8.9e-01 1.00e-01
28 1.0e-04 2.8e-86 3.2e-90 +9.70e-01 +9.68e-01 9.8e-01 9.1e-01 1.00e-01
29 1.6e-05 2.9e-86 3.9e-90 +9.69e-01 +9.69e-01 9.7e-01 9.9e-01 1.00e-01
30 1.9e-06 2.8e-86 2.7e-90 +9.69e-01 +9.69e-01 9.8e-01 1.0e+00 1.00e-01
31 2.0e-07 2.8e-86 3.0e-91 +9.69e-01 +9.69e-01 9.8e-01 1.0e+00 1.00e-01
32 2.0e-08 2.8e-86 1.4e-91 +9.69e-01 +9.69e-01 9.8e-01 1.0e+00 1.00e-01
33 2.0e-09 2.8e-86 5.3e-92 +9.69e-01 +9.69e-01 9.8e-01 1.0e+00 1.00e-01
34 2.0e-10 2.8e-86 1.2e-88 +9.69e-01 +9.69e-01 9.8e-01 1.0e+00 1.00e-01
35 2.0e-11 2.8e-86 1.9e-88 +9.69e-01 +9.69e-01 9.8e-01 1.0e+00 1.00e-01
36 2.0e-12 2.8e-86 4.7e-88 +9.69e-01 +9.69e-01 9.8e-01 1.0e+00 1.00e-01
37 2.0e-13 2.8e-86 5.6e-88 +9.69e-01 +9.69e-01 9.8e-01 1.0e+00 1.00e-01
38 2.0e-14 2.8e-86 7.1e-88 +9.69e-01 +9.69e-01 9.8e-01 1.0e+00 1.00e-01
39 2.0e-15 2.8e-86 7.4e-88 +9.69e-01 +9.69e-01 9.8e-01 1.0e+00 1.00e-01
40 2.0e-16 2.7e-86 8.8e-88 +9.69e-01 +9.69e-01 9.8e-01 1.0e+00 1.00e-01
41 2.0e-17 2.8e-86 8.3e-88 +9.69e-01 +9.69e-01 9.8e-01 1.0e+00 1.00e-01
42 2.0e-18 2.8e-86 8.8e-88 +9.69e-01 +9.69e-01 9.8e-01 1.0e+00 1.00e-01
43 2.0e-19 2.7e-86 8.3e-88 +9.69e-01 +9.69e-01 9.8e-01 1.0e+00 1.00e-01
44 2.0e-20 2.6e-86 8.2e-88 +9.69e-01 +9.69e-01 9.8e-01 1.0e+00 1.00e-01
45 2.0e-21 2.5e-86 4.2e-87 +9.69e-01 +9.69e-01 9.8e-01 1.0e+00 1.00e-01
46 2.0e-22 2.6e-86 4.0e-86 +9.69e-01 +9.69e-01 9.8e-01 1.0e+00 1.00e-01
47 2.0e-23 2.4e-86 4.1e-86 +9.69e-01 +9.69e-01 9.8e-01 1.0e+00 1.00e-01
48 2.0e-24 2.5e-86 1.9e-85 +9.69e-01 +9.69e-01 9.8e-01 1.0e+00 1.00e-01
49 2.0e-25 2.6e-86 8.9e-86 +9.69e-01 +9.69e-01 9.8e-01 1.0e+00 1.00e-01
50 2.0e-26 2.4e-86 9.0e-88 +9.69e-01 +9.69e-01 9.8e-01 1.0e+00 1.00e-01
51 2.0e-27 2.4e-86 6.1e-88 +9.69e-01 +9.69e-01 9.8e-01 1.0e+00 1.00e-01
52 2.0e-28 2.2e-86 5.6e-88 +9.69e-01 +9.69e-01 9.8e-01 1.0e+00 1.00e-01
53 2.0e-29 2.3e-86 7.5e-88 +9.69e-01 +9.69e-01 9.8e-01 1.0e+00 1.00e-01
54 2.0e-30 2.2e-86 1.0e-87 +9.69e-01 +9.69e-01 9.8e-01 1.0e+00 1.00e-01
55 2.0e-31 2.2e-86 7.0e-88 +9.69e-01 +9.69e-01 9.8e-01 1.0e+00 1.00e-01
56 2.0e-32 2.2e-86 9.0e-88 +9.69e-01 +9.69e-01 9.8e-01 1.0e+00 1.00e-01

phase.value = pdOPT     
   Iteration = 56
          mu = 1.9799410571741534e-32
relative gap = 2.3759292686089841e-31
         gap = 2.3759292686089841e-31
      digits = 3.0610592066932323e+01
objValPrimal = 9.6922715757561299e-01
objValDual   = 9.6922715757561299e-01
p.feas.error = 2.2454038243245556e-76
d.feas.error = 1.0824543256242187e-76
relative eps = 8.6361685550944446e-78
total time   = 0.110


Parameters are
maxIteration =    200
epsilonStar  = 1.000e-30
lambdaStar   = 1.000e+10
omegaStar    = 2.000e+00
lowerBound   = -1.000e+05
upperBound   = 1.000e+05
betaStar     = 1.000e-01
betaBar      = 3.000e-01
gammaStar    = 9.000e-01
epsilonDash  = 1.000e-30
precision    =    200

                         Time(sec)  Ratio(% : MainLoop) 
 Predictor time  =       0.030000,  27.272727
 Corrector time  =       0.010000,  9.090909
 Make bMat time  =       0.030000,  27.272727
 Make bDia time  =       0.000000,  0.000000
 Make bF1  time  =       0.010000,  9.090909
 Make bF2  time  =       0.020000,  18.181818
 Make bF3  time  =       0.000000,  0.000000
 Make bPRE time  =       0.010000,  9.090909
 Make rMat time  =       0.010000,  9.090909
 Make gVec Mul   =       0.000000,  0.000000
 Make gVec time  =       0.000000,  0.000000
 Cholesky bMat   =       0.000000,  0.000000
 Ste Pre time    =       0.000000,  0.000000
 Ste Cor time    =       0.070000,  63.636364
 solve           =       0.000000,  0.000000
 sumDz           =       0.000000,  0.000000
 makedX          =       0.000000,  0.000000
 symmetriseDx    =       0.000000,  0.000000
 makedXdZ        =       0.000000,  0.000000
 xMatTime        =       0.000000,  0.000000
 zMatTime        =       0.000000,  0.000000
 invzMatTime     =       0.000000,  0.000000
 xMatzMatTime    =       0.000000,  0.000000
 EigxMatTime     =       0.010000,  9.090909
 EigzMatTime     =       0.060000,  54.545455
 EigxMatzMatTime =       0.000000,  0.000000
 updateRes       =       0.000000,  0.000000
 EigTime         =       0.070000,  63.636364
 sub_total_bMat  =       0.080000,  72.727273
 Main Loop       =       0.110000,  100.000000
 File Check      =       0.000000,  0.000000
 File Change     =       0.000000,  0.000000
 File Read       =       0.000000,  0.000000
 Total           =       0.110000,  100.000000

xVec = 
{-9.692271575756e-01,+5.068604575621e-02,-1.445456451393e-01,-3.828429325034e-02,+7.251484635876e-01,-1.602086512598e-02,-1.971392647360e-02,+1.634941912301e-02}
xMat = 
{
{ {+1.969227157576e+00,+5.068604575621e-02,-1.445456451393e-01,-3.828429325034e-02,+7.251484635876e-01,-1.602086512598e-02 },
  {+5.068604575621e-02,+8.246815124363e-01,-3.828429325034e-02,+7.251484635876e-01,-1.602086512598e-02,-1.971392647360e-02 },
  {-1.445456451393e-01,-3.828429325034e-02,+1.694375621163e+00,-1.602086512598e-02,-1.971392647360e-02,+1.634941912301e-02 },
  {-3.828429325034e-02,+7.251484635876e-01,-1.602086512598e-02,+9.495132311020e-01,+1.634941912301e-02,-6.297925303628e-01 },
  {+7.251484635876e-01,-1.602086512598e-02,-1.971392647360e-02,+1.634941912301e-02,+3.394346272128e-01,-1.395766912828e-01 },
  {-1.602086512598e-02,-1.971392647360e-02,+1.634941912301e-02,-6.297925303628e-01,-1.395766912828e-01,+1.223490157719e+00 }   }
{ {+1.019913203332e+00,-1.445456451393e-01,-3.828429325034e-02,+7.251484635876e-01,-1.602086512598e-02,-1.971392647360e-02 },
  {-1.445456451393e-01,+9.309428643253e-01,+7.251484635876e-01,-1.602086512598e-02,-1.971392647360e-02,+1.634941912301e-02 },
  {-3.828429325034e-02,+7.251484635876e-01,+9.532062924496e-01,-1.971392647360e-02,+1.634941912301e-02,-6.297925303628e-01 },
  {+7.251484635876e-01,-1.602086512598e-02,-1.971392647360e-02,+9.855765766986e-01,-6.297925303628e-01,-1.395766912828e-01 },
  {-1.602086512598e-02,-1.971392647360e-02,+1.634941912301e-02,-6.297925303628e-01,+8.296504662929e-01,+2.542630001432e-01 },
  {-1.971392647360e-02,+1.634941912301e-02,-6.297925303628e-01,-1.395766912828e-01,+2.542630001432e-01,+1.190875983236e+00 }   }
}
yMat = 
{
{ {+5.516456518581e-32,+5.558816928486e-23,+8.766115168663e-25,-6.424422005518e-23,-7.833347365531e-24,-3.307942721687e-23 },
  {+5.558816928486e-23,+1.988454908128e-01,+3.135743610521e-03,-2.298092135743e-01,-2.802081444526e-02,-1.183290441469e-01 },
  {+8.766115168663e-25,+3.135743610521e-03,+4.944989172613e-05,-3.624033766915e-03,-4.418812289841e-04,-1.866019403337e-03 },
  {-6.424422005518e-23,-2.298092135743e-01,-3.624033766915e-03,+2.655945298420e-01,+3.238414562510e-02,+1.367549471062e-01 },
  {-7.833347365531e-24,-2.802081444526e-02,-4.418812289841e-04,+3.238414562510e-02,+3.948623823282e-03,+1.667463605019e-02 },
  {-3.307942721687e-23,-1.183290441469e-01,-1.866019403337e-03,+1.367549471062e-01,+1.667463605019e-02,+7.041528893358e-02 }   }
{ {+5.715244164846e-02,-3.298093443076e-02,+4.904409628929e-02,-8.512752531622e-02,-7.552936622037e-02,+3.348461901040e-02 },
  {-3.298093443076e-02,+4.856030818453e-02,-6.534212821717e-02,+5.269949350279e-02,+5.444050500528e-02,-4.121561497951e-02 },
  {+4.904409628929e-02,-6.534212821717e-02,+8.854983425076e-02,-7.753479928727e-02,-7.843023667003e-02,+5.619647990284e-02 },
  {-8.512752531622e-02,+5.269949350279e-02,-7.753479928727e-02,+1.272287331008e-01,+1.138138247897e-01,-5.252530166293e-02 },
  {-7.552936622037e-02,+5.444050500528e-02,-7.843023667003e-02,+1.138138247897e-01,+1.038055888192e-01,-5.229930945826e-02 },
  {+3.348461901040e-02,-4.121561497951e-02,+5.619647990284e-02,-5.252530166293e-02,-5.229930945826e-02,+3.584971069272e-02 }   }
}
    main loop time = 0.110000
        total time = 0.110000
  file   read time = 0.000000
