SDPA-GMP start at Wed Jun  5 23:35:11 2024
*SDP Scan Problem: V = x^2 - 2*x^4 + x^8
* K = 6; eval = -7.5879396984924625; Domain = R+ with BCs: Neumann
data      is /Users/gorg/qmBoot/data/K=6_BC-Neumann_V_0.0_0.0_1.0_0.0_-2.0_0.0_0.0_0.0_1.0/e=-7.5879396984924625_K=6_D=R+.dat
parameter is ./param.sdpa
out       is /Users/gorg/qmBoot/data/K=6_BC-Neumann_V_0.0_0.0_1.0_0.0_-2.0_0.0_0.0_0.0_1.0/e=-7.5879396984924625_K=6_D=R+.out
DENSE computation
   mu      thetaP  thetaD  objP      objD      alphaP  alphaD  beta 
 0 1.0e+20 1.0e+00 1.0e+00 +0.00e+00 +3.03e+09 1.0e+00 9.0e-01 3.00e-01
 1 1.6e+19 8.6e-88 1.0e-01 +1.60e+10 +3.03e+08 9.0e-01 9.0e-01 3.00e-01
 2 2.5e+18 1.4e-87 1.0e-02 +2.46e+10 +3.03e+07 9.0e-01 9.0e-01 3.00e-01
 3 3.8e+17 4.3e-87 1.0e-03 +3.79e+10 +3.03e+06 9.0e-01 9.0e-01 3.00e-01
 4 5.8e+16 6.0e-87 1.0e-04 +5.84e+10 +3.03e+05 9.0e-01 9.0e-01 3.00e-01
 5 9.0e+15 8.6e-87 1.0e-05 +9.00e+10 +3.03e+04 9.0e-01 9.0e-01 3.00e-01
 6 1.4e+15 8.6e-87 1.0e-06 +1.39e+11 +3.03e+03 9.0e-01 9.0e-01 3.00e-01
 7 2.1e+14 1.1e-86 1.0e-07 +2.13e+11 +3.03e+02 9.0e-01 9.0e-01 3.00e-01
 8 3.3e+13 1.4e-86 1.0e-08 +3.29e+11 +3.02e+01 9.0e-01 9.0e-01 3.00e-01
 9 5.1e+12 1.3e-86 1.0e-09 +5.05e+11 +2.94e+00 9.0e-01 9.0e-01 3.00e-01
10 8.3e+11 1.6e-86 9.9e-11 +7.69e+11 +2.10e-01 9.1e-01 9.1e-01 3.00e-01
11 1.8e+11 1.7e-86 8.6e-12 +1.05e+12 -5.85e-02 1.7e+00 1.0e+00 3.00e-01
12 4.0e+10 1.6e-86 2.4e-89 +4.78e+11 -5.83e-02 9.6e-01 9.0e+01 1.00e-01
13 5.4e+09 1.8e-86 2.2e-87 +6.44e+10 -3.98e-03 9.9e-01 9.9e-01 1.00e-01
14 5.9e+08 1.9e-86 1.5e-93 +7.14e+09 -7.15e-03 1.0e+00 1.0e+00 1.00e-01
15 6.1e+07 2.1e-86 3.7e-93 +7.36e+08 -1.04e-02 1.0e+00 1.0e+00 1.00e-01
16 6.2e+06 2.0e-86 1.4e-92 +7.45e+07 -1.37e-02 1.0e+00 1.0e+00 1.00e-01
17 6.2e+05 2.3e-86 3.8e-92 +7.49e+06 -1.67e-02 1.0e+00 1.0e+00 1.00e-01
18 6.3e+04 2.3e-86 1.3e-91 +7.50e+05 -1.95e-02 1.0e+00 1.0e+00 1.00e-01
19 6.3e+03 2.5e-86 4.6e-91 +7.50e+04 -2.19e-02 1.0e+00 1.0e+00 1.00e-01
20 6.3e+02 2.7e-86 1.4e-90 +7.51e+03 -2.42e-02 1.0e+00 1.0e+00 1.00e-01
21 6.3e+01 3.0e-86 3.9e-90 +7.52e+02 -2.60e-02 1.0e+00 3.0e+01 1.00e-01
22 6.4e+00 3.0e-86 4.4e-88 +7.62e+01 -2.55e-02 9.8e-01 1.9e+01 1.00e-01
23 7.3e-01 3.4e-86 7.1e-87 +8.93e+00 +2.11e-01 9.1e-01 3.3e+00 1.00e-01
24 1.1e-01 3.1e-86 1.7e-86 +1.90e+00 +5.58e-01 8.4e-01 1.1e+00 1.00e-01
25 2.1e-02 3.2e-86 2.2e-87 +1.08e+00 +8.22e-01 8.9e-01 9.0e-01 1.00e-01
26 4.1e-03 3.0e-86 2.9e-88 +9.63e-01 +9.14e-01 9.2e-01 9.1e-01 1.00e-01
27 7.3e-04 3.0e-86 1.6e-89 +9.47e-01 +9.38e-01 9.6e-01 8.7e-01 1.00e-01
28 1.4e-04 3.0e-86 8.0e-90 +9.44e-01 +9.43e-01 1.0e+00 9.2e-01 1.00e-01
29 2.2e-05 3.2e-86 3.9e-90 +9.44e-01 +9.44e-01 9.8e-01 9.9e-01 1.00e-01
30 2.5e-06 3.1e-86 1.5e-90 +9.44e-01 +9.44e-01 9.9e-01 1.0e+00 1.00e-01
31 2.6e-07 3.1e-86 3.4e-91 +9.44e-01 +9.44e-01 9.9e-01 1.0e+00 1.00e-01
32 2.6e-08 3.1e-86 3.4e-88 +9.44e-01 +9.44e-01 9.9e-01 1.0e+00 1.00e-01
33 2.6e-09 3.1e-86 2.6e-88 +9.44e-01 +9.44e-01 9.9e-01 1.0e+00 1.00e-01
34 2.6e-10 3.1e-86 3.1e-88 +9.44e-01 +9.44e-01 9.9e-01 1.0e+00 1.00e-01
35 2.6e-11 3.0e-86 9.5e-88 +9.44e-01 +9.44e-01 9.9e-01 1.0e+00 1.00e-01
36 2.6e-12 3.0e-86 4.9e-88 +9.44e-01 +9.44e-01 9.9e-01 1.0e+00 1.00e-01
37 2.6e-13 3.0e-86 1.1e-87 +9.44e-01 +9.44e-01 9.9e-01 1.0e+00 1.00e-01
38 2.6e-14 2.9e-86 1.2e-87 +9.44e-01 +9.44e-01 9.9e-01 1.0e+00 1.00e-01
39 2.6e-15 2.8e-86 9.9e-88 +9.44e-01 +9.44e-01 9.9e-01 1.0e+00 1.00e-01
40 2.6e-16 2.8e-86 9.1e-88 +9.44e-01 +9.44e-01 9.9e-01 1.0e+00 1.00e-01
41 2.6e-17 2.6e-86 1.1e-87 +9.44e-01 +9.44e-01 9.9e-01 1.0e+00 1.00e-01
42 2.6e-18 2.7e-86 1.1e-87 +9.44e-01 +9.44e-01 9.9e-01 1.0e+00 1.00e-01
43 2.6e-19 2.6e-86 1.2e-87 +9.44e-01 +9.44e-01 9.9e-01 1.0e+00 1.00e-01
44 2.6e-20 2.6e-86 1.2e-87 +9.44e-01 +9.44e-01 9.9e-01 1.0e+00 1.00e-01
45 2.6e-21 2.5e-86 3.4e-85 +9.44e-01 +9.44e-01 9.9e-01 1.0e+00 1.00e-01
46 2.6e-22 2.4e-86 1.7e-84 +9.44e-01 +9.44e-01 9.9e-01 1.0e+00 1.00e-01
47 2.6e-23 2.3e-86 1.4e-84 +9.44e-01 +9.44e-01 9.9e-01 1.0e+00 1.00e-01
48 2.6e-24 2.3e-86 6.5e-85 +9.44e-01 +9.44e-01 9.9e-01 1.0e+00 1.00e-01
49 2.6e-25 2.2e-86 9.7e-85 +9.44e-01 +9.44e-01 9.9e-01 1.0e+00 1.00e-01
50 2.6e-26 2.2e-86 1.4e-83 +9.44e-01 +9.44e-01 9.9e-01 1.0e+00 1.00e-01
51 2.6e-27 2.1e-86 8.7e-84 +9.44e-01 +9.44e-01 9.9e-01 1.0e+00 1.00e-01
52 2.6e-28 2.1e-86 2.1e-86 +9.44e-01 +9.44e-01 9.9e-01 1.0e+00 1.00e-01
53 2.6e-29 2.0e-86 7.2e-88 +9.44e-01 +9.44e-01 9.9e-01 1.0e+00 1.00e-01
54 2.6e-30 2.0e-86 9.2e-88 +9.44e-01 +9.44e-01 9.9e-01 1.0e+00 1.00e-01
55 2.6e-31 1.8e-86 1.1e-87 +9.44e-01 +9.44e-01 9.9e-01 1.0e+00 1.00e-01
56 2.6e-32 1.8e-86 1.9e-87 +9.44e-01 +9.44e-01 9.9e-01 1.0e+00 1.00e-01

phase.value = pdOPT     
   Iteration = 56
          mu = 2.5941658898672019e-32
relative gap = 3.1129990678406423e-31
         gap = 3.1129990678406423e-31
      digits = 3.0481801450847829e+01
objValPrimal = 9.4401836132433950e-01
objValDual   = 9.4401836132433950e-01
p.feas.error = 1.8135953965698334e-76
d.feas.error = 2.2230684238162407e-76
relative eps = 8.6361685550944446e-78
total time   = 0.110


Parameters are
maxIteration =    200
epsilonStar  = 1.000e-30
lambdaStar   = 1.000e+10
omegaStar    = 2.000e+00
lowerBound   = -1.000e+05
upperBound   = 1.000e+05
betaStar     = 1.000e-01
betaBar      = 3.000e-01
gammaStar    = 9.000e-01
epsilonDash  = 1.000e-30
precision    =    200

                         Time(sec)  Ratio(% : MainLoop) 
 Predictor time  =       0.020000,  18.181818
 Corrector time  =       0.030000,  27.272727
 Make bMat time  =       0.020000,  18.181818
 Make bDia time  =       0.000000,  0.000000
 Make bF1  time  =       0.020000,  18.181818
 Make bF2  time  =       0.000000,  0.000000
 Make bF3  time  =       0.000000,  0.000000
 Make bPRE time  =       0.020000,  18.181818
 Make rMat time  =       0.020000,  18.181818
 Make gVec Mul   =       0.000000,  0.000000
 Make gVec time  =       0.000000,  0.000000
 Cholesky bMat   =       0.000000,  0.000000
 Ste Pre time    =       0.000000,  0.000000
 Ste Cor time    =       0.050000,  45.454545
 solve           =       0.000000,  0.000000
 sumDz           =       0.000000,  0.000000
 makedX          =       0.010000,  9.090909
 symmetriseDx    =       0.000000,  0.000000
 makedXdZ        =       0.010000,  9.090909
 xMatTime        =       0.010000,  9.090909
 zMatTime        =       0.000000,  0.000000
 invzMatTime     =       0.000000,  0.000000
 xMatzMatTime    =       0.000000,  0.000000
 EigxMatTime     =       0.020000,  18.181818
 EigzMatTime     =       0.030000,  27.272727
 EigxMatzMatTime =       0.000000,  0.000000
 updateRes       =       0.000000,  0.000000
 EigTime         =       0.050000,  45.454545
 sub_total_bMat  =       0.090000,  81.818182
 Main Loop       =       0.110000,  100.000000
 File Check      =       0.000000,  0.000000
 File Change     =       0.000000,  0.000000
 File Read       =       0.000000,  0.000000
 Total           =       0.110000,  100.000000

xVec = 
{-9.440183613243e-01,+5.081341163993e-02,-1.431831022691e-01,-3.758498149156e-02,+7.050690493400e-01,-1.548735361251e-02,-1.879164776460e-02,+1.546500418367e-02}
xMat = 
{
{ {+1.944018361324e+00,+5.081341163993e-02,-1.431831022691e-01,-3.758498149156e-02,+7.050690493400e-01,-1.548735361251e-02 },
  {+5.081341163993e-02,+8.008352590553e-01,-3.758498149156e-02,+7.050690493400e-01,-1.548735361251e-02,-1.879164776460e-02 },
  {-1.431831022691e-01,-3.758498149156e-02,+1.649087410664e+00,-1.548735361251e-02,-1.879164776460e-02,+1.546500418367e-02 },
  {-3.758498149156e-02,+7.050690493400e-01,-1.548735361251e-02,+9.252267135597e-01,+1.546500418367e-02,-6.142318395829e-01 },
  {+7.050690493400e-01,-1.548735361251e-02,-1.879164776460e-02,+1.546500418367e-02,+3.297865217414e-01,-1.361573526777e-01 },
  {-1.548735361251e-02,-1.879164776460e-02,+1.546500418367e-02,-6.142318395829e-01,-1.361573526777e-01,+1.194190013121e+00 }   }
{ {+9.948317729643e-01,-1.431831022691e-01,-3.758498149156e-02,+7.050690493400e-01,-1.548735361251e-02,-1.879164776460e-02 },
  {-1.431831022691e-01,+9.064333798328e-01,+7.050690493400e-01,-1.548735361251e-02,-1.879164776460e-02,+1.546500418367e-02 },
  {-3.758498149156e-02,+7.050690493400e-01,+9.285310077118e-01,-1.879164776460e-02,+1.546500418367e-02,-6.142318395829e-01 },
  {+7.050690493400e-01,-1.548735361251e-02,-1.879164776460e-02,+9.594833655080e-01,-6.142318395829e-01,-1.361573526777e-01 },
  {-1.548735361251e-02,-1.879164776460e-02,+1.546500418367e-02,-6.142318395829e-01,+8.078610086467e-01,+2.501716517966e-01 },
  {-1.879164776460e-02,+1.546500418367e-02,-6.142318395829e-01,-1.361573526777e-01,+2.501716517966e-01,+1.157601808901e+00 }   }
}
yMat = 
{
{ {+7.179451518899e-32,+4.836793918835e-23,+7.687420714565e-25,-5.581511876003e-23,-6.936502919554e-24,-2.874823427728e-23 },
  {+4.836793918835e-23,+2.005887800816e-01,+3.188083594084e-03,-2.314733017002e-01,-2.876667167380e-02,-1.192230501336e-01 },
  {+7.687420714565e-25,+3.188083594084e-03,+5.067021694200e-05,-3.678950713588e-03,-4.572067988166e-04,-1.894886892542e-03 },
  {-5.581511876003e-23,-2.314733017002e-01,-3.678950713588e-03,+2.671130926576e-01,+3.319585705916e-02,+1.375797442009e-01 },
  {-6.936502919554e-24,-2.876667167380e-02,-4.572067988166e-04,+3.319585705916e-02,+4.125462046538e-03,+1.709791713050e-02 },
  {-2.874823427728e-23,-1.192230501336e-01,-1.894886892542e-03,+1.375797442009e-01,+1.709791713050e-02,+7.086206754628e-02 }   }
{ {+5.566528077782e-02,-3.221953233406e-02,+4.819285227298e-02,-8.326208057709e-02,-7.417375154560e-02,+3.314207617604e-02 },
  {-3.221953233406e-02,+4.846970279824e-02,-6.536597944657e-02,+5.190252895770e-02,+5.405357793750e-02,-4.143105999846e-02 },
  {+4.819285227298e-02,-6.536597944657e-02,+8.880872573117e-02,-7.674659994977e-02,-7.819119948669e-02,+5.664924016039e-02 },
  {-8.326208057709e-02,+5.190252895770e-02,-7.674659994977e-02,+1.250018546402e-01,+1.123298589416e-01,-5.234039379578e-02 },
  {-7.417375154560e-02,+5.405357793750e-02,-7.819119948669e-02,+1.123298589416e-01,+1.029836829872e-01,-5.245877426520e-02 },
  {+3.314207617604e-02,-4.143105999846e-02,+5.664924016039e-02,-5.234039379578e-02,-5.245877426520e-02,+3.633068051640e-02 }   }
}
    main loop time = 0.110000
        total time = 0.110000
  file   read time = 0.000000
