SDPA-GMP start at Wed Jun  5 23:35:11 2024
*SDP Scan Problem: V = x^2 - 2*x^4 + x^8
* K = 6; eval = -7.4874371859296485; Domain = R+ with BCs: Neumann
data      is /Users/gorg/qmBoot/data/K=6_BC-Neumann_V_0.0_0.0_1.0_0.0_-2.0_0.0_0.0_0.0_1.0/e=-7.4874371859296485_K=6_D=R+.dat
parameter is ./param.sdpa
out       is /Users/gorg/qmBoot/data/K=6_BC-Neumann_V_0.0_0.0_1.0_0.0_-2.0_0.0_0.0_0.0_1.0/e=-7.4874371859296485_K=6_D=R+.out
DENSE computation
   mu      thetaP  thetaD  objP      objD      alphaP  alphaD  beta 
 0 1.0e+20 1.0e+00 1.0e+00 +0.00e+00 +2.83e+09 1.0e+00 9.0e-01 3.00e-01
 1 1.6e+19 8.6e-88 1.0e-01 +1.60e+10 +2.83e+08 9.0e-01 9.0e-01 3.00e-01
 2 2.5e+18 2.6e-87 1.0e-02 +2.46e+10 +2.83e+07 9.0e-01 9.0e-01 3.00e-01
 3 3.8e+17 2.6e-87 1.0e-03 +3.79e+10 +2.83e+06 9.0e-01 9.0e-01 3.00e-01
 4 5.8e+16 6.9e-87 1.0e-04 +5.84e+10 +2.83e+05 9.0e-01 9.0e-01 3.00e-01
 5 9.0e+15 9.5e-87 1.0e-05 +9.00e+10 +2.83e+04 9.0e-01 9.0e-01 3.00e-01
 6 1.4e+15 1.1e-86 1.0e-06 +1.39e+11 +2.83e+03 9.0e-01 9.0e-01 3.00e-01
 7 2.1e+14 1.1e-86 1.0e-07 +2.13e+11 +2.83e+02 9.0e-01 9.0e-01 3.00e-01
 8 3.3e+13 1.3e-86 1.0e-08 +3.29e+11 +2.82e+01 9.0e-01 9.0e-01 3.00e-01
 9 5.1e+12 1.6e-86 1.0e-09 +5.05e+11 +2.74e+00 9.0e-01 9.0e-01 3.00e-01
10 8.3e+11 1.8e-86 9.9e-11 +7.69e+11 +1.90e-01 9.1e-01 9.1e-01 3.00e-01
11 1.8e+11 1.7e-86 8.6e-12 +1.05e+12 -6.04e-02 1.7e+00 1.0e+00 3.00e-01
12 4.0e+10 1.6e-86 4.9e-94 +4.77e+11 -5.90e-02 9.6e-01 9.0e+01 1.00e-01
13 5.4e+09 1.7e-86 8.1e-92 +6.43e+10 -7.04e-03 9.9e-01 9.9e-01 1.00e-01
14 5.9e+08 1.9e-86 1.9e-93 +7.13e+09 -1.00e-02 1.0e+00 1.0e+00 1.00e-01
15 6.1e+07 1.8e-86 3.6e-93 +7.34e+08 -1.32e-02 1.0e+00 1.0e+00 1.00e-01
16 6.2e+06 1.9e-86 8.6e-93 +7.44e+07 -1.63e-02 1.0e+00 1.0e+00 1.00e-01
17 6.2e+05 2.2e-86 2.8e-92 +7.47e+06 -1.91e-02 1.0e+00 1.0e+00 1.00e-01
18 6.2e+04 2.3e-86 8.6e-92 +7.49e+05 -2.18e-02 1.0e+00 1.0e+00 1.00e-01
19 6.2e+03 2.2e-86 3.9e-91 +7.49e+04 -2.41e-02 1.0e+00 1.0e+00 1.00e-01
20 6.2e+02 2.4e-86 1.3e-90 +7.49e+03 -2.62e-02 1.0e+00 1.0e+00 1.00e-01
21 6.3e+01 2.8e-86 3.0e-90 +7.50e+02 -2.80e-02 1.0e+00 3.0e+01 1.00e-01
22 6.3e+00 2.8e-86 3.5e-88 +7.60e+01 -2.61e-02 9.8e-01 1.9e+01 1.00e-01
23 7.2e-01 2.9e-86 5.5e-87 +8.90e+00 +2.03e-01 9.1e-01 3.3e+00 1.00e-01
24 1.1e-01 2.9e-86 1.3e-86 +1.88e+00 +5.48e-01 8.4e-01 1.1e+00 1.00e-01
25 2.1e-02 3.1e-86 1.9e-87 +1.06e+00 +8.10e-01 8.9e-01 9.1e-01 1.00e-01
26 4.1e-03 2.9e-86 2.2e-88 +9.51e-01 +9.01e-01 9.2e-01 9.1e-01 1.00e-01
27 7.3e-04 2.9e-86 2.8e-89 +9.34e-01 +9.25e-01 9.6e-01 8.7e-01 1.00e-01
28 1.4e-04 3.0e-86 6.3e-90 +9.32e-01 +9.30e-01 1.0e+00 9.2e-01 1.00e-01
29 2.1e-05 2.9e-86 2.9e-90 +9.31e-01 +9.31e-01 9.8e-01 9.9e-01 1.00e-01
30 2.4e-06 2.9e-86 2.4e-90 +9.31e-01 +9.31e-01 9.9e-01 1.0e+00 1.00e-01
31 2.5e-07 3.0e-86 8.5e-91 +9.31e-01 +9.31e-01 9.9e-01 1.0e+00 1.00e-01
32 2.6e-08 3.0e-86 4.0e-88 +9.31e-01 +9.31e-01 9.9e-01 1.0e+00 1.00e-01
33 2.6e-09 3.0e-86 1.6e-88 +9.31e-01 +9.31e-01 9.9e-01 1.0e+00 1.00e-01
34 2.6e-10 2.9e-86 1.8e-88 +9.31e-01 +9.31e-01 9.9e-01 1.0e+00 1.00e-01
35 2.6e-11 3.0e-86 5.0e-88 +9.31e-01 +9.31e-01 9.9e-01 1.0e+00 1.00e-01
36 2.6e-12 2.8e-86 8.6e-88 +9.31e-01 +9.31e-01 9.9e-01 1.0e+00 1.00e-01
37 2.6e-13 2.8e-86 7.9e-88 +9.31e-01 +9.31e-01 9.9e-01 1.0e+00 1.00e-01
38 2.6e-14 2.8e-86 9.9e-88 +9.31e-01 +9.31e-01 9.9e-01 1.0e+00 1.00e-01
39 2.6e-15 2.7e-86 8.6e-88 +9.31e-01 +9.31e-01 9.9e-01 1.0e+00 1.00e-01
40 2.6e-16 2.7e-86 8.9e-88 +9.31e-01 +9.31e-01 9.9e-01 1.0e+00 1.00e-01
41 2.6e-17 2.6e-86 9.3e-88 +9.31e-01 +9.31e-01 9.9e-01 1.0e+00 1.00e-01
42 2.6e-18 2.6e-86 1.2e-87 +9.31e-01 +9.31e-01 9.9e-01 1.0e+00 1.00e-01
43 2.6e-19 2.6e-86 1.0e-87 +9.31e-01 +9.31e-01 9.9e-01 1.0e+00 1.00e-01
44 2.6e-20 2.6e-86 1.4e-87 +9.31e-01 +9.31e-01 9.9e-01 1.0e+00 1.00e-01
45 2.6e-21 2.4e-86 1.7e-85 +9.31e-01 +9.31e-01 9.9e-01 1.0e+00 1.00e-01
46 2.6e-22 2.3e-86 1.1e-84 +9.31e-01 +9.31e-01 9.9e-01 1.0e+00 1.00e-01
47 2.6e-23 2.4e-86 9.5e-85 +9.31e-01 +9.31e-01 9.9e-01 1.0e+00 1.00e-01
48 2.6e-24 2.2e-86 5.2e-85 +9.31e-01 +9.31e-01 9.9e-01 1.0e+00 1.00e-01
49 2.6e-25 2.2e-86 2.0e-84 +9.31e-01 +9.31e-01 9.9e-01 1.0e+00 1.00e-01
50 2.6e-26 2.1e-86 9.0e-84 +9.31e-01 +9.31e-01 9.9e-01 1.0e+00 1.00e-01
51 2.6e-27 2.2e-86 1.6e-83 +9.31e-01 +9.31e-01 9.9e-01 1.0e+00 1.00e-01
52 2.6e-28 2.1e-86 4.8e-86 +9.31e-01 +9.31e-01 9.9e-01 1.0e+00 1.00e-01
53 2.6e-29 2.1e-86 7.3e-88 +9.31e-01 +9.31e-01 9.9e-01 1.0e+00 1.00e-01
54 2.6e-30 2.1e-86 1.2e-87 +9.31e-01 +9.31e-01 9.9e-01 1.0e+00 1.00e-01
55 2.6e-31 2.0e-86 1.2e-87 +9.31e-01 +9.31e-01 9.9e-01 1.0e+00 1.00e-01
56 2.6e-32 2.1e-86 1.2e-87 +9.31e-01 +9.31e-01 9.9e-01 1.0e+00 1.00e-01

phase.value = pdOPT     
   Iteration = 56
          mu = 2.5672025209076392e-32
relative gap = 3.0806430250891670e-31
         gap = 3.0806430250891670e-31
      digits = 3.0480503653305089e+01
objValPrimal = 9.3141886499394609e-01
objValDual   = 9.3141886499394609e-01
p.feas.error = 2.0726804532226667e-76
d.feas.error = 1.4741601704264489e-76
relative eps = 8.6361685550944446e-78
total time   = 0.110


Parameters are
maxIteration =    200
epsilonStar  = 1.000e-30
lambdaStar   = 1.000e+10
omegaStar    = 2.000e+00
lowerBound   = -1.000e+05
upperBound   = 1.000e+05
betaStar     = 1.000e-01
betaBar      = 3.000e-01
gammaStar    = 9.000e-01
epsilonDash  = 1.000e-30
precision    =    200

                         Time(sec)  Ratio(% : MainLoop) 
 Predictor time  =       0.020000,  18.181818
 Corrector time  =       0.010000,  9.090909
 Make bMat time  =       0.020000,  18.181818
 Make bDia time  =       0.000000,  0.000000
 Make bF1  time  =       0.000000,  0.000000
 Make bF2  time  =       0.020000,  18.181818
 Make bF3  time  =       0.000000,  0.000000
 Make bPRE time  =       0.000000,  0.000000
 Make rMat time  =       0.010000,  9.090909
 Make gVec Mul   =       0.000000,  0.000000
 Make gVec time  =       0.000000,  0.000000
 Cholesky bMat   =       0.000000,  0.000000
 Ste Pre time    =       0.000000,  0.000000
 Ste Cor time    =       0.050000,  45.454545
 solve           =       0.000000,  0.000000
 sumDz           =       0.000000,  0.000000
 makedX          =       0.000000,  0.000000
 symmetriseDx    =       0.000000,  0.000000
 makedXdZ        =       0.000000,  0.000000
 xMatTime        =       0.000000,  0.000000
 zMatTime        =       0.020000,  18.181818
 invzMatTime     =       0.000000,  0.000000
 xMatzMatTime    =       0.000000,  0.000000
 EigxMatTime     =       0.030000,  27.272727
 EigzMatTime     =       0.020000,  18.181818
 EigxMatzMatTime =       0.000000,  0.000000
 updateRes       =       0.010000,  9.090909
 EigTime         =       0.050000,  45.454545
 sub_total_bMat  =       0.090000,  81.818182
 Main Loop       =       0.110000,  100.000000
 File Check      =       0.000000,  0.000000
 File Change     =       0.000000,  0.000000
 File Read       =       0.000000,  0.000000
 Total           =       0.110000,  100.000000

xVec = 
{-9.314188649939e-01,+5.087845905558e-02,-1.424595151798e-01,-3.721799485132e-02,+6.950458969757e-01,-1.520320848355e-02,-1.833420800593e-02,+1.504405917488e-02}
xMat = 
{
{ {+1.931418864994e+00,+5.087845905558e-02,-1.424595151798e-01,-3.721799485132e-02,+6.950458969757e-01,-1.520320848355e-02 },
  {+5.087845905558e-02,+7.889593498141e-01,-3.721799485132e-02,+6.950458969757e-01,-1.520320848355e-02,-1.833420800593e-02 },
  {-1.424595151798e-01,-3.721799485132e-02,+1.626464761970e+00,-1.520320848355e-02,-1.833420800593e-02,+1.504405917488e-02 },
  {-3.721799485132e-02,+6.950458969757e-01,-1.520320848355e-02,+9.130846569880e-01,+1.504405917488e-02,-6.064485547432e-01 },
  {+6.950458969757e-01,-1.520320848355e-02,-1.833420800593e-02,+1.504405917488e-02,+3.249703102507e-01,-1.344308758452e-01 },
  {-1.520320848355e-02,-1.833420800593e-02,+1.504405917488e-02,-6.064485547432e-01,-1.344308758452e-01,+1.179482343048e+00 }   }
{ {+9.822973240495e-01,-1.424595151798e-01,-3.721799485132e-02,+6.950458969757e-01,-1.520320848355e-02,-1.833420800593e-02 },
  {-1.424595151798e-01,+8.942008701426e-01,+6.950458969757e-01,-1.520320848355e-02,-1.833420800593e-02,+1.504405917488e-02 },
  {-3.721799485132e-02,+6.950458969757e-01,+9.162156565104e-01,-1.833420800593e-02,+1.504405917488e-02,-6.064485547432e-01 },
  {+6.950458969757e-01,-1.520320848355e-02,-1.833420800593e-02,+9.464629241688e-01,-6.064485547432e-01,-1.344308758452e-01 },
  {-1.520320848355e-02,-1.833420800593e-02,+1.504405917488e-02,-6.064485547432e-01,+7.969879891487e-01,+2.480634780541e-01 },
  {-1.833420800593e-02,+1.504405917488e-02,-6.064485547432e-01,-1.344308758452e-01,+2.480634780541e-01,+1.140979502668e+00 }   }
}
yMat = 
{
{ {+6.894704657148e-32,+4.694548924954e-23,+7.496279104333e-25,-5.413271628798e-23,-6.791502837514e-24,-2.788703409300e-23 },
  {+4.694548924954e-23,+2.014658470072e-01,+3.217016660034e-03,-2.323097215586e-01,-2.914562958278e-02,-1.196767789528e-01 },
  {+7.496279104333e-25,+3.217016660034e-03,+5.136948194780e-05,-3.709533182142e-03,-4.653988620295e-04,-1.911004755544e-03 },
  {-5.413271628798e-23,-2.323097215586e-01,-3.709533182142e-03,+2.678757096168e-01,+3.360774639277e-02,+1.379989690985e-01 },
  {-6.791502837514e-24,-2.914562958278e-02,-4.653988620295e-04,+3.360774639277e-02,+4.216435373018e-03,+1.731338150279e-02 },
  {-2.788703409300e-23,-1.196767789528e-01,-1.911004755544e-03,+1.379989690985e-01,+1.731338150279e-02,+7.109160998396e-02 }   }
{ {+5.491818756685e-02,-3.183447506999e-02,+4.775980515589e-02,-8.232035785773e-02,-7.348634906809e-02,+3.296513868759e-02 },
  {-3.183447506999e-02,+4.842592203606e-02,-6.538028090083e-02,+5.149801570285e-02,+5.385714666162e-02,-4.154240005040e-02 },
  {+4.775980515589e-02,-6.538028090083e-02,+8.894265269822e-02,-7.634330605329e-02,-7.806806462583e-02,+5.688209489064e-02 },
  {-8.232035785773e-02,+5.149801570285e-02,-7.634330605329e-02,+1.238717525297e-01,+1.115730625413e-01,-5.224223485765e-02 },
  {-7.348634906809e-02,+5.385714666162e-02,-7.806806462583e-02,+1.115730625413e-01,+1.025620951020e-01,-5.253806439458e-02 },
  {+3.296513868759e-02,-4.154240005040e-02,+5.688209489064e-02,-5.224223485765e-02,-5.253806439458e-02,+3.657841860419e-02 }   }
}
    main loop time = 0.110000
        total time = 0.110000
  file   read time = 0.000000
