SDPA-GMP start at Wed Jun  5 23:35:10 2024
*SDP Scan Problem: V = x^2 - 2*x^4 + x^8
* K = 6; eval = -8.391959798994975; Domain = R+ with BCs: Neumann
data      is /Users/gorg/qmBoot/data/K=6_BC-Neumann_V_0.0_0.0_1.0_0.0_-2.0_0.0_0.0_0.0_1.0/e=-8.391959798994975_K=6_D=R+.dat
parameter is ./param.sdpa
out       is /Users/gorg/qmBoot/data/K=6_BC-Neumann_V_0.0_0.0_1.0_0.0_-2.0_0.0_0.0_0.0_1.0/e=-8.391959798994975_K=6_D=R+.out
DENSE computation
   mu      thetaP  thetaD  objP      objD      alphaP  alphaD  beta 
 0 1.0e+20 1.0e+00 1.0e+00 +0.00e+00 +4.64e+09 1.0e+00 9.0e-01 3.00e-01
 1 1.6e+19 8.6e-88 1.0e-01 +1.60e+10 +4.64e+08 9.0e-01 9.0e-01 3.00e-01
 2 2.5e+18 2.6e-87 1.0e-02 +2.46e+10 +4.64e+07 9.0e-01 9.0e-01 3.00e-01
 3 3.8e+17 6.0e-87 1.0e-03 +3.79e+10 +4.64e+06 9.0e-01 9.0e-01 3.00e-01
 4 5.8e+16 6.9e-87 1.0e-04 +5.84e+10 +4.64e+05 9.0e-01 9.0e-01 3.00e-01
 5 9.0e+15 8.6e-87 1.0e-05 +9.00e+10 +4.64e+04 9.0e-01 9.0e-01 3.00e-01
 6 1.4e+15 9.5e-87 1.0e-06 +1.39e+11 +4.64e+03 9.0e-01 9.0e-01 3.00e-01
 7 2.1e+14 1.3e-86 1.0e-07 +2.13e+11 +4.64e+02 9.0e-01 9.0e-01 3.00e-01
 8 3.3e+13 1.5e-86 1.0e-08 +3.29e+11 +4.63e+01 9.0e-01 9.0e-01 3.00e-01
 9 5.1e+12 1.7e-86 1.0e-09 +5.05e+11 +4.55e+00 9.0e-01 9.0e-01 3.00e-01
10 8.3e+11 1.6e-86 9.9e-11 +7.68e+11 +3.71e-01 9.1e-01 9.1e-01 3.00e-01
11 1.8e+11 1.9e-86 8.8e-12 +1.05e+12 -4.27e-02 1.7e+00 1.0e+00 3.00e-01
12 4.0e+10 1.9e-86 4.4e-94 +4.81e+11 -5.25e-02 9.6e-01 9.0e+01 1.00e-01
13 5.4e+09 2.3e-86 7.9e-92 +6.50e+10 +2.32e-02 9.9e-01 9.9e-01 1.00e-01
14 6.0e+08 2.3e-86 1.6e-93 +7.23e+09 +1.84e-02 1.0e+00 1.0e+00 1.00e-01
15 6.2e+07 2.4e-86 3.3e-93 +7.46e+08 +1.36e-02 1.0e+00 1.0e+00 1.00e-01
16 6.3e+06 2.8e-86 1.0e-92 +7.56e+07 +8.91e-03 1.0e+00 1.0e+00 1.00e-01
17 6.3e+05 2.9e-86 4.0e-92 +7.60e+06 +4.60e-03 1.0e+00 1.0e+00 1.00e-01
18 6.3e+04 2.8e-86 1.0e-91 +7.61e+05 +6.73e-04 1.0e+00 1.0e+00 1.00e-01
19 6.3e+03 3.2e-86 3.6e-91 +7.61e+04 -2.87e-03 1.0e+00 1.0e+00 1.00e-01
20 6.3e+02 3.1e-86 1.3e-90 +7.62e+03 -6.03e-03 1.0e+00 1.0e+00 1.00e-01
21 6.4e+01 3.2e-86 4.3e-90 +7.63e+02 -8.69e-03 1.0e+00 1.0e+00 1.00e-01
22 6.5e+00 3.3e-86 9.6e-90 +7.74e+01 -9.13e-03 9.8e-01 1.8e+01 1.00e-01
23 7.1e-01 3.4e-86 5.7e-88 +8.87e+00 +3.33e-01 9.1e-01 4.1e+00 1.00e-01
24 1.0e-01 3.5e-86 1.2e-87 +1.95e+00 +7.31e-01 8.7e-01 1.1e+00 1.00e-01
25 1.8e-02 3.5e-86 1.1e-88 +1.16e+00 +9.45e-01 8.9e-01 9.3e-01 1.00e-01
26 3.3e-03 3.5e-86 7.2e-89 +1.06e+00 +1.02e+00 8.9e-01 9.4e-01 1.00e-01
27 5.7e-04 3.5e-86 2.0e-89 +1.05e+00 +1.04e+00 9.4e-01 8.9e-01 1.00e-01
28 1.1e-04 3.5e-86 4.2e-90 +1.05e+00 +1.04e+00 1.0e+00 9.0e-01 1.00e-01
29 1.8e-05 3.5e-86 2.4e-90 +1.04e+00 +1.04e+00 9.7e-01 9.9e-01 1.00e-01
30 2.0e-06 3.5e-86 1.2e-90 +1.04e+00 +1.04e+00 9.9e-01 1.0e+00 1.00e-01
31 2.1e-07 3.4e-86 2.9e-91 +1.04e+00 +1.04e+00 9.9e-01 1.0e+00 1.00e-01
32 2.1e-08 3.5e-86 1.3e-91 +1.04e+00 +1.04e+00 9.9e-01 1.0e+00 1.00e-01
33 2.1e-09 3.5e-86 1.1e-88 +1.04e+00 +1.04e+00 9.9e-01 1.0e+00 1.00e-01
34 2.1e-10 3.4e-86 2.2e-88 +1.04e+00 +1.04e+00 9.9e-01 1.0e+00 1.00e-01
35 2.1e-11 3.5e-86 2.3e-88 +1.04e+00 +1.04e+00 9.9e-01 1.0e+00 1.00e-01
36 2.1e-12 3.5e-86 5.6e-88 +1.04e+00 +1.04e+00 9.9e-01 1.0e+00 1.00e-01
37 2.1e-13 3.5e-86 1.0e-87 +1.04e+00 +1.04e+00 9.9e-01 1.0e+00 1.00e-01
38 2.1e-14 3.5e-86 7.2e-88 +1.04e+00 +1.04e+00 9.9e-01 1.0e+00 1.00e-01
39 2.1e-15 3.5e-86 1.1e-87 +1.04e+00 +1.04e+00 9.9e-01 1.0e+00 1.00e-01
40 2.1e-16 3.4e-86 9.6e-88 +1.04e+00 +1.04e+00 9.9e-01 1.0e+00 1.00e-01
41 2.1e-17 3.4e-86 1.4e-87 +1.04e+00 +1.04e+00 9.9e-01 1.0e+00 1.00e-01
42 2.1e-18 3.5e-86 8.7e-88 +1.04e+00 +1.04e+00 9.9e-01 1.0e+00 1.00e-01
43 2.1e-19 3.4e-86 1.2e-87 +1.04e+00 +1.04e+00 9.9e-01 1.0e+00 1.00e-01
44 2.1e-20 3.5e-86 1.4e-87 +1.04e+00 +1.04e+00 9.9e-01 1.0e+00 1.00e-01
45 2.1e-21 3.5e-86 2.7e-86 +1.04e+00 +1.04e+00 9.9e-01 1.0e+00 1.00e-01
46 2.1e-22 3.5e-86 1.6e-85 +1.04e+00 +1.04e+00 9.9e-01 1.0e+00 1.00e-01
47 2.1e-23 3.5e-86 2.4e-85 +1.04e+00 +1.04e+00 9.9e-01 1.0e+00 1.00e-01
48 2.1e-24 3.5e-86 4.2e-85 +1.04e+00 +1.04e+00 9.9e-01 1.0e+00 1.00e-01
49 2.1e-25 3.5e-86 2.5e-84 +1.04e+00 +1.04e+00 9.9e-01 1.0e+00 1.00e-01
50 2.1e-26 3.5e-86 3.8e-85 +1.04e+00 +1.04e+00 9.9e-01 1.0e+00 1.00e-01
51 2.1e-27 3.5e-86 1.7e-87 +1.04e+00 +1.04e+00 9.9e-01 1.0e+00 1.00e-01
52 2.1e-28 3.5e-86 8.2e-88 +1.04e+00 +1.04e+00 9.9e-01 1.0e+00 1.00e-01
53 2.1e-29 3.5e-86 7.1e-88 +1.04e+00 +1.04e+00 9.9e-01 1.0e+00 1.00e-01
54 2.1e-30 3.5e-86 1.5e-87 +1.04e+00 +1.04e+00 9.9e-01 1.0e+00 1.00e-01
55 2.1e-31 3.5e-86 1.4e-87 +1.04e+00 +1.04e+00 9.9e-01 1.0e+00 1.00e-01
56 2.1e-32 3.5e-86 6.6e-88 +1.04e+00 +1.04e+00 9.9e-01 1.0e+00 1.00e-01

phase.value = pdOPT     
   Iteration = 56
          mu = 2.1297390843347700e-32
relative gap = 2.4458001667719214e-31
         gap = 2.5556869012017240e-31
      digits = 3.0611579029725565e+01
objValPrimal = 1.0449287459877951e+00
objValDual   = 1.0449287459877951e+00
p.feas.error = 3.4544674220377779e-76
d.feas.error = 7.9776755227624836e-77
relative eps = 8.6361685550944446e-78
total time   = 0.110


Parameters are
maxIteration =    200
epsilonStar  = 1.000e-30
lambdaStar   = 1.000e+10
omegaStar    = 2.000e+00
lowerBound   = -1.000e+05
upperBound   = 1.000e+05
betaStar     = 1.000e-01
betaBar      = 3.000e-01
gammaStar    = 9.000e-01
epsilonDash  = 1.000e-30
precision    =    200

                         Time(sec)  Ratio(% : MainLoop) 
 Predictor time  =       0.040000,  36.363636
 Corrector time  =       0.030000,  27.272727
 Make bMat time  =       0.040000,  36.363636
 Make bDia time  =       0.000000,  0.000000
 Make bF1  time  =       0.030000,  27.272727
 Make bF2  time  =       0.010000,  9.090909
 Make bF3  time  =       0.000000,  0.000000
 Make bPRE time  =       0.020000,  18.181818
 Make rMat time  =       0.030000,  27.272727
 Make gVec Mul   =       0.000000,  0.000000
 Make gVec time  =       0.000000,  0.000000
 Cholesky bMat   =       0.000000,  0.000000
 Ste Pre time    =       0.000000,  0.000000
 Ste Cor time    =       0.020000,  18.181818
 solve           =       0.000000,  0.000000
 sumDz           =       0.000000,  0.000000
 makedX          =       0.000000,  0.000000
 symmetriseDx    =       0.000000,  0.000000
 makedXdZ        =       0.000000,  0.000000
 xMatTime        =       0.010000,  9.090909
 zMatTime        =       0.010000,  9.090909
 invzMatTime     =       0.000000,  0.000000
 xMatzMatTime    =       0.000000,  0.000000
 EigxMatTime     =       0.010000,  9.090909
 EigzMatTime     =       0.010000,  9.090909
 EigxMatzMatTime =       0.000000,  0.000000
 updateRes       =       0.000000,  0.000000
 EigTime         =       0.020000,  18.181818
 sub_total_bMat  =       0.070000,  63.636364
 Main Loop       =       0.110000,  100.000000
 File Check      =       0.000000,  0.000000
 File Change     =       0.000000,  0.000000
 File Read       =       0.000000,  0.000000
 Total           =       0.110000,  100.000000

xVec = 
{-1.044928745988e+00,+5.031782912737e-02,-1.480259668325e-01,-4.012267357420e-02,+7.856028839382e-01,-1.737126377774e-02,-2.252432180406e-02,+1.931396936963e-02}
xMat = 
{
{ {+2.044928745988e+00,+5.031782912737e-02,-1.480259668325e-01,-4.012267357420e-02,+7.856028839382e-01,-1.737126377774e-02 },
  {+5.031782912737e-02,+8.969027791553e-01,-4.012267357420e-02,+7.856028839382e-01,-1.737126377774e-02,-2.252432180406e-02 },
  {-1.480259668325e-01,-4.012267357420e-02,+1.830531629926e+00,-1.737126377774e-02,-2.252432180406e-02,+1.931396936963e-02 },
  {-4.012267357420e-02,+7.856028839382e-01,-1.737126377774e-02,+1.022404424184e+00,+1.931396936963e-02,-6.764581123401e-01 },
  {+7.856028839382e-01,-1.737126377774e-02,-2.252432180406e-02,+1.931396936963e-02,+3.684706336477e-01,-1.495764541520e-01 },
  {-1.737126377774e-02,-2.252432180406e-02,+1.931396936963e-02,-6.764581123401e-01,-1.495764541520e-01,+1.310504336674e+00 }   }
{ {+1.095246575115e+00,-1.480259668325e-01,-4.012267357420e-02,+7.856028839382e-01,-1.737126377774e-02,-2.252432180406e-02 },
  {-1.480259668325e-01,+1.004806072414e+00,+7.856028839382e-01,-1.737126377774e-02,-2.252432180406e-02,+1.931396936963e-02 },
  {-4.012267357420e-02,+7.856028839382e-01,+1.027557482210e+00,-2.252432180406e-02,+1.931396936963e-02,-6.764581123401e-01 },
  {+7.856028839382e-01,-1.737126377774e-02,-2.252432180406e-02,+1.064242715357e+00,-6.764581123401e-01,-1.495764541520e-01 },
  {-1.737126377774e-02,-2.252432180406e-02,+1.931396936963e-02,-6.764581123401e-01,+8.953522918357e-01,+2.655755906864e-01 },
  {-2.252432180406e-02,+1.931396936963e-02,-6.764581123401e-01,-1.495764541520e-01,+2.655755906864e-01,+1.290849043580e+00 }   }
}
yMat = 
{
{ {+7.278155278358e-32,+7.806618941491e-23,+1.214865413909e-24,-9.063229940925e-23,-1.043155572109e-23,-4.664947950219e-23 },
  {+7.806618941491e-23,+1.937734166038e-01,+3.015500345940e-03,-2.249646158103e-01,-2.589287598173e-02,-1.157918567483e-01 },
  {+1.214865413909e-24,+3.015500345940e-03,+4.692719205627e-05,-3.500897536360e-03,-4.029447271394e-04,-1.801951940577e-03 },
  {-9.063229940925e-23,-2.249646158103e-01,-3.500897536360e-03,+2.611765806358e-01,+3.006078439213e-02,+1.344305685676e-01 },
  {-1.043155572109e-23,-2.589287598173e-02,-4.029447271394e-04,+3.006078439213e-02,+3.459922616609e-03,+1.547262900673e-02 },
  {-4.664947950219e-23,-1.157918567483e-01,-1.801951940577e-03,+1.344305685676e-01,+1.547262900673e-02,+6.919294877599e-02 }   }
{ {+6.151695547225e-02,-3.520428953044e-02,+5.149291962194e-02,-9.053602703726e-02,-7.941819146223e-02,+3.443302755663e-02 },
  {-3.520428953044e-02,+4.882446477802e-02,-6.527336915284e-02,+5.501025412017e-02,+5.555943852405e-02,-4.060710216915e-02 },
  {+5.149291962194e-02,-6.527336915284e-02,+8.780660921195e-02,-7.977774367208e-02,-7.910086318173e-02,+5.491921062366e-02 },
  {-9.053602703726e-02,+5.501025412017e-02,-7.977774367208e-02,+1.336010081146e-01,+1.180096460871e-01,-5.300770651979e-02 },
  {-7.941819146223e-02,+5.555943852405e-02,-7.910086318173e-02,+1.180096460871e-01,+1.060933182983e-01,-5.182222226373e-02 },
  {+3.443302755663e-02,-4.060710216915e-02,+5.491921062366e-02,-5.300770651979e-02,-5.182222226373e-02,+3.450784830069e-02 }   }
}
    main loop time = 0.110000
        total time = 0.110000
  file   read time = 0.000000
