SDPA-GMP start at Wed Jun  5 23:35:10 2024
*SDP Scan Problem: V = x^2 - 2*x^4 + x^8
* K = 6; eval = -8.693467336683417; Domain = R+ with BCs: Neumann
data      is /Users/gorg/qmBoot/data/K=6_BC-Neumann_V_0.0_0.0_1.0_0.0_-2.0_0.0_0.0_0.0_1.0/e=-8.693467336683417_K=6_D=R+.dat
parameter is ./param.sdpa
out       is /Users/gorg/qmBoot/data/K=6_BC-Neumann_V_0.0_0.0_1.0_0.0_-2.0_0.0_0.0_0.0_1.0/e=-8.693467336683417_K=6_D=R+.out
DENSE computation
   mu      thetaP  thetaD  objP      objD      alphaP  alphaD  beta 
 0 1.0e+20 1.0e+00 1.0e+00 +0.00e+00 +5.24e+09 1.0e+00 9.0e-01 3.00e-01
 1 1.6e+19 8.6e-88 1.0e-01 +1.60e+10 +5.24e+08 9.0e-01 9.0e-01 3.00e-01
 2 2.5e+18 1.7e-87 1.0e-02 +2.46e+10 +5.24e+07 9.0e-01 9.0e-01 3.00e-01
 3 3.8e+17 6.9e-87 1.0e-03 +3.79e+10 +5.24e+06 9.0e-01 9.0e-01 3.00e-01
 4 5.8e+16 6.9e-87 1.0e-04 +5.84e+10 +5.24e+05 9.0e-01 9.0e-01 3.00e-01
 5 9.0e+15 8.6e-87 1.0e-05 +9.00e+10 +5.24e+04 9.0e-01 9.0e-01 3.00e-01
 6 1.4e+15 1.1e-86 1.0e-06 +1.39e+11 +5.24e+03 9.0e-01 9.0e-01 3.00e-01
 7 2.1e+14 1.3e-86 1.0e-07 +2.13e+11 +5.24e+02 9.0e-01 9.0e-01 3.00e-01
 8 3.3e+13 1.5e-86 1.0e-08 +3.29e+11 +5.23e+01 9.0e-01 9.0e-01 3.00e-01
 9 5.1e+12 1.9e-86 1.0e-09 +5.05e+11 +5.15e+00 9.0e-01 9.0e-01 3.00e-01
10 8.3e+11 2.0e-86 9.9e-11 +7.68e+11 +4.31e-01 9.1e-01 9.1e-01 3.00e-01
11 1.8e+11 2.1e-86 8.9e-12 +1.05e+12 -3.66e-02 1.7e+00 1.0e+00 3.00e-01
12 4.0e+10 1.6e-86 7.6e-94 +4.82e+11 -5.03e-02 9.6e-01 9.0e+01 1.00e-01
13 5.4e+09 1.6e-86 8.8e-92 +6.52e+10 +3.47e-02 9.9e-01 9.9e-01 1.00e-01
14 6.1e+08 1.9e-86 2.2e-93 +7.26e+09 +2.91e-02 1.0e+00 1.0e+00 1.00e-01
15 6.2e+07 2.0e-86 3.8e-93 +7.49e+08 +2.36e-02 1.0e+00 1.0e+00 1.00e-01
16 6.3e+06 2.2e-86 1.4e-92 +7.59e+07 +1.83e-02 1.0e+00 1.0e+00 1.00e-01
17 6.4e+05 2.2e-86 3.4e-92 +7.63e+06 +1.35e-02 1.0e+00 1.0e+00 1.00e-01
18 6.4e+04 2.4e-86 1.3e-91 +7.64e+05 +9.03e-03 1.0e+00 1.0e+00 1.00e-01
19 6.4e+03 2.5e-86 5.5e-91 +7.65e+04 +5.03e-03 1.0e+00 1.0e+00 1.00e-01
20 6.4e+02 2.8e-86 1.6e-90 +7.65e+03 +1.45e-03 1.0e+00 1.0e+00 1.00e-01
21 6.4e+01 2.8e-86 4.5e-90 +7.66e+02 -1.57e-03 1.0e+00 1.0e+00 1.00e-01
22 6.5e+00 3.1e-86 9.2e-90 +7.78e+01 -2.22e-03 9.8e-01 1.8e+01 1.00e-01
23 7.2e-01 3.4e-86 9.3e-88 +8.95e+00 +3.51e-01 9.1e-01 4.0e+00 1.00e-01
24 1.0e-01 3.0e-86 2.2e-87 +1.99e+00 +7.64e-01 8.7e-01 1.1e+00 1.00e-01
25 1.8e-02 3.1e-86 1.4e-88 +1.20e+00 +9.84e-01 8.9e-01 9.3e-01 1.00e-01
26 3.4e-03 3.1e-86 7.2e-89 +1.10e+00 +1.06e+00 8.9e-01 9.4e-01 1.00e-01
27 5.9e-04 3.2e-86 2.7e-89 +1.09e+00 +1.08e+00 9.4e-01 8.9e-01 1.00e-01
28 1.1e-04 3.0e-86 3.9e-90 +1.08e+00 +1.08e+00 1.0e+00 9.0e-01 1.00e-01
29 1.8e-05 3.1e-86 3.2e-90 +1.08e+00 +1.08e+00 9.7e-01 9.9e-01 1.00e-01
30 2.1e-06 3.0e-86 6.4e-90 +1.08e+00 +1.08e+00 9.9e-01 1.0e+00 1.00e-01
31 2.2e-07 3.3e-86 2.1e-91 +1.08e+00 +1.08e+00 9.9e-01 1.0e+00 1.00e-01
32 2.2e-08 3.1e-86 1.1e-91 +1.08e+00 +1.08e+00 9.9e-01 1.0e+00 1.00e-01
33 2.2e-09 3.2e-86 2.3e-88 +1.08e+00 +1.08e+00 9.9e-01 1.0e+00 1.00e-01
34 2.2e-10 3.2e-86 3.4e-88 +1.08e+00 +1.08e+00 9.9e-01 1.0e+00 1.00e-01
35 2.2e-11 3.0e-86 4.5e-88 +1.08e+00 +1.08e+00 9.9e-01 1.0e+00 1.00e-01
36 2.2e-12 3.2e-86 1.2e-87 +1.08e+00 +1.08e+00 9.9e-01 1.0e+00 1.00e-01
37 2.2e-13 3.2e-86 9.1e-88 +1.08e+00 +1.08e+00 9.9e-01 1.0e+00 1.00e-01
38 2.2e-14 3.1e-86 8.8e-88 +1.08e+00 +1.08e+00 9.9e-01 1.0e+00 1.00e-01
39 2.2e-15 3.3e-86 1.7e-87 +1.08e+00 +1.08e+00 9.9e-01 1.0e+00 1.00e-01
40 2.2e-16 3.1e-86 1.3e-87 +1.08e+00 +1.08e+00 9.9e-01 1.0e+00 1.00e-01
41 2.2e-17 3.1e-86 1.2e-87 +1.08e+00 +1.08e+00 9.9e-01 1.0e+00 1.00e-01
42 2.2e-18 3.2e-86 1.3e-87 +1.08e+00 +1.08e+00 9.9e-01 1.0e+00 1.00e-01
43 2.2e-19 3.1e-86 1.3e-87 +1.08e+00 +1.08e+00 9.9e-01 1.0e+00 1.00e-01
44 2.2e-20 3.3e-86 1.6e-87 +1.08e+00 +1.08e+00 9.9e-01 1.0e+00 1.00e-01
45 2.2e-21 3.1e-86 1.2e-85 +1.08e+00 +1.08e+00 9.9e-01 1.0e+00 1.00e-01
46 2.2e-22 3.1e-86 1.9e-85 +1.08e+00 +1.08e+00 9.9e-01 1.0e+00 1.00e-01
47 2.2e-23 3.2e-86 4.4e-85 +1.08e+00 +1.08e+00 9.9e-01 1.0e+00 1.00e-01
48 2.2e-24 3.2e-86 2.1e-85 +1.08e+00 +1.08e+00 9.9e-01 1.0e+00 1.00e-01
49 2.2e-25 3.2e-86 3.6e-84 +1.08e+00 +1.08e+00 9.9e-01 1.0e+00 1.00e-01
50 2.2e-26 3.2e-86 1.8e-84 +1.08e+00 +1.08e+00 9.9e-01 1.0e+00 1.00e-01
51 2.2e-27 3.2e-86 2.7e-84 +1.08e+00 +1.08e+00 9.9e-01 1.0e+00 1.00e-01
52 2.2e-28 3.1e-86 9.8e-87 +1.08e+00 +1.08e+00 9.9e-01 1.0e+00 1.00e-01
53 2.2e-29 3.2e-86 1.3e-87 +1.08e+00 +1.08e+00 9.9e-01 1.0e+00 1.00e-01
54 2.2e-30 3.3e-86 1.3e-87 +1.08e+00 +1.08e+00 9.9e-01 1.0e+00 1.00e-01
55 2.2e-31 3.2e-86 1.5e-87 +1.08e+00 +1.08e+00 9.9e-01 1.0e+00 1.00e-01
56 2.2e-32 3.0e-86 1.5e-87 +1.08e+00 +1.08e+00 9.9e-01 1.0e+00 1.00e-01

phase.value = pdOPT     
   Iteration = 56
          mu = 2.1981318778420843e-32
relative gap = 2.4360091972310281e-31
         gap = 2.6377582534105012e-31
      digits = 3.0613321076343290e+01
objValPrimal = 1.0828194969086315e+00
objValDual   = 1.0828194969086315e+00
p.feas.error = 3.0226589942830556e-76
d.feas.error = 1.8095881155524679e-76
relative eps = 8.6361685550944446e-78
total time   = 0.110


Parameters are
maxIteration =    200
epsilonStar  = 1.000e-30
lambdaStar   = 1.000e+10
omegaStar    = 2.000e+00
lowerBound   = -1.000e+05
upperBound   = 1.000e+05
betaStar     = 1.000e-01
betaBar      = 3.000e-01
gammaStar    = 9.000e-01
epsilonDash  = 1.000e-30
precision    =    200

                         Time(sec)  Ratio(% : MainLoop) 
 Predictor time  =       0.020000,  18.181818
 Corrector time  =       0.000000,  0.000000
 Make bMat time  =       0.020000,  18.181818
 Make bDia time  =       0.000000,  0.000000
 Make bF1  time  =       0.010000,  9.090909
 Make bF2  time  =       0.010000,  9.090909
 Make bF3  time  =       0.000000,  0.000000
 Make bPRE time  =       0.020000,  18.181818
 Make rMat time  =       0.000000,  0.000000
 Make gVec Mul   =       0.000000,  0.000000
 Make gVec time  =       0.000000,  0.000000
 Cholesky bMat   =       0.000000,  0.000000
 Ste Pre time    =       0.000000,  0.000000
 Ste Cor time    =       0.080000,  72.727273
 solve           =       0.000000,  0.000000
 sumDz           =       0.000000,  0.000000
 makedX          =       0.000000,  0.000000
 symmetriseDx    =       0.000000,  0.000000
 makedXdZ        =       0.000000,  0.000000
 xMatTime        =       0.000000,  0.000000
 zMatTime        =       0.000000,  0.000000
 invzMatTime     =       0.000000,  0.000000
 xMatzMatTime    =       0.000000,  0.000000
 EigxMatTime     =       0.060000,  54.545455
 EigzMatTime     =       0.020000,  18.181818
 EigxMatzMatTime =       0.000000,  0.000000
 updateRes       =       0.010000,  9.090909
 EigTime         =       0.080000,  72.727273
 sub_total_bMat  =       0.090000,  81.818182
 Main Loop       =       0.110000,  100.000000
 File Check      =       0.000000,  0.000000
 File Change     =       0.000000,  0.000000
 File Read       =       0.000000,  0.000000
 Total           =       0.110000,  100.000000

xVec = 
{-1.082819496909e+00,+5.013796446324e-02,-1.494679484082e-01,-4.090805871311e-02,+8.159233264324e-01,-1.792429181164e-02,-2.394340393649e-02,+2.095203174178e-02}
xMat = 
{
{ {+2.082819496909e+00,+5.013796446324e-02,-1.494679484082e-01,-4.090805871311e-02,+8.159233264324e-01,-1.792429181164e-02 },
  {+5.013796446324e-02,+9.333515485004e-01,-4.090805871311e-02,+8.159233264324e-01,-1.792429181164e-02,-2.394340393649e-02 },
  {-1.494679484082e-01,-4.090805871311e-02,+1.898742823341e+00,-1.792429181164e-02,-2.394340393649e-02,+2.095203174178e-02 },
  {-4.090805871311e-02,+8.159233264324e-01,-1.792429181164e-02,+1.058876092972e+00,+2.095203174178e-02,-6.997982962545e-01 },
  {+8.159233264324e-01,-1.792429181164e-02,-2.394340393649e-02,+2.095203174178e-02,+3.830212006541e-01,-1.544409631973e-01 },
  {-1.792429181164e-02,-2.394340393649e-02,+2.095203174178e-02,-6.997982962545e-01,-1.544409631973e-01,+1.353541902196e+00 }   }
{ {+1.132957461372e+00,-1.494679484082e-01,-4.090805871311e-02,+8.159233264324e-01,-1.792429181164e-02,-2.394340393649e-02 },
  {-1.494679484082e-01,+1.041911438196e+00,+8.159233264324e-01,-1.792429181164e-02,-2.394340393649e-02,+2.095203174178e-02 },
  {-4.090805871311e-02,+8.159233264324e-01,+1.064895205097e+00,-2.394340393649e-02,+2.095203174178e-02,-6.997982962545e-01 },
  {+8.159233264324e-01,-1.792429181164e-02,-2.394340393649e-02,+1.103771528650e+00,-6.997982962545e-01,-1.544409631973e-01 },
  {-1.792429181164e-02,-2.394340393649e-02,+2.095203174178e-02,-6.997982962545e-01,+9.283785337113e-01,+2.707224052872e-01 },
  {-2.394340393649e-02,+2.095203174178e-02,-6.997982962545e-01,-1.544409631973e-01,+2.707224052872e-01,+1.340870136366e+00 }   }
}
yMat = 
{
{ {+8.377444185158e-32,+8.897945664182e-23,+1.381806839942e-24,-1.035344757584e-22,-1.157635347702e-23,-5.329690450696e-23 },
  {+8.897945664182e-23,+1.913620203194e-01,+2.971757276539e-03,-2.226645025685e-01,-2.489646978011e-02,-1.146220004400e-01 },
  {+1.381806839942e-24,+2.971757276539e-03,+4.614991676992e-05,-3.457869302542e-03,-3.866298291882e-04,-1.780022824228e-03 },
  {-1.035344757584e-22,-2.226645025685e-01,-3.457869302542e-03,+2.590873602887e-01,+2.896896703979e-02,+1.333715575785e-01 },
  {-1.157635347702e-23,-2.489646978011e-02,-3.866298291882e-04,+2.896896703979e-02,+3.239065967623e-03,+1.491248454279e-02 },
  {-5.329690450696e-23,-1.146220004400e-01,-1.780022824228e-03,+1.333715575785e-01,+1.491248454279e-02,+6.865627235192e-02 }   }
{ {+6.362311217096e-02,-3.628547112414e-02,+5.266533971112e-02,-9.311272446609e-02,-8.125111384711e-02,+3.486900041333e-02 },
  {-3.628547112414e-02,+4.893628954606e-02,-6.522291923361e-02,+5.612834834658e-02,+5.609803972554e-02,-4.031373265725e-02 },
  {+5.266533971112e-02,-6.522291923361e-02,+8.743435957594e-02,-8.084407926835e-02,-7.941605833153e-02,+5.431400321727e-02 },
  {-9.311272446609e-02,+5.612834834658e-02,-8.084407926835e-02,+1.365947881787e-01,+1.199564620633e-01,-5.321847119574e-02 },
  {-8.125111384711e-02,+5.609803972554e-02,-7.941605833153e-02,+1.199564620633e-01,+1.071354949195e-01,-5.158874369795e-02 },
  {+3.486900041333e-02,-4.031373265725e-02,+5.431400321727e-02,-5.321847119574e-02,-5.158874369795e-02,+3.388508676438e-02 }   }
}
    main loop time = 0.110000
        total time = 0.110000
  file   read time = 0.000000
