SDPA-GMP start at Wed Jun  5 23:35:10 2024
*SDP Scan Problem: V = x^2 - 2*x^4 + x^8
* K = 6; eval = -8.592964824120603; Domain = R+ with BCs: Neumann
data      is /Users/gorg/qmBoot/data/K=6_BC-Neumann_V_0.0_0.0_1.0_0.0_-2.0_0.0_0.0_0.0_1.0/e=-8.592964824120603_K=6_D=R+.dat
parameter is ./param.sdpa
out       is /Users/gorg/qmBoot/data/K=6_BC-Neumann_V_0.0_0.0_1.0_0.0_-2.0_0.0_0.0_0.0_1.0/e=-8.592964824120603_K=6_D=R+.out
DENSE computation
   mu      thetaP  thetaD  objP      objD      alphaP  alphaD  beta 
 0 1.0e+20 1.0e+00 1.0e+00 +0.00e+00 +5.04e+09 1.0e+00 9.0e-01 3.00e-01
 1 1.6e+19 8.6e-88 1.0e-01 +1.60e+10 +5.04e+08 9.0e-01 9.0e-01 3.00e-01
 2 2.5e+18 2.1e-87 1.0e-02 +2.46e+10 +5.04e+07 9.0e-01 9.0e-01 3.00e-01
 3 3.8e+17 6.0e-87 1.0e-03 +3.79e+10 +5.04e+06 9.0e-01 9.0e-01 3.00e-01
 4 5.8e+16 7.8e-87 1.0e-04 +5.84e+10 +5.04e+05 9.0e-01 9.0e-01 3.00e-01
 5 9.0e+15 8.6e-87 1.0e-05 +9.00e+10 +5.04e+04 9.0e-01 9.0e-01 3.00e-01
 6 1.4e+15 1.2e-86 1.0e-06 +1.39e+11 +5.04e+03 9.0e-01 9.0e-01 3.00e-01
 7 2.1e+14 1.5e-86 1.0e-07 +2.13e+11 +5.04e+02 9.0e-01 9.0e-01 3.00e-01
 8 3.3e+13 1.8e-86 1.0e-08 +3.29e+11 +5.03e+01 9.0e-01 9.0e-01 3.00e-01
 9 5.1e+12 2.0e-86 1.0e-09 +5.05e+11 +4.95e+00 9.0e-01 9.0e-01 3.00e-01
10 8.3e+11 2.1e-86 9.9e-11 +7.68e+11 +4.11e-01 9.1e-01 9.1e-01 3.00e-01
11 1.8e+11 2.3e-86 8.9e-12 +1.05e+12 -3.86e-02 1.7e+00 1.0e+00 3.00e-01
12 4.0e+10 1.9e-86 1.7e-89 +4.81e+11 -5.10e-02 9.6e-01 9.0e+01 1.00e-01
13 5.4e+09 1.9e-86 1.4e-87 +6.52e+10 +3.08e-02 9.9e-01 9.9e-01 1.00e-01
14 6.0e+08 1.9e-86 1.9e-93 +7.25e+09 +2.55e-02 1.0e+00 1.0e+00 1.00e-01
15 6.2e+07 1.7e-86 3.4e-93 +7.48e+08 +2.02e-02 1.0e+00 1.0e+00 1.00e-01
16 6.3e+06 1.9e-86 1.0e-92 +7.58e+07 +1.51e-02 1.0e+00 1.0e+00 1.00e-01
17 6.3e+05 1.9e-86 3.8e-92 +7.62e+06 +1.05e-02 1.0e+00 1.0e+00 1.00e-01
18 6.4e+04 2.2e-86 1.3e-91 +7.63e+05 +6.20e-03 1.0e+00 1.0e+00 1.00e-01
19 6.4e+03 2.1e-86 5.4e-91 +7.64e+04 +2.36e-03 1.0e+00 1.0e+00 1.00e-01
20 6.4e+02 2.2e-86 1.2e-90 +7.64e+03 -1.08e-03 1.0e+00 1.0e+00 1.00e-01
21 6.4e+01 2.5e-86 4.3e-90 +7.65e+02 -3.98e-03 1.0e+00 1.0e+00 1.00e-01
22 6.5e+00 2.6e-86 1.5e-89 +7.77e+01 -4.56e-03 9.8e-01 1.8e+01 1.00e-01
23 7.2e-01 2.6e-86 7.0e-88 +8.93e+00 +3.45e-01 9.1e-01 4.1e+00 1.00e-01
24 1.0e-01 2.4e-86 1.7e-87 +1.98e+00 +7.53e-01 8.7e-01 1.1e+00 1.00e-01
25 1.8e-02 2.6e-86 9.3e-89 +1.19e+00 +9.71e-01 8.9e-01 9.3e-01 1.00e-01
26 3.4e-03 2.6e-86 7.2e-89 +1.09e+00 +1.05e+00 8.9e-01 9.4e-01 1.00e-01
27 5.8e-04 2.6e-86 1.8e-89 +1.07e+00 +1.07e+00 9.4e-01 8.9e-01 1.00e-01
28 1.1e-04 2.6e-86 6.3e-90 +1.07e+00 +1.07e+00 1.0e+00 9.0e-01 1.00e-01
29 1.8e-05 2.6e-86 3.8e-90 +1.07e+00 +1.07e+00 9.7e-01 9.9e-01 1.00e-01
30 2.1e-06 2.4e-86 1.9e-90 +1.07e+00 +1.07e+00 9.9e-01 1.0e+00 1.00e-01
31 2.1e-07 2.6e-86 4.2e-91 +1.07e+00 +1.07e+00 9.9e-01 1.0e+00 1.00e-01
32 2.2e-08 2.6e-86 8.9e-92 +1.07e+00 +1.07e+00 9.9e-01 1.0e+00 1.00e-01
33 2.2e-09 2.6e-86 1.7e-88 +1.07e+00 +1.07e+00 9.9e-01 1.0e+00 1.00e-01
34 2.2e-10 2.6e-86 3.0e-88 +1.07e+00 +1.07e+00 9.9e-01 1.0e+00 1.00e-01
35 2.2e-11 2.6e-86 2.5e-88 +1.07e+00 +1.07e+00 9.9e-01 1.0e+00 1.00e-01
36 2.2e-12 2.5e-86 4.9e-88 +1.07e+00 +1.07e+00 9.9e-01 1.0e+00 1.00e-01
37 2.2e-13 2.6e-86 1.2e-87 +1.07e+00 +1.07e+00 9.9e-01 1.0e+00 1.00e-01
38 2.2e-14 2.6e-86 1.0e-87 +1.07e+00 +1.07e+00 9.9e-01 1.0e+00 1.00e-01
39 2.2e-15 2.6e-86 1.2e-87 +1.07e+00 +1.07e+00 9.9e-01 1.0e+00 1.00e-01
40 2.2e-16 2.5e-86 1.9e-87 +1.07e+00 +1.07e+00 9.9e-01 1.0e+00 1.00e-01
41 2.2e-17 2.6e-86 1.5e-87 +1.07e+00 +1.07e+00 9.9e-01 1.0e+00 1.00e-01
42 2.2e-18 2.5e-86 1.8e-87 +1.07e+00 +1.07e+00 9.9e-01 1.0e+00 1.00e-01
43 2.2e-19 2.5e-86 1.4e-87 +1.07e+00 +1.07e+00 9.9e-01 1.0e+00 1.00e-01
44 2.2e-20 2.7e-86 1.3e-87 +1.07e+00 +1.07e+00 9.9e-01 1.0e+00 1.00e-01
45 2.2e-21 2.5e-86 6.8e-86 +1.07e+00 +1.07e+00 9.9e-01 1.0e+00 1.00e-01
46 2.2e-22 2.6e-86 2.9e-85 +1.07e+00 +1.07e+00 9.9e-01 1.0e+00 1.00e-01
47 2.2e-23 2.6e-86 4.2e-85 +1.07e+00 +1.07e+00 9.9e-01 1.0e+00 1.00e-01
48 2.2e-24 2.5e-86 3.3e-85 +1.07e+00 +1.07e+00 9.9e-01 1.0e+00 1.00e-01
49 2.2e-25 2.5e-86 1.5e-84 +1.07e+00 +1.07e+00 9.9e-01 1.0e+00 1.00e-01
50 2.2e-26 2.5e-86 3.0e-84 +1.07e+00 +1.07e+00 9.9e-01 1.0e+00 1.00e-01
51 2.2e-27 2.5e-86 2.6e-84 +1.07e+00 +1.07e+00 9.9e-01 1.0e+00 1.00e-01
52 2.2e-28 2.7e-86 8.4e-87 +1.07e+00 +1.07e+00 9.9e-01 1.0e+00 1.00e-01
53 2.2e-29 2.6e-86 9.3e-88 +1.07e+00 +1.07e+00 9.9e-01 1.0e+00 1.00e-01
54 2.2e-30 2.5e-86 1.5e-87 +1.07e+00 +1.07e+00 9.9e-01 1.0e+00 1.00e-01
55 2.2e-31 2.6e-86 1.3e-87 +1.07e+00 +1.07e+00 9.9e-01 1.0e+00 1.00e-01
56 2.2e-32 2.5e-86 1.5e-87 +1.07e+00 +1.07e+00 9.9e-01 1.0e+00 1.00e-01

phase.value = pdOPT     
   Iteration = 56
          mu = 2.1712853738169841e-32
relative gap = 2.4346622309713377e-31
         gap = 2.6055424485803809e-31
      digits = 3.0613561281430997e+01
objValPrimal = 1.0701864165941690e+00
objValDual   = 1.0701864165941690e+00
p.feas.error = 2.5044888809773889e-76
d.feas.error = 1.7654540537582198e-76
relative eps = 8.6361685550944446e-78
total time   = 0.100


Parameters are
maxIteration =    200
epsilonStar  = 1.000e-30
lambdaStar   = 1.000e+10
omegaStar    = 2.000e+00
lowerBound   = -1.000e+05
upperBound   = 1.000e+05
betaStar     = 1.000e-01
betaBar      = 3.000e-01
gammaStar    = 9.000e-01
epsilonDash  = 1.000e-30
precision    =    200

                         Time(sec)  Ratio(% : MainLoop) 
 Predictor time  =       0.020000,  20.000000
 Corrector time  =       0.010000,  10.000000
 Make bMat time  =       0.010000,  10.000000
 Make bDia time  =       0.000000,  0.000000
 Make bF1  time  =       0.000000,  0.000000
 Make bF2  time  =       0.010000,  10.000000
 Make bF3  time  =       0.000000,  0.000000
 Make bPRE time  =       0.000000,  0.000000
 Make rMat time  =       0.000000,  0.000000
 Make gVec Mul   =       0.000000,  0.000000
 Make gVec time  =       0.000000,  0.000000
 Cholesky bMat   =       0.000000,  0.000000
 Ste Pre time    =       0.000000,  0.000000
 Ste Cor time    =       0.060000,  60.000000
 solve           =       0.000000,  0.000000
 sumDz           =       0.000000,  0.000000
 makedX          =       0.010000,  10.000000
 symmetriseDx    =       0.010000,  10.000000
 makedXdZ        =       0.020000,  20.000000
 xMatTime        =       0.000000,  0.000000
 zMatTime        =       0.010000,  10.000000
 invzMatTime     =       0.000000,  0.000000
 xMatzMatTime    =       0.000000,  0.000000
 EigxMatTime     =       0.050000,  50.000000
 EigzMatTime     =       0.010000,  10.000000
 EigxMatzMatTime =       0.000000,  0.000000
 updateRes       =       0.000000,  0.000000
 EigTime         =       0.060000,  60.000000
 sub_total_bMat  =       0.090000,  90.000000
 Main Loop       =       0.100000,  100.000000
 File Check      =       0.000000,  0.000000
 File Change     =       0.000000,  0.000000
 File Read       =       0.000000,  0.000000
 Total           =       0.100000,  100.000000

xVec = 
{-1.070186416594e+00,+5.019773041562e-02,-1.490072250086e-01,-4.065552249476e-02,+8.058109274390e-01,-1.774804292612e-02,-2.346990033962e-02,+2.039548005946e-02}
xMat = 
{
{ {+2.070186416594e+00,+5.019773041562e-02,-1.490072250086e-01,-4.065552249476e-02,+8.058109274390e-01,-1.774804292612e-02 },
  {+5.019773041562e-02,+9.211791915856e-01,-4.065552249476e-02,+8.058109274390e-01,-1.774804292612e-02,-2.346990033962e-02 },
  {-1.490072250086e-01,-4.065552249476e-02,+1.875997344033e+00,-1.774804292612e-02,-2.346990033962e-02,+2.039548005946e-02 },
  {-4.065552249476e-02,+8.058109274390e-01,-1.774804292612e-02,+1.046716516255e+00,+2.039548005946e-02,-6.920169618939e-01 },
  {+8.058109274390e-01,-1.774804292612e-02,-2.346990033962e-02,+2.039548005946e-02,+3.781694547002e-01,-1.528288711182e-01 },
  {-1.774804292612e-02,-2.346990033962e-02,+2.039548005946e-02,-6.920169618939e-01,-1.528288711182e-01,+1.339229104589e+00 }   }
{ {+1.120384147010e+00,-1.490072250086e-01,-4.065552249476e-02,+8.058109274390e-01,-1.774804292612e-02,-2.346990033962e-02 },
  {-1.490072250086e-01,+1.029530894099e+00,+8.058109274390e-01,-1.774804292612e-02,-2.346990033962e-02,+2.039548005946e-02 },
  {-4.065552249476e-02,+8.058109274390e-01,+1.052438373668e+00,-2.346990033962e-02,+2.039548005946e-02,-6.920169618939e-01 },
  {+8.058109274390e-01,-1.774804292612e-02,-2.346990033962e-02,+1.090581896654e+00,-6.920169618939e-01,-1.528288711182e-01 },
  {-1.774804292612e-02,-2.346990033962e-02,+2.039548005946e-02,-6.920169618939e-01,+9.173575454760e-01,+2.690426879948e-01 },
  {-2.346990033962e-02,+2.039548005946e-02,-6.920169618939e-01,-1.528288711182e-01,+2.690426879948e-01,+1.324196198676e+00 }   }
}
yMat = 
{
{ {+7.993526046704e-32,+8.448399712092e-23,+1.312544375882e-24,-9.823033460739e-23,-1.108986167481e-23,-5.056330355121e-23 },
  {+8.448399712092e-23,+1.921551564336e-01,+2.985324767365e-03,-2.234205998111e-01,-2.522340494175e-02,-1.150040224197e-01 },
  {+1.312544375882e-24,+2.985324767365e-03,+4.638004065076e-05,-3.471065062915e-03,-3.918711154438e-04,-1.786703843125e-03 },
  {-9.823033460739e-23,-2.234205998111e-01,-3.471065062915e-03,+2.597732236095e-01,+2.932748912888e-02,+1.337162538159e-01 },
  {-1.108986167481e-23,-2.522340494175e-02,-3.918711154438e-04,+2.932748912888e-02,+3.310971033326e-03,+1.509609776424e-02 },
  {-5.056330355121e-23,-1.150040224197e-01,-1.786703843125e-03,+1.337162538159e-01,+1.509609776424e-02,+6.882940545647e-02 }   }
{ {+6.292760146172e-02,-3.592721804909e-02,+5.227809857087e-02,-9.226413234982e-02,-8.064879956622e-02,+3.472622487057e-02 },
  {-3.592721804909e-02,+4.890114300437e-02,-6.524162543389e-02,+5.575811816691e-02,+5.591995011898e-02,-4.041114558919e-02 },
  {+5.227809857087e-02,-6.524162543389e-02,+8.755927447775e-02,-8.049215995431e-02,-7.931222643714e-02,+5.451378569711e-02 },
  {-9.226413234982e-02,+5.575811816691e-02,-8.049215995431e-02,+1.356117542816e-01,+1.193188701808e-01,-5.315002556372e-02 },
  {-8.064879956622e-02,+5.591995011898e-02,-7.931222643714e-02,+1.193188701808e-01,+1.067955832363e-01,-5.166601604162e-02 },
  {+3.472622487057e-02,-4.041114558919e-02,+5.451378569711e-02,-5.315002556372e-02,-5.166601604162e-02,+3.408950696471e-02 }   }
}
    main loop time = 0.100000
        total time = 0.100000
  file   read time = 0.000000
