SDPA-GMP start at Wed Jun  5 23:35:10 2024
*SDP Scan Problem: V = x^2 - 2*x^4 + x^8
* K = 6; eval = -8.492462311557789; Domain = R+ with BCs: Neumann
data      is /Users/gorg/qmBoot/data/K=6_BC-Neumann_V_0.0_0.0_1.0_0.0_-2.0_0.0_0.0_0.0_1.0/e=-8.492462311557789_K=6_D=R+.dat
parameter is ./param.sdpa
out       is /Users/gorg/qmBoot/data/K=6_BC-Neumann_V_0.0_0.0_1.0_0.0_-2.0_0.0_0.0_0.0_1.0/e=-8.492462311557789_K=6_D=R+.out
DENSE computation
   mu      thetaP  thetaD  objP      objD      alphaP  alphaD  beta 
 0 1.0e+20 1.0e+00 1.0e+00 +0.00e+00 +4.84e+09 1.0e+00 9.0e-01 3.00e-01
 1 1.6e+19 8.6e-88 1.0e-01 +1.60e+10 +4.84e+08 9.0e-01 9.0e-01 3.00e-01
 2 2.5e+18 1.7e-87 1.0e-02 +2.46e+10 +4.84e+07 9.0e-01 9.0e-01 3.00e-01
 3 3.8e+17 5.2e-87 1.0e-03 +3.79e+10 +4.84e+06 9.0e-01 9.0e-01 3.00e-01
 4 5.8e+16 4.3e-87 1.0e-04 +5.84e+10 +4.84e+05 9.0e-01 9.0e-01 3.00e-01
 5 9.0e+15 6.9e-87 1.0e-05 +9.00e+10 +4.84e+04 9.0e-01 9.0e-01 3.00e-01
 6 1.4e+15 8.6e-87 1.0e-06 +1.39e+11 +4.84e+03 9.0e-01 9.0e-01 3.00e-01
 7 2.1e+14 1.1e-86 1.0e-07 +2.13e+11 +4.84e+02 9.0e-01 9.0e-01 3.00e-01
 8 3.3e+13 1.2e-86 1.0e-08 +3.29e+11 +4.83e+01 9.0e-01 9.0e-01 3.00e-01
 9 5.1e+12 1.6e-86 1.0e-09 +5.05e+11 +4.75e+00 9.0e-01 9.0e-01 3.00e-01
10 8.3e+11 1.7e-86 9.9e-11 +7.68e+11 +3.91e-01 9.1e-01 9.1e-01 3.00e-01
11 1.8e+11 1.9e-86 8.8e-12 +1.05e+12 -4.07e-02 1.7e+00 1.0e+00 3.00e-01
12 4.0e+10 1.6e-86 5.9e-94 +4.81e+11 -5.18e-02 9.6e-01 9.0e+01 1.00e-01
13 5.4e+09 2.0e-86 7.1e-92 +6.51e+10 +2.70e-02 9.9e-01 9.9e-01 1.00e-01
14 6.0e+08 2.0e-86 1.6e-93 +7.24e+09 +2.19e-02 1.0e+00 1.0e+00 1.00e-01
15 6.2e+07 2.2e-86 3.3e-93 +7.47e+08 +1.69e-02 1.0e+00 1.0e+00 1.00e-01
16 6.3e+06 2.4e-86 6.4e-93 +7.57e+07 +1.20e-02 1.0e+00 1.0e+00 1.00e-01
17 6.3e+05 2.5e-86 3.3e-92 +7.61e+06 +7.50e-03 1.0e+00 1.0e+00 1.00e-01
18 6.4e+04 2.8e-86 1.7e-91 +7.62e+05 +3.41e-03 1.0e+00 1.0e+00 1.00e-01
19 6.4e+03 2.8e-86 3.5e-91 +7.63e+04 -2.77e-04 1.0e+00 1.0e+00 1.00e-01
20 6.4e+02 3.1e-86 1.5e-90 +7.63e+03 -3.58e-03 1.0e+00 1.0e+00 1.00e-01
21 6.4e+01 3.3e-86 5.1e-90 +7.64e+02 -6.35e-03 1.0e+00 1.0e+00 1.00e-01
22 6.5e+00 3.5e-86 1.6e-89 +7.76e+01 -6.86e-03 9.8e-01 1.8e+01 1.00e-01
23 7.1e-01 3.4e-86 4.6e-88 +8.90e+00 +3.39e-01 9.1e-01 4.1e+00 1.00e-01
24 1.0e-01 3.4e-86 7.9e-88 +1.96e+00 +7.42e-01 8.7e-01 1.1e+00 1.00e-01
25 1.8e-02 3.5e-86 8.8e-89 +1.18e+00 +9.58e-01 8.9e-01 9.3e-01 1.00e-01
26 3.3e-03 3.4e-86 7.2e-89 +1.07e+00 +1.03e+00 8.9e-01 9.4e-01 1.00e-01
27 5.8e-04 3.5e-86 1.9e-89 +1.06e+00 +1.05e+00 9.4e-01 8.9e-01 1.00e-01
28 1.1e-04 3.5e-86 4.1e-90 +1.06e+00 +1.06e+00 1.0e+00 9.0e-01 1.00e-01
29 1.8e-05 3.5e-86 3.0e-90 +1.06e+00 +1.06e+00 9.7e-01 9.9e-01 1.00e-01
30 2.1e-06 3.5e-86 1.5e-90 +1.06e+00 +1.06e+00 9.9e-01 1.0e+00 1.00e-01
31 2.1e-07 3.4e-86 7.7e-91 +1.06e+00 +1.06e+00 9.9e-01 1.0e+00 1.00e-01
32 2.1e-08 3.4e-86 1.1e-91 +1.06e+00 +1.06e+00 9.9e-01 1.0e+00 1.00e-01
33 2.1e-09 3.3e-86 1.2e-88 +1.06e+00 +1.06e+00 9.9e-01 1.0e+00 1.00e-01
34 2.2e-10 3.2e-86 1.4e-88 +1.06e+00 +1.06e+00 9.9e-01 1.0e+00 1.00e-01
35 2.2e-11 3.4e-86 1.9e-88 +1.06e+00 +1.06e+00 9.9e-01 1.0e+00 1.00e-01
36 2.2e-12 3.3e-86 5.0e-88 +1.06e+00 +1.06e+00 9.9e-01 1.0e+00 1.00e-01
37 2.2e-13 3.3e-86 1.1e-87 +1.06e+00 +1.06e+00 9.9e-01 1.0e+00 1.00e-01
38 2.2e-14 3.2e-86 1.1e-87 +1.06e+00 +1.06e+00 9.9e-01 1.0e+00 1.00e-01
39 2.2e-15 3.2e-86 7.7e-88 +1.06e+00 +1.06e+00 9.9e-01 1.0e+00 1.00e-01
40 2.2e-16 3.3e-86 1.3e-87 +1.06e+00 +1.06e+00 9.9e-01 1.0e+00 1.00e-01
41 2.2e-17 3.4e-86 1.2e-87 +1.06e+00 +1.06e+00 9.9e-01 1.0e+00 1.00e-01
42 2.2e-18 3.3e-86 1.4e-87 +1.06e+00 +1.06e+00 9.9e-01 1.0e+00 1.00e-01
43 2.2e-19 3.2e-86 1.4e-87 +1.06e+00 +1.06e+00 9.9e-01 1.0e+00 1.00e-01
44 2.2e-20 3.4e-86 1.6e-87 +1.06e+00 +1.06e+00 9.9e-01 1.0e+00 1.00e-01
45 2.2e-21 3.3e-86 1.1e-86 +1.06e+00 +1.06e+00 9.9e-01 1.0e+00 1.00e-01
46 2.2e-22 3.4e-86 2.8e-85 +1.06e+00 +1.06e+00 9.9e-01 1.0e+00 1.00e-01
47 2.2e-23 3.5e-86 3.7e-85 +1.06e+00 +1.06e+00 9.9e-01 1.0e+00 1.00e-01
48 2.2e-24 3.3e-86 2.6e-85 +1.06e+00 +1.06e+00 9.9e-01 1.0e+00 1.00e-01
49 2.2e-25 3.3e-86 2.7e-84 +1.06e+00 +1.06e+00 9.9e-01 1.0e+00 1.00e-01
50 2.2e-26 3.4e-86 7.7e-85 +1.06e+00 +1.06e+00 9.9e-01 1.0e+00 1.00e-01
51 2.2e-27 3.4e-86 9.0e-85 +1.06e+00 +1.06e+00 9.9e-01 1.0e+00 1.00e-01
52 2.2e-28 3.5e-86 3.5e-87 +1.06e+00 +1.06e+00 9.9e-01 1.0e+00 1.00e-01
53 2.2e-29 3.3e-86 1.1e-87 +1.06e+00 +1.06e+00 9.9e-01 1.0e+00 1.00e-01
54 2.2e-30 3.4e-86 1.5e-87 +1.06e+00 +1.06e+00 9.9e-01 1.0e+00 1.00e-01
55 2.2e-31 3.2e-86 1.3e-87 +1.06e+00 +1.06e+00 9.9e-01 1.0e+00 1.00e-01
56 2.2e-32 3.4e-86 1.2e-87 +1.06e+00 +1.06e+00 9.9e-01 1.0e+00 1.00e-01

phase.value = pdOPT     
   Iteration = 56
          mu = 2.1511852351421992e-32
relative gap = 2.4409316540209980e-31
         gap = 2.5814222821706391e-31
      digits = 3.0612444380638969e+01
objValPrimal = 1.0575561498898209e+00
objValDual   = 1.0575561498898209e+00
p.feas.error = 3.3681057364868334e-76
d.feas.error = 1.4844939097416653e-76
relative eps = 8.6361685550944446e-78
total time   = 0.120


Parameters are
maxIteration =    200
epsilonStar  = 1.000e-30
lambdaStar   = 1.000e+10
omegaStar    = 2.000e+00
lowerBound   = -1.000e+05
upperBound   = 1.000e+05
betaStar     = 1.000e-01
betaBar      = 3.000e-01
gammaStar    = 9.000e-01
epsilonDash  = 1.000e-30
precision    =    200

                         Time(sec)  Ratio(% : MainLoop) 
 Predictor time  =       0.090000,  75.000000
 Corrector time  =       0.000000,  0.000000
 Make bMat time  =       0.040000,  33.333333
 Make bDia time  =       0.000000,  0.000000
 Make bF1  time  =       0.040000,  33.333333
 Make bF2  time  =       0.000000,  0.000000
 Make bF3  time  =       0.000000,  0.000000
 Make bPRE time  =       0.030000,  25.000000
 Make rMat time  =       0.000000,  0.000000
 Make gVec Mul   =       0.000000,  0.000000
 Make gVec time  =       0.010000,  8.333333
 Cholesky bMat   =       0.000000,  0.000000
 Ste Pre time    =       0.000000,  0.000000
 Ste Cor time    =       0.030000,  25.000000
 solve           =       0.010000,  8.333333
 sumDz           =       0.000000,  0.000000
 makedX          =       0.030000,  25.000000
 symmetriseDx    =       0.000000,  0.000000
 makedXdZ        =       0.030000,  25.000000
 xMatTime        =       0.000000,  0.000000
 zMatTime        =       0.000000,  0.000000
 invzMatTime     =       0.000000,  0.000000
 xMatzMatTime    =       0.000000,  0.000000
 EigxMatTime     =       0.020000,  16.666667
 EigzMatTime     =       0.010000,  8.333333
 EigxMatzMatTime =       0.000000,  0.000000
 updateRes       =       0.000000,  0.000000
 EigTime         =       0.030000,  25.000000
 sub_total_bMat  =       0.080000,  66.666667
 Main Loop       =       0.120000,  100.000000
 File Check      =       0.000000,  0.000000
 File Change     =       0.000000,  0.000000
 File Read       =       0.000000,  0.000000
 Total           =       0.120000,  100.000000

xVec = 
{-1.057556149890e+00,+5.025767431741e-02,-1.485268175460e-01,-4.039380833116e-02,+7.957039646935e-01,-1.756381558774e-02,-2.299680647379e-02,+1.984933645829e-02}
xMat = 
{
{ {+2.057556149890e+00,+5.025767431741e-02,-1.485268175460e-01,-4.039380833116e-02,+7.957039646935e-01,-1.756381558774e-02 },
  {+5.025767431741e-02,+9.090293323438e-01,-4.039380833116e-02,+7.957039646935e-01,-1.756381558774e-02,-2.299680647379e-02 },
  {-1.485268175460e-01,-4.039380833116e-02,+1.853260114583e+00,-1.756381558774e-02,-2.299680647379e-02,+1.984933645829e-02 },
  {-4.039380833116e-02,+7.957039646935e-01,-1.756381558774e-02,+1.034559343416e+00,+1.984933645829e-02,-6.842369776610e-01 },
  {+7.957039646935e-01,-1.756381558774e-02,-2.299680647379e-02,+1.984933645829e-02,+3.733191722288e-01,-1.512074504806e-01 },
  {-1.756381558774e-02,-2.299680647379e-02,+1.984933645829e-02,-6.842369776610e-01,-1.512074504806e-01,+1.324883475216e+00 }   }
{ {+1.107813824207e+00,-1.485268175460e-01,-4.039380833116e-02,+7.957039646935e-01,-1.756381558774e-02,-2.299680647379e-02 },
  {-1.485268175460e-01,+1.017162341559e+00,+7.957039646935e-01,-1.756381558774e-02,-2.299680647379e-02,+1.984933645829e-02 },
  {-4.039380833116e-02,+7.957039646935e-01,+1.039992334302e+00,-2.299680647379e-02,+1.984933645829e-02,-6.842369776610e-01 },
  {+7.957039646935e-01,-1.756381558774e-02,-2.299680647379e-02,+1.077405486348e+00,-6.842369776610e-01,-1.512074504806e-01 },
  {-1.756381558774e-02,-2.299680647379e-02,+1.984933645829e-02,-6.842369776610e-01,+9.063486994093e-01,+2.673273253261e-01 },
  {-2.299680647379e-02,+1.984933645829e-02,-6.842369776610e-01,-1.512074504806e-01,+2.673273253261e-01,+1.307522242494e+00 }   }
}
yMat = 
{
{ {+7.627215507755e-32,+8.133536304814e-23,+1.264499128513e-24,-9.449861975409e-23,-1.077207794840e-23,-4.864043931859e-23 },
  {+8.133536304814e-23,+1.929590951328e-01,+2.999883417114e-03,-2.241874564020e-01,-2.555555545190e-02,-1.153940279056e-01 },
  {+1.264499128513e-24,+2.999883417114e-03,+4.663838473164e-05,-3.485382393209e-03,-3.973053820683e-04,-1.794000072967e-03 },
  {-9.449861975409e-23,-2.241874564020e-01,-3.485382393209e-03,+2.604697932141e-01,+2.969144817849e-02,+1.340693144437e-01 },
  {-1.077207794840e-23,-2.555555545190e-02,-3.973053820683e-04,+2.969144817849e-02,+3.384584769150e-03,+1.528281668677e-02 },
  {-4.864043931859e-23,-1.153940279056e-01,-1.794000072967e-03,+1.340693144437e-01,+1.528281668677e-02,+6.900831322361e-02 }   }
{ {+6.222545636569e-02,-3.556683311519e-02,+5.188732082989e-02,-9.140515073636e-02,-8.003779132332e-02,+3.458093163157e-02 },
  {-3.556683311519e-02,+4.886380709324e-02,-6.525837381288e-02,+5.538544773288e-02,+5.574042605161e-02,-4.050889165215e-02 },
  {+5.188732082989e-02,-6.525837381288e-02,+8.768327979112e-02,-8.013677270654e-02,-7.920718840494e-02,+5.471546628952e-02 },
  {-9.140515073636e-02,+5.538544773288e-02,-8.013677270654e-02,+1.346137755176e-01,+1.186699289159e-01,-5.307981826079e-02 },
  {-8.003779132332e-02,+5.574042605161e-02,-7.920718840494e-02,+1.186699289159e-01,+1.064482072825e-01,-5.174386041904e-02 },
  {+3.458093163157e-02,-4.050889165215e-02,+5.471546628952e-02,-5.307981826079e-02,-5.174386041904e-02,+3.429704922554e-02 }   }
}
    main loop time = 0.120000
        total time = 0.120000
  file   read time = 0.000000
