SDPA-GMP start at Wed Jun  5 23:35:10 2024
*SDP Scan Problem: V = x^2 - 2*x^4 + x^8
* K = 6; eval = -8.190954773869347; Domain = R+ with BCs: Neumann
data      is /Users/gorg/qmBoot/data/K=6_BC-Neumann_V_0.0_0.0_1.0_0.0_-2.0_0.0_0.0_0.0_1.0/e=-8.190954773869347_K=6_D=R+.dat
parameter is ./param.sdpa
out       is /Users/gorg/qmBoot/data/K=6_BC-Neumann_V_0.0_0.0_1.0_0.0_-2.0_0.0_0.0_0.0_1.0/e=-8.190954773869347_K=6_D=R+.out
DENSE computation
   mu      thetaP  thetaD  objP      objD      alphaP  alphaD  beta 
 0 1.0e+20 1.0e+00 1.0e+00 +0.00e+00 +4.24e+09 1.0e+00 9.0e-01 3.00e-01
 1 1.6e+19 8.6e-88 1.0e-01 +1.60e+10 +4.24e+08 9.0e-01 9.0e-01 3.00e-01
 2 2.5e+18 2.6e-87 1.0e-02 +2.46e+10 +4.24e+07 9.0e-01 9.0e-01 3.00e-01
 3 3.8e+17 4.3e-87 1.0e-03 +3.79e+10 +4.24e+06 9.0e-01 9.0e-01 3.00e-01
 4 5.8e+16 6.0e-87 1.0e-04 +5.84e+10 +4.24e+05 9.0e-01 9.0e-01 3.00e-01
 5 9.0e+15 7.8e-87 1.0e-05 +9.00e+10 +4.24e+04 9.0e-01 9.0e-01 3.00e-01
 6 1.4e+15 9.5e-87 1.0e-06 +1.39e+11 +4.24e+03 9.0e-01 9.0e-01 3.00e-01
 7 2.1e+14 1.0e-86 1.0e-07 +2.13e+11 +4.24e+02 9.0e-01 9.0e-01 3.00e-01
 8 3.3e+13 1.4e-86 1.0e-08 +3.29e+11 +4.23e+01 9.0e-01 9.0e-01 3.00e-01
 9 5.1e+12 1.5e-86 1.0e-09 +5.05e+11 +4.15e+00 9.0e-01 9.0e-01 3.00e-01
10 8.3e+11 1.9e-86 9.9e-11 +7.68e+11 +3.31e-01 9.1e-01 9.1e-01 3.00e-01
11 1.8e+11 2.1e-86 8.8e-12 +1.05e+12 -4.67e-02 1.7e+00 1.0e+00 3.00e-01
12 4.0e+10 2.0e-86 6.4e-90 +4.80e+11 -5.40e-02 9.6e-01 9.0e+01 1.00e-01
13 5.4e+09 1.7e-86 5.0e-88 +6.49e+10 +1.60e-02 9.9e-01 9.9e-01 1.00e-01
14 6.0e+08 1.6e-86 7.2e-89 +7.21e+09 +1.16e-02 1.0e+00 1.0e+00 1.00e-01
15 6.2e+07 2.0e-86 2.2e-93 +7.43e+08 +7.21e-03 1.0e+00 1.0e+00 1.00e-01
16 6.3e+06 2.0e-86 1.3e-92 +7.53e+07 +2.90e-03 1.0e+00 1.0e+00 1.00e-01
17 6.3e+05 2.2e-86 4.0e-92 +7.57e+06 -1.05e-03 1.0e+00 1.0e+00 1.00e-01
18 6.3e+04 2.5e-86 1.2e-91 +7.58e+05 -4.66e-03 1.0e+00 1.0e+00 1.00e-01
19 6.3e+03 2.4e-86 3.8e-91 +7.59e+04 -7.91e-03 1.0e+00 1.0e+00 1.00e-01
20 6.3e+02 2.7e-86 1.6e-90 +7.59e+03 -1.08e-02 1.0e+00 1.0e+00 1.00e-01
21 6.3e+01 2.5e-86 4.6e-90 +7.60e+02 -1.32e-02 1.0e+00 1.0e+00 1.00e-01
22 6.4e+00 2.8e-86 1.3e-89 +7.71e+01 -1.36e-02 9.8e-01 1.8e+01 1.00e-01
23 7.1e-01 2.8e-86 3.8e-88 +8.82e+00 +3.21e-01 9.1e-01 4.2e+00 1.00e-01
24 1.0e-01 2.9e-86 8.3e-88 +1.92e+00 +7.09e-01 8.7e-01 1.1e+00 1.00e-01
25 1.8e-02 3.0e-86 1.0e-88 +1.14e+00 +9.19e-01 8.9e-01 9.3e-01 1.00e-01
26 3.3e-03 3.0e-86 7.2e-89 +1.04e+00 +9.96e-01 9.0e-01 9.4e-01 1.00e-01
27 5.6e-04 3.1e-86 7.2e-89 +1.02e+00 +1.02e+00 9.4e-01 8.9e-01 1.00e-01
28 1.1e-04 3.0e-86 3.1e-90 +1.02e+00 +1.02e+00 9.9e-01 9.1e-01 1.00e-01
29 1.7e-05 3.0e-86 1.3e-89 +1.02e+00 +1.02e+00 9.7e-01 9.9e-01 1.00e-01
30 2.0e-06 3.1e-86 9.2e-91 +1.02e+00 +1.02e+00 9.8e-01 1.0e+00 1.00e-01
31 2.1e-07 3.1e-86 6.6e-91 +1.02e+00 +1.02e+00 9.9e-01 1.0e+00 1.00e-01
32 2.1e-08 3.1e-86 7.7e-92 +1.02e+00 +1.02e+00 9.9e-01 1.0e+00 1.00e-01
33 2.1e-09 3.1e-86 2.9e-92 +1.02e+00 +1.02e+00 9.9e-01 1.0e+00 1.00e-01
34 2.1e-10 3.2e-86 1.5e-88 +1.02e+00 +1.02e+00 9.9e-01 1.0e+00 1.00e-01
35 2.1e-11 3.0e-86 3.1e-88 +1.02e+00 +1.02e+00 9.9e-01 1.0e+00 1.00e-01
36 2.1e-12 3.1e-86 4.8e-88 +1.02e+00 +1.02e+00 9.9e-01 1.0e+00 1.00e-01
37 2.1e-13 3.0e-86 6.0e-88 +1.02e+00 +1.02e+00 9.9e-01 1.0e+00 1.00e-01
38 2.1e-14 3.1e-86 6.6e-88 +1.02e+00 +1.02e+00 9.9e-01 1.0e+00 1.00e-01
39 2.1e-15 3.1e-86 1.0e-87 +1.02e+00 +1.02e+00 9.9e-01 1.0e+00 1.00e-01
40 2.1e-16 3.2e-86 1.5e-87 +1.02e+00 +1.02e+00 9.9e-01 1.0e+00 1.00e-01
41 2.1e-17 3.1e-86 1.2e-87 +1.02e+00 +1.02e+00 9.9e-01 1.0e+00 1.00e-01
42 2.1e-18 3.0e-86 1.3e-87 +1.02e+00 +1.02e+00 9.9e-01 1.0e+00 1.00e-01
43 2.1e-19 3.1e-86 8.5e-88 +1.02e+00 +1.02e+00 9.9e-01 1.0e+00 1.00e-01
44 2.1e-20 3.1e-86 1.3e-87 +1.02e+00 +1.02e+00 9.9e-01 1.0e+00 1.00e-01
45 2.1e-21 3.1e-86 3.6e-86 +1.02e+00 +1.02e+00 9.9e-01 1.0e+00 1.00e-01
46 2.1e-22 3.1e-86 8.2e-86 +1.02e+00 +1.02e+00 9.9e-01 1.0e+00 1.00e-01
47 2.1e-23 3.1e-86 1.1e-85 +1.02e+00 +1.02e+00 9.9e-01 1.0e+00 1.00e-01
48 2.1e-24 3.1e-86 1.6e-85 +1.02e+00 +1.02e+00 9.9e-01 1.0e+00 1.00e-01
49 2.1e-25 2.9e-86 8.3e-85 +1.02e+00 +1.02e+00 9.9e-01 1.0e+00 1.00e-01
50 2.1e-26 3.1e-86 8.0e-85 +1.02e+00 +1.02e+00 9.9e-01 1.0e+00 1.00e-01
51 2.1e-27 3.1e-86 4.4e-87 +1.02e+00 +1.02e+00 9.9e-01 1.0e+00 1.00e-01
52 2.1e-28 3.2e-86 1.0e-87 +1.02e+00 +1.02e+00 9.9e-01 1.0e+00 1.00e-01
53 2.1e-29 3.0e-86 1.3e-87 +1.02e+00 +1.02e+00 9.9e-01 1.0e+00 1.00e-01
54 2.1e-30 3.0e-86 1.4e-87 +1.02e+00 +1.02e+00 9.9e-01 1.0e+00 1.00e-01
55 2.1e-31 3.1e-86 1.1e-87 +1.02e+00 +1.02e+00 9.9e-01 1.0e+00 1.00e-01
56 2.1e-32 3.1e-86 1.1e-87 +1.02e+00 +1.02e+00 9.9e-01 1.0e+00 1.00e-01

phase.value = pdOPT     
   Iteration = 56
          mu = 2.0833852793741218e-32
relative gap = 2.4518041549616816e-31
         gap = 2.5000623352489462e-31
      digits = 3.0610514223311998e+01
objValPrimal = 1.0196827222882404e+00
objValDual   = 1.0196827222882404e+00
p.feas.error = 3.1090206798340001e-76
d.feas.error = 1.3103246764441594e-76
relative eps = 8.6361685550944446e-78
total time   = 0.110


Parameters are
maxIteration =    200
epsilonStar  = 1.000e-30
lambdaStar   = 1.000e+10
omegaStar    = 2.000e+00
lowerBound   = -1.000e+05
upperBound   = 1.000e+05
betaStar     = 1.000e-01
betaBar      = 3.000e-01
gammaStar    = 9.000e-01
epsilonDash  = 1.000e-30
precision    =    200

                         Time(sec)  Ratio(% : MainLoop) 
 Predictor time  =       0.030000,  27.272727
 Corrector time  =       0.020000,  18.181818
 Make bMat time  =       0.030000,  27.272727
 Make bDia time  =       0.000000,  0.000000
 Make bF1  time  =       0.010000,  9.090909
 Make bF2  time  =       0.020000,  18.181818
 Make bF3  time  =       0.000000,  0.000000
 Make bPRE time  =       0.010000,  9.090909
 Make rMat time  =       0.010000,  9.090909
 Make gVec Mul   =       0.000000,  0.000000
 Make gVec time  =       0.000000,  0.000000
 Cholesky bMat   =       0.000000,  0.000000
 Ste Pre time    =       0.000000,  0.000000
 Ste Cor time    =       0.060000,  54.545455
 solve           =       0.000000,  0.000000
 sumDz           =       0.000000,  0.000000
 makedX          =       0.000000,  0.000000
 symmetriseDx    =       0.000000,  0.000000
 makedXdZ        =       0.000000,  0.000000
 xMatTime        =       0.000000,  0.000000
 zMatTime        =       0.000000,  0.000000
 invzMatTime     =       0.000000,  0.000000
 xMatzMatTime    =       0.000000,  0.000000
 EigxMatTime     =       0.040000,  36.363636
 EigzMatTime     =       0.020000,  18.181818
 EigxMatzMatTime =       0.000000,  0.000000
 updateRes       =       0.000000,  0.000000
 EigTime         =       0.060000,  54.545455
 sub_total_bMat  =       0.080000,  72.727273
 Main Loop       =       0.110000,  100.000000
 File Check      =       0.000000,  0.000000
 File Change     =       0.000000,  0.000000
 File Read       =       0.000000,  0.000000
 Total           =       0.110000,  100.000000

xVec = 
{-1.019682722288e+00,+5.043893959022e-02,-1.469597673076e-01,-3.955116445051e-02,+7.654202878273e-01,-1.695976552043e-02,-2.158200245046e-02,+1.827706855098e-02}
xMat = 
{
{ {+2.019682722288e+00,+5.043893959022e-02,-1.469597673076e-01,-3.955116445051e-02,+7.654202878273e-01,-1.695976552043e-02 },
  {+5.043893959022e-02,+8.727229549806e-01,-3.955116445051e-02,+7.654202878273e-01,-1.695976552043e-02,-2.158200245046e-02 },
  {-1.469597673076e-01,-3.955116445051e-02,+1.785103010116e+00,-1.695976552043e-02,-2.158200245046e-02,+1.827706855098e-02 },
  {-3.955116445051e-02,+7.654202878273e-01,-1.695976552043e-02,+9.981007198378e-01,+1.827706855098e-02,-6.609027024580e-01 },
  {+7.654202878273e-01,-1.695976552043e-02,-2.158200245046e-02,+1.827706855098e-02,+3.587800198302e-01,-1.462847841241e-01 },
  {-1.695976552043e-02,-2.158200245046e-02,+1.827706855098e-02,-6.609027024580e-01,-1.462847841241e-01,+1.281642900427e+00 }   }
{ {+1.070121661878e+00,-1.469597673076e-01,-3.955116445051e-02,+7.654202878273e-01,-1.695976552043e-02,-2.158200245046e-02 },
  {-1.469597673076e-01,+9.801315578377e-01,+7.654202878273e-01,-1.695976552043e-02,-2.158200245046e-02,+1.827706855098e-02 },
  {-3.955116445051e-02,+7.654202878273e-01,+1.002722956768e+00,-2.158200245046e-02,+1.827706855098e-02,-6.609027024580e-01 },
  {+7.654202878273e-01,-1.695976552043e-02,-2.158200245046e-02,+1.037959790839e+00,-6.609027024580e-01,-1.462847841241e-01 },
  {-1.695976552043e-02,-2.158200245046e-02,+1.827706855098e-02,-6.609027024580e-01,+8.733979381641e-01,+2.619601781388e-01 },
  {-2.158200245046e-02,+1.827706855098e-02,-6.609027024580e-01,-1.462847841241e-01,+2.619601781388e-01,+1.257508282892e+00 }   }
}
yMat = 
{
{ {+6.629898810801e-32,+7.108146558486e-23,+1.109406198771e-24,-8.239902094724e-23,-9.668579958109e-24,-4.241298263764e-23 },
  {+7.108146558486e-23,+1.954312148360e-01,+3.050198791602e-03,-2.265476749944e-01,-2.658277065993e-02,-1.166101549753e-01 },
  {+1.109406198771e-24,+3.050198791602e-03,+4.760607294027e-05,-3.535849915726e-03,-4.148914236263e-04,-1.819996637141e-03 },
  {-8.239902094724e-23,-2.265476749944e-01,-3.535849915726e-03,+2.626184823568e-01,+3.081526609231e-02,+1.351767654545e-01 },
  {-9.668579958109e-24,-2.658277065993e-02,-4.148914236263e-04,+3.081526609231e-02,+3.615817956979e-03,+1.586144265094e-02 },
  {-4.241298263764e-23,-1.166101549753e-01,-1.819996637141e-03,+1.351767654545e-01,+1.586144265094e-02,+6.957910103952e-02 }   }
{ {+6.008216542503e-02,-3.447257413697e-02,+5.069284617291e-02,-8.876854431247e-02,-7.815375530394e-02,+3.412897948809e-02 },
  {-3.447257413697e-02,+4.874063343679e-02,-6.529907359320e-02,+5.425189413172e-02,+5.519293369939e-02,-4.080552160524e-02 },
  {+5.069284617291e-02,-6.529907359320e-02,+8.805233753844e-02,-7.904797036575e-02,-7.888398598650e-02,+5.533363501393e-02 },
  {-8.876854431247e-02,+5.425189413172e-02,-7.904797036575e-02,+1.315319604239e-01,+1.166552195723e-01,-5.285713369506e-02 },
  {-7.815375530394e-02,+5.519293369939e-02,-7.888398598650e-02,+1.166552195723e-01,+1.053608822022e-01,-5.198024684063e-02 },
  {+3.412897948809e-02,-4.080552160524e-02,+5.533363501393e-02,-5.285713369506e-02,-5.198024684063e-02,+3.493979871143e-02 }   }
}
    main loop time = 0.110000
        total time = 0.110000
  file   read time = 0.000000
