SDPA-GMP start at Wed Jun  5 23:35:10 2024
*SDP Scan Problem: V = x^2 - 2*x^4 + x^8
* K = 6; eval = -8.99497487437186; Domain = R+ with BCs: Neumann
data      is /Users/gorg/qmBoot/data/K=6_BC-Neumann_V_0.0_0.0_1.0_0.0_-2.0_0.0_0.0_0.0_1.0/e=-8.99497487437186_K=6_D=R+.dat
parameter is ./param.sdpa
out       is /Users/gorg/qmBoot/data/K=6_BC-Neumann_V_0.0_0.0_1.0_0.0_-2.0_0.0_0.0_0.0_1.0/e=-8.99497487437186_K=6_D=R+.out
DENSE computation
   mu      thetaP  thetaD  objP      objD      alphaP  alphaD  beta 
 0 1.0e+20 1.0e+00 1.0e+00 +0.00e+00 +5.85e+09 1.0e+00 9.0e-01 3.00e-01
 1 1.6e+19 8.6e-88 1.0e-01 +1.60e+10 +5.85e+08 9.0e-01 9.0e-01 3.00e-01
 2 2.5e+18 3.5e-87 1.0e-02 +2.46e+10 +5.85e+07 9.0e-01 9.0e-01 3.00e-01
 3 3.8e+17 7.8e-87 1.0e-03 +3.79e+10 +5.85e+06 9.0e-01 9.0e-01 3.00e-01
 4 5.8e+16 1.1e-86 1.0e-04 +5.84e+10 +5.85e+05 9.0e-01 9.0e-01 3.00e-01
 5 9.0e+15 1.4e-86 1.0e-05 +9.00e+10 +5.85e+04 9.0e-01 9.0e-01 3.00e-01
 6 1.4e+15 1.6e-86 1.0e-06 +1.39e+11 +5.85e+03 9.0e-01 9.0e-01 3.00e-01
 7 2.1e+14 2.0e-86 1.0e-07 +2.13e+11 +5.85e+02 9.0e-01 9.0e-01 3.00e-01
 8 3.3e+13 2.2e-86 1.0e-08 +3.29e+11 +5.84e+01 9.0e-01 9.0e-01 3.00e-01
 9 5.1e+12 2.4e-86 1.0e-09 +5.05e+11 +5.75e+00 9.0e-01 9.0e-01 3.00e-01
10 8.3e+11 2.4e-86 9.9e-11 +7.68e+11 +4.91e-01 9.1e-01 9.1e-01 3.00e-01
11 1.8e+11 2.6e-86 9.0e-12 +1.05e+12 -3.04e-02 1.8e+00 1.0e+00 3.00e-01
12 4.0e+10 2.2e-86 8.1e-94 +4.83e+11 -4.80e-02 9.6e-01 9.0e+01 1.00e-01
13 5.5e+09 2.3e-86 9.6e-92 +6.54e+10 +4.68e-02 9.9e-01 9.9e-01 1.00e-01
14 6.1e+08 2.1e-86 2.7e-93 +7.29e+09 +4.04e-02 1.0e+00 1.0e+00 1.00e-01
15 6.3e+07 2.5e-86 2.6e-93 +7.52e+08 +3.42e-02 1.0e+00 1.0e+00 1.00e-01
16 6.4e+06 2.6e-86 1.3e-92 +7.62e+07 +2.83e-02 1.0e+00 1.0e+00 1.00e-01
17 6.4e+05 2.7e-86 4.1e-92 +7.66e+06 +2.28e-02 1.0e+00 1.0e+00 1.00e-01
18 6.4e+04 2.8e-86 1.4e-91 +7.68e+05 +1.78e-02 1.0e+00 1.0e+00 1.00e-01
19 6.4e+03 2.8e-86 4.5e-91 +7.68e+04 +1.33e-02 1.0e+00 1.0e+00 1.00e-01
20 6.4e+02 2.7e-86 1.3e-90 +7.68e+03 +9.30e-03 1.0e+00 1.0e+00 1.00e-01
21 6.4e+01 2.9e-86 5.2e-90 +7.70e+02 +5.90e-03 1.0e+00 1.0e+00 1.00e-01
22 6.5e+00 2.8e-86 1.2e-89 +7.82e+01 +5.02e-03 9.8e-01 1.8e+01 1.00e-01
23 7.2e-01 3.4e-86 4.1e-88 +9.03e+00 +3.69e-01 9.1e-01 4.0e+00 1.00e-01
24 1.0e-01 3.1e-86 7.9e-88 +2.04e+00 +7.98e-01 8.7e-01 1.1e+00 1.00e-01
25 1.8e-02 3.2e-86 9.3e-89 +1.24e+00 +1.02e+00 8.9e-01 9.4e-01 1.00e-01
26 3.4e-03 3.2e-86 7.2e-89 +1.14e+00 +1.10e+00 8.9e-01 9.3e-01 1.00e-01
27 6.0e-04 3.2e-86 2.1e-89 +1.12e+00 +1.12e+00 9.4e-01 8.9e-01 1.00e-01
28 1.1e-04 3.2e-86 6.9e-90 +1.12e+00 +1.12e+00 1.0e+00 8.9e-01 1.00e-01
29 1.9e-05 3.2e-86 4.1e-90 +1.12e+00 +1.12e+00 9.7e-01 9.9e-01 1.00e-01
30 2.1e-06 3.2e-86 6.5e-91 +1.12e+00 +1.12e+00 9.9e-01 1.0e+00 1.00e-01
31 2.2e-07 3.3e-86 1.7e-91 +1.12e+00 +1.12e+00 9.9e-01 1.0e+00 1.00e-01
32 2.3e-08 3.2e-86 1.2e-88 +1.12e+00 +1.12e+00 9.9e-01 1.0e+00 1.00e-01
33 2.3e-09 3.3e-86 2.4e-88 +1.12e+00 +1.12e+00 9.9e-01 1.0e+00 1.00e-01
34 2.3e-10 3.2e-86 3.0e-88 +1.12e+00 +1.12e+00 9.9e-01 1.0e+00 1.00e-01
35 2.3e-11 3.3e-86 9.6e-88 +1.12e+00 +1.12e+00 9.9e-01 1.0e+00 1.00e-01
36 2.3e-12 3.3e-86 8.9e-88 +1.12e+00 +1.12e+00 9.9e-01 1.0e+00 1.00e-01
37 2.3e-13 3.1e-86 1.0e-87 +1.12e+00 +1.12e+00 9.9e-01 1.0e+00 1.00e-01
38 2.3e-14 3.2e-86 1.7e-87 +1.12e+00 +1.12e+00 9.9e-01 1.0e+00 1.00e-01
39 2.3e-15 3.3e-86 1.6e-87 +1.12e+00 +1.12e+00 9.9e-01 1.0e+00 1.00e-01
40 2.3e-16 3.2e-86 1.5e-87 +1.12e+00 +1.12e+00 9.9e-01 1.0e+00 1.00e-01
41 2.3e-17 3.2e-86 1.4e-87 +1.12e+00 +1.12e+00 9.9e-01 1.0e+00 1.00e-01
42 2.3e-18 3.3e-86 1.9e-87 +1.12e+00 +1.12e+00 9.9e-01 1.0e+00 1.00e-01
43 2.3e-19 3.2e-86 1.4e-87 +1.12e+00 +1.12e+00 9.9e-01 1.0e+00 1.00e-01
44 2.3e-20 3.1e-86 9.4e-88 +1.12e+00 +1.12e+00 9.9e-01 1.0e+00 1.00e-01
45 2.3e-21 3.3e-86 1.1e-85 +1.12e+00 +1.12e+00 9.9e-01 1.0e+00 1.00e-01
46 2.3e-22 3.4e-86 5.3e-85 +1.12e+00 +1.12e+00 9.9e-01 1.0e+00 1.00e-01
47 2.3e-23 3.3e-86 5.4e-85 +1.12e+00 +1.12e+00 9.9e-01 1.0e+00 1.00e-01
48 2.3e-24 3.3e-86 4.3e-85 +1.12e+00 +1.12e+00 9.9e-01 1.0e+00 1.00e-01
49 2.3e-25 3.2e-86 5.1e-84 +1.12e+00 +1.12e+00 9.9e-01 1.0e+00 1.00e-01
50 2.3e-26 3.2e-86 2.8e-84 +1.12e+00 +1.12e+00 9.9e-01 1.0e+00 1.00e-01
51 2.3e-27 3.2e-86 2.3e-84 +1.12e+00 +1.12e+00 9.9e-01 1.0e+00 1.00e-01
52 2.3e-28 3.2e-86 8.4e-87 +1.12e+00 +1.12e+00 9.9e-01 1.0e+00 1.00e-01
53 2.3e-29 3.3e-86 1.5e-87 +1.12e+00 +1.12e+00 9.9e-01 1.0e+00 1.00e-01
54 2.3e-30 3.2e-86 1.3e-87 +1.12e+00 +1.12e+00 9.9e-01 1.0e+00 1.00e-01
55 2.3e-31 3.2e-86 1.8e-87 +1.12e+00 +1.12e+00 9.9e-01 1.0e+00 1.00e-01
56 2.3e-32 3.3e-86 1.8e-87 +1.12e+00 +1.12e+00 9.9e-01 1.0e+00 1.00e-01

phase.value = pdOPT     
   Iteration = 56
          mu = 2.2627568079045215e-32
relative gap = 2.4227920626574524e-31
         gap = 2.7153081694854258e-31
      digits = 3.0615683857804555e+01
objValPrimal = 1.1207351267723428e+00
objValDual   = 1.1207351267723428e+00
p.feas.error = 3.2817440509358890e-76
d.feas.error = 2.1573675176384382e-76
relative eps = 8.6361685550944446e-78
total time   = 0.110


Parameters are
maxIteration =    200
epsilonStar  = 1.000e-30
lambdaStar   = 1.000e+10
omegaStar    = 2.000e+00
lowerBound   = -1.000e+05
upperBound   = 1.000e+05
betaStar     = 1.000e-01
betaBar      = 3.000e-01
gammaStar    = 9.000e-01
epsilonDash  = 1.000e-30
precision    =    200

                         Time(sec)  Ratio(% : MainLoop) 
 Predictor time  =       0.010000,  9.090909
 Corrector time  =       0.050000,  45.454545
 Make bMat time  =       0.000000,  0.000000
 Make bDia time  =       0.000000,  0.000000
 Make bF1  time  =       0.000000,  0.000000
 Make bF2  time  =       0.000000,  0.000000
 Make bF3  time  =       0.000000,  0.000000
 Make bPRE time  =       0.000000,  0.000000
 Make rMat time  =       0.020000,  18.181818
 Make gVec Mul   =       0.000000,  0.000000
 Make gVec time  =       0.000000,  0.000000
 Cholesky bMat   =       0.000000,  0.000000
 Ste Pre time    =       0.000000,  0.000000
 Ste Cor time    =       0.030000,  27.272727
 solve           =       0.000000,  0.000000
 sumDz           =       0.010000,  9.090909
 makedX          =       0.030000,  27.272727
 symmetriseDx    =       0.000000,  0.000000
 makedXdZ        =       0.040000,  36.363636
 xMatTime        =       0.000000,  0.000000
 zMatTime        =       0.000000,  0.000000
 invzMatTime     =       0.000000,  0.000000
 xMatzMatTime    =       0.000000,  0.000000
 EigxMatTime     =       0.020000,  18.181818
 EigzMatTime     =       0.010000,  9.090909
 EigxMatzMatTime =       0.000000,  0.000000
 updateRes       =       0.010000,  9.090909
 EigTime         =       0.030000,  27.272727
 sub_total_bMat  =       0.110000,  100.000000
 Main Loop       =       0.110000,  100.000000
 File Check      =       0.000000,  0.000000
 File Change     =       0.000000,  0.000000
 File Read       =       0.000000,  0.000000
 Total           =       0.110000,  100.000000

xVec = 
{-1.120735126772e+00,+4.995949430776e-02,-1.507392284500e-01,-4.161299725854e-02,+8.462890613346e-01,-1.840850911229e-02,-2.536446426032e-02,+2.268055027390e-02}
xMat = 
{
{ {+2.120735126772e+00,+4.995949430776e-02,-1.507392284500e-01,-4.161299725854e-02,+8.462890613346e-01,-1.840850911229e-02 },
  {+4.995949430776e-02,+9.699958983223e-01,-4.161299725854e-02,+8.462890613346e-01,-1.840850911229e-02,-2.536446426032e-02 },
  {-1.507392284500e-01,-4.161299725854e-02,+1.967024188107e+00,-1.840850911229e-02,-2.536446426032e-02,+2.268055027390e-02 },
  {-4.161299725854e-02,+8.462890613346e-01,-1.840850911229e-02,+1.095370662512e+00,+2.268055027390e-02,-7.231524098928e-01 },
  {+8.462890613346e-01,-1.840850911229e-02,-2.536446426032e-02,+2.268055027390e-02,+3.975827168795e-01,-1.592238171524e-01 },
  {-1.840850911229e-02,-2.536446426032e-02,+2.268055027390e-02,-7.231524098928e-01,-1.592238171524e-01,+1.396290245277e+00 }   }
{ {+1.170694621080e+00,-1.507392284500e-01,-4.161299725854e-02,+8.462890613346e-01,-1.840850911229e-02,-2.536446426032e-02 },
  {-1.507392284500e-01,+1.079122129514e+00,+8.462890613346e-01,-1.840850911229e-02,-2.536446426032e-02,+2.268055027390e-02 },
  {-4.161299725854e-02,+8.462890613346e-01,+1.102326617660e+00,-2.536446426032e-02,+2.268055027390e-02,-7.231524098928e-01 },
  {+8.462890613346e-01,-1.840850911229e-02,-2.536446426032e-02,+1.143415677046e+00,-7.231524098928e-01,-1.592238171524e-01 },
  {-1.840850911229e-02,-2.536446426032e-02,+2.268055027390e-02,-7.231524098928e-01,+9.615113096199e-01,+2.755551185042e-01 },
  {-2.536446426032e-02,+2.268055027390e-02,-7.231524098928e-01,-1.592238171524e-01,+2.755551185042e-01,+1.390884823503e+00 }   }
}
yMat = 
{
{ {+9.634864218412e-32,+1.028815046736e-22,+1.597984036524e-24,-1.199768152891e-22,-1.303208101156e-23,-6.178031393592e-23 },
  {+1.028815046736e-22,+1.890507872321e-01,+2.936389199729e-03,-2.204644211794e-01,-2.394721132360e-02,-1.135249432498e-01 },
  {+1.597984036524e-24,+2.936389199729e-03,+4.560881051345e-05,-3.424314464668e-03,-3.719547203363e-04,-1.763300868192e-03 },
  {-1.199768152891e-22,-2.204644211794e-01,-3.424314464668e-03,+2.570979032544e-01,+2.792640094557e-02,+1.323888213820e-01 },
  {-1.303208101156e-23,-2.394721132360e-02,-3.719547203363e-04,+2.792640094557e-02,+3.033412018926e-03,+1.438029349842e-02 },
  {-6.178031393592e-23,-1.135249432498e-01,-1.763300868192e-03,+1.323888213820e-01,+1.438029349842e-02,+6.817169570449e-02 }   }
{ {+6.566750007769e-02,-3.734759696284e-02,+5.380657694687e-02,-9.559422906203e-02,-8.300521068519e-02,+3.528306052743e-02 },
  {-3.734759696284e-02,+4.902713418558e-02,-6.515341216817e-02,+5.722504568767e-02,+5.662393402780e-02,-4.002239070529e-02 },
  {+5.380657694687e-02,-6.515341216817e-02,+8.705225105415e-02,-8.188052121538e-02,-7.972101999606e-02,+5.372460759208e-02 },
  {-9.559422906203e-02,+5.722504568767e-02,-8.188052121538e-02,+1.394532586332e-01,+1.218014043544e-01,-5.341449354677e-02 },
  {-8.300521068519e-02,+5.662393402780e-02,-7.972101999606e-02,+1.218014043544e-01,+1.081111206585e-01,-5.136081675005e-02 },
  {+3.528306052743e-02,-4.002239070529e-02,+5.372460759208e-02,-5.341449354677e-02,-5.136081675005e-02,+3.328932837056e-02 }   }
}
    main loop time = 0.110000
        total time = 0.110000
  file   read time = 0.000000
