SDPA-GMP start at Wed Jun  5 23:35:10 2024
*SDP Scan Problem: V = x^2 - 2*x^4 + x^8
* K = 6; eval = -9.698492462311558; Domain = R+ with BCs: Neumann
data      is /Users/gorg/qmBoot/data/K=6_BC-Neumann_V_0.0_0.0_1.0_0.0_-2.0_0.0_0.0_0.0_1.0/e=-9.698492462311558_K=6_D=R+.dat
parameter is ./param.sdpa
out       is /Users/gorg/qmBoot/data/K=6_BC-Neumann_V_0.0_0.0_1.0_0.0_-2.0_0.0_0.0_0.0_1.0/e=-9.698492462311558_K=6_D=R+.out
DENSE computation
   mu      thetaP  thetaD  objP      objD      alphaP  alphaD  beta 
 0 1.0e+20 1.0e+00 1.0e+00 +0.00e+00 +7.25e+09 1.0e+00 9.0e-01 3.00e-01
 1 1.6e+19 8.6e-88 1.0e-01 +1.60e+10 +7.25e+08 9.0e-01 9.0e-01 3.00e-01
 2 2.5e+18 8.6e-88 1.0e-02 +2.46e+10 +7.25e+07 9.0e-01 9.0e-01 3.00e-01
 3 3.8e+17 6.0e-87 1.0e-03 +3.79e+10 +7.25e+06 9.0e-01 9.0e-01 3.00e-01
 4 5.8e+16 1.0e-86 1.0e-04 +5.84e+10 +7.25e+05 9.0e-01 9.0e-01 3.00e-01
 5 9.0e+15 1.1e-86 1.0e-05 +9.00e+10 +7.25e+04 9.0e-01 9.0e-01 3.00e-01
 6 1.4e+15 1.3e-86 1.0e-06 +1.39e+11 +7.25e+03 9.0e-01 9.0e-01 3.00e-01
 7 2.1e+14 1.6e-86 1.0e-07 +2.13e+11 +7.25e+02 9.0e-01 9.0e-01 3.00e-01
 8 3.3e+13 2.2e-86 1.0e-08 +3.29e+11 +7.24e+01 9.0e-01 9.0e-01 3.00e-01
 9 5.1e+12 2.4e-86 1.0e-09 +5.05e+11 +7.16e+00 9.0e-01 9.0e-01 3.00e-01
10 8.3e+11 2.6e-86 1.0e-10 +7.68e+11 +6.33e-01 9.1e-01 9.1e-01 3.00e-01
11 1.9e+11 3.1e-86 9.1e-12 +1.05e+12 -1.56e-02 1.8e+00 1.0e+00 3.00e-01
12 4.0e+10 2.8e-86 8.4e-94 +4.84e+11 -4.26e-02 9.6e-01 9.0e+01 1.00e-01
13 5.5e+09 2.5e-86 1.1e-91 +6.58e+10 +7.74e-02 9.9e-01 9.9e-01 1.00e-01
14 6.1e+08 2.5e-86 2.4e-93 +7.34e+09 +6.90e-02 1.0e+00 1.0e+00 1.00e-01
15 6.3e+07 2.8e-86 4.3e-93 +7.58e+08 +6.10e-02 1.0e+00 1.0e+00 1.00e-01
16 6.4e+06 2.9e-86 1.4e-92 +7.68e+07 +5.33e-02 1.0e+00 1.0e+00 1.00e-01
17 6.4e+05 3.2e-86 4.1e-92 +7.73e+06 +4.63e-02 1.0e+00 1.0e+00 1.00e-01
18 6.5e+04 3.3e-86 1.5e-91 +7.74e+05 +3.99e-02 1.0e+00 1.0e+00 1.00e-01
19 6.5e+03 3.3e-86 5.0e-91 +7.74e+04 +3.41e-02 1.0e+00 1.0e+00 1.00e-01
20 6.5e+02 3.3e-86 1.4e-90 +7.75e+03 +2.90e-02 1.0e+00 1.0e+00 1.00e-01
21 6.5e+01 3.5e-86 4.4e-90 +7.76e+02 +2.46e-02 1.0e+00 1.0e+00 1.00e-01
22 6.6e+00 3.4e-86 7.3e-90 +7.89e+01 +2.31e-02 9.8e-01 1.7e+01 1.00e-01
23 7.3e-01 3.8e-86 7.0e-88 +9.20e+00 +4.11e-01 9.1e-01 3.8e+00 1.00e-01
24 1.1e-01 3.7e-86 1.4e-87 +2.14e+00 +8.76e-01 8.7e-01 1.1e+00 1.00e-01
25 1.9e-02 3.7e-86 7.3e-89 +1.34e+00 +1.11e+00 8.9e-01 9.4e-01 1.00e-01
26 3.4e-03 3.7e-86 1.4e-89 +1.23e+00 +1.19e+00 8.9e-01 9.3e-01 1.00e-01
27 6.1e-04 3.8e-86 7.2e-89 +1.21e+00 +1.20e+00 9.3e-01 9.2e-01 1.00e-01
28 1.0e-04 3.8e-86 1.3e-89 +1.21e+00 +1.21e+00 9.9e-01 8.8e-01 1.00e-01
29 1.8e-05 3.8e-86 1.0e-89 +1.21e+00 +1.21e+00 9.7e-01 9.9e-01 1.00e-01
30 2.1e-06 4.0e-86 2.3e-90 +1.21e+00 +1.21e+00 9.9e-01 1.0e+00 1.00e-01
31 2.2e-07 3.8e-86 5.4e-91 +1.21e+00 +1.21e+00 9.9e-01 1.0e+00 1.00e-01
32 2.2e-08 3.7e-86 1.9e-88 +1.21e+00 +1.21e+00 9.9e-01 1.0e+00 1.00e-01
33 2.2e-09 3.8e-86 1.7e-88 +1.21e+00 +1.21e+00 9.9e-01 1.0e+00 1.00e-01
34 2.2e-10 3.7e-86 2.4e-88 +1.21e+00 +1.21e+00 9.9e-01 1.0e+00 1.00e-01
35 2.2e-11 3.8e-86 4.1e-88 +1.21e+00 +1.21e+00 9.9e-01 1.0e+00 1.00e-01
36 2.2e-12 3.7e-86 9.4e-88 +1.21e+00 +1.21e+00 9.9e-01 1.0e+00 1.00e-01
37 2.2e-13 3.7e-86 1.0e-87 +1.21e+00 +1.21e+00 9.9e-01 1.0e+00 1.00e-01
38 2.2e-14 3.8e-86 1.0e-87 +1.21e+00 +1.21e+00 9.9e-01 1.0e+00 1.00e-01
39 2.2e-15 3.8e-86 1.6e-87 +1.21e+00 +1.21e+00 9.9e-01 1.0e+00 1.00e-01
40 2.2e-16 3.7e-86 1.2e-87 +1.21e+00 +1.21e+00 9.9e-01 1.0e+00 1.00e-01
41 2.2e-17 3.8e-86 1.5e-87 +1.21e+00 +1.21e+00 9.9e-01 1.0e+00 1.00e-01
42 2.2e-18 3.7e-86 1.4e-87 +1.21e+00 +1.21e+00 9.9e-01 1.0e+00 1.00e-01
43 2.2e-19 3.8e-86 1.5e-87 +1.21e+00 +1.21e+00 9.9e-01 1.0e+00 1.00e-01
44 2.2e-20 3.8e-86 1.9e-87 +1.21e+00 +1.21e+00 9.9e-01 1.0e+00 1.00e-01
45 2.2e-21 3.6e-86 5.8e-86 +1.21e+00 +1.21e+00 9.9e-01 1.0e+00 1.00e-01
46 2.2e-22 3.7e-86 2.9e-85 +1.21e+00 +1.21e+00 9.9e-01 1.0e+00 1.00e-01
47 2.2e-23 3.8e-86 3.3e-85 +1.21e+00 +1.21e+00 9.9e-01 1.0e+00 1.00e-01
48 2.2e-24 3.7e-86 2.8e-85 +1.21e+00 +1.21e+00 9.9e-01 1.0e+00 1.00e-01
49 2.2e-25 3.8e-86 2.0e-84 +1.21e+00 +1.21e+00 9.9e-01 1.0e+00 1.00e-01
50 2.2e-26 3.8e-86 2.1e-84 +1.21e+00 +1.21e+00 9.9e-01 1.0e+00 1.00e-01
51 2.2e-27 3.8e-86 5.1e-84 +1.21e+00 +1.21e+00 9.9e-01 1.0e+00 1.00e-01
52 2.2e-28 3.8e-86 2.6e-86 +1.21e+00 +1.21e+00 9.9e-01 1.0e+00 1.00e-01
53 2.2e-29 3.8e-86 7.9e-88 +1.21e+00 +1.21e+00 9.9e-01 1.0e+00 1.00e-01
54 2.2e-30 3.8e-86 1.4e-87 +1.21e+00 +1.21e+00 9.9e-01 1.0e+00 1.00e-01
55 2.2e-31 3.7e-86 8.9e-88 +1.21e+00 +1.21e+00 9.9e-01 1.0e+00 1.00e-01
56 2.2e-32 3.8e-86 1.4e-87 +1.21e+00 +1.21e+00 9.9e-01 1.0e+00 1.00e-01

phase.value = pdOPT     
   Iteration = 56
          mu = 2.1979103559332390e-32
relative gap = 2.1810178826272627e-31
         gap = 2.6374924271198868e-31
      digits = 3.0661340773534320e+01
objValPrimal = 1.2092942694916160e+00
objValDual   = 1.2092942694916160e+00
p.feas.error = 3.7999141642415556e-76
d.feas.error = 1.6953791022982598e-76
relative eps = 8.6361685550944446e-78
total time   = 0.110


Parameters are
maxIteration =    200
epsilonStar  = 1.000e-30
lambdaStar   = 1.000e+10
omegaStar    = 2.000e+00
lowerBound   = -1.000e+05
upperBound   = 1.000e+05
betaStar     = 1.000e-01
betaBar      = 3.000e-01
gammaStar    = 9.000e-01
epsilonDash  = 1.000e-30
precision    =    200

                         Time(sec)  Ratio(% : MainLoop) 
 Predictor time  =       0.040000,  36.363636
 Corrector time  =       0.010000,  9.090909
 Make bMat time  =       0.030000,  27.272727
 Make bDia time  =       0.000000,  0.000000
 Make bF1  time  =       0.030000,  27.272727
 Make bF2  time  =       0.000000,  0.000000
 Make bF3  time  =       0.000000,  0.000000
 Make bPRE time  =       0.010000,  9.090909
 Make rMat time  =       0.010000,  9.090909
 Make gVec Mul   =       0.000000,  0.000000
 Make gVec time  =       0.000000,  0.000000
 Cholesky bMat   =       0.000000,  0.000000
 Ste Pre time    =       0.000000,  0.000000
 Ste Cor time    =       0.050000,  45.454545
 solve           =       0.000000,  0.000000
 sumDz           =       0.000000,  0.000000
 makedX          =       0.010000,  9.090909
 symmetriseDx    =       0.000000,  0.000000
 makedXdZ        =       0.010000,  9.090909
 xMatTime        =       0.000000,  0.000000
 zMatTime        =       0.000000,  0.000000
 invzMatTime     =       0.000000,  0.000000
 xMatzMatTime    =       0.000000,  0.000000
 EigxMatTime     =       0.030000,  27.272727
 EigzMatTime     =       0.020000,  18.181818
 EigxMatzMatTime =       0.000000,  0.000000
 updateRes       =       0.010000,  9.090909
 EigTime         =       0.050000,  45.454545
 sub_total_bMat  =       0.080000,  72.727273
 Main Loop       =       0.110000,  100.000000
 File Check      =       0.000000,  0.000000
 File Change     =       0.000000,  0.000000
 File Read       =       0.000000,  0.000000
 Total           =       0.110000,  100.000000

xVec = 
{-1.209294269492e+00,+4.954648242976e-02,-1.531422397326e-01,-4.298036931229e-02,+9.172650599497e-01,-1.931822024235e-02,-2.866150579852e-02,+2.701395459295e-02}
xMat = 
{
{ {+2.209294269492e+00,+4.954648242976e-02,-1.531422397326e-01,-4.298036931229e-02,+9.172650599497e-01,-1.931822024235e-02 },
  {+4.954648242976e-02,+1.056152029759e+00,-4.298036931229e-02,+9.172650599497e-01,-1.931822024235e-02,-2.866150579852e-02 },
  {-1.531422397326e-01,-4.298036931229e-02,+2.126559329441e+00,-1.931822024235e-02,-2.866150579852e-02,+2.701395459295e-02 },
  {-4.298036931229e-02,+9.172650599497e-01,-1.931822024235e-02,+1.180632763693e+00,+2.701395459295e-02,-7.777235246296e-01 },
  {+9.172650599497e-01,-1.931822024235e-02,-2.866150579852e-02,+2.701395459295e-02,+4.315707448620e-01,-1.701056384697e-01 },
  {-1.931822024235e-02,-2.866150579852e-02,+2.701395459295e-02,-7.777235246296e-01,-1.701056384697e-01,+1.495018737398e+00 }   }
{ {+1.258840751921e+00,-1.531422397326e-01,-4.298036931229e-02,+9.172650599497e-01,-1.931822024235e-02,-2.866150579852e-02 },
  {-1.531422397326e-01,+1.166313900179e+00,+9.172650599497e-01,-1.931822024235e-02,-2.866150579852e-02,+2.701395459295e-02 },
  {-4.298036931229e-02,+9.172650599497e-01,+1.189976049249e+00,-2.866150579852e-02,+2.701395459295e-02,-7.777235246296e-01 },
  {+9.172650599497e-01,-1.931822024235e-02,-2.866150579852e-02,+1.236308224085e+00,-7.777235246296e-01,-1.701056384697e-01 },
  {-1.931822024235e-02,-2.866150579852e-02,+2.701395459295e-02,-7.777235246296e-01,+1.039188631022e+00,+2.857244679059e-01 },
  {-2.866150579852e-02,+2.701395459295e-02,-7.777235246296e-01,-1.701056384697e-01,+2.857244679059e-01,+1.507471344756e+00 }   }
}
yMat = 
{
{ {+1.279906352941e-31,+1.168624169689e-22,+1.827348444771e-24,-1.369713774086e-22,-1.391287532479e-23,-7.062950408186e-23 },
  {+1.168624169689e-22,+1.840809835267e-01,+2.878428382972e-03,-2.157564982807e-01,-2.191547793794e-02,-1.112551743118e-01 },
  {+1.827348444771e-24,+2.878428382972e-03,+4.500926601521e-05,-3.373730499281e-03,-3.426868572429e-04,-1.739669385485e-03 },
  {-1.369713774086e-22,-2.157564982807e-01,-3.373730499281e-03,+2.528825392961e-01,+2.568655755444e-02,+1.303992751735e-01 },
  {-1.391287532479e-23,-2.191547793794e-02,-3.426868572429e-04,+2.568655755444e-02,+2.609113467598e-03,+1.324531340173e-02 },
  {-7.062950408186e-23,-1.112551743118e-01,-1.739669385485e-03,+1.303992751735e-01,+1.324531340173e-02,+6.724058929934e-02 }   }
{ {+7.017164498220e-02,-3.975223984899e-02,+5.635673328756e-02,-1.009961151392e-01,-8.678816944476e-02,+3.617484507213e-02 },
  {-3.975223984899e-02,+4.914293433621e-02,-6.490050734193e-02,+5.970720553051e-02,+5.780408147413e-02,-3.933810329472e-02 },
  {+5.635673328756e-02,-6.490050734193e-02,+8.610224386552e-02,-8.420029042728e-02,-8.040126935171e-02,+5.239362909993e-02 },
  {-1.009961151392e-01,+5.970720553051e-02,-8.420029042728e-02,+1.455943514376e-01,+1.257207042341e-01,-5.383003572184e-02 },
  {-8.678816944476e-02,+5.780408147413e-02,-8.040126935171e-02,+1.257207042341e-01,+1.101424575835e-01,-5.085572586828e-02 },
  {+3.617484507213e-02,-3.933810329472e-02,+5.239362909993e-02,-5.383003572184e-02,-5.085572586828e-02,+3.198813293919e-02 }   }
}
    main loop time = 0.110000
        total time = 0.110000
  file   read time = 0.000000
