SDPA-GMP start at Wed Jun  5 23:35:10 2024
*SDP Scan Problem: V = x^2 - 2*x^4 + x^8
* K = 6; eval = -9.095477386934673; Domain = R+ with BCs: Neumann
data      is /Users/gorg/qmBoot/data/K=6_BC-Neumann_V_0.0_0.0_1.0_0.0_-2.0_0.0_0.0_0.0_1.0/e=-9.095477386934673_K=6_D=R+.dat
parameter is ./param.sdpa
out       is /Users/gorg/qmBoot/data/K=6_BC-Neumann_V_0.0_0.0_1.0_0.0_-2.0_0.0_0.0_0.0_1.0/e=-9.095477386934673_K=6_D=R+.out
DENSE computation
   mu      thetaP  thetaD  objP      objD      alphaP  alphaD  beta 
 0 1.0e+20 1.0e+00 1.0e+00 +0.00e+00 +6.05e+09 1.0e+00 9.0e-01 3.00e-01
 1 1.6e+19 8.6e-88 1.0e-01 +1.60e+10 +6.05e+08 9.0e-01 9.0e-01 3.00e-01
 2 2.5e+18 1.7e-87 1.0e-02 +2.46e+10 +6.05e+07 9.0e-01 9.0e-01 3.00e-01
 3 3.8e+17 5.2e-87 1.0e-03 +3.79e+10 +6.05e+06 9.0e-01 9.0e-01 3.00e-01
 4 5.8e+16 7.8e-87 1.0e-04 +5.84e+10 +6.05e+05 9.0e-01 9.0e-01 3.00e-01
 5 9.0e+15 8.6e-87 1.0e-05 +9.00e+10 +6.05e+04 9.0e-01 9.0e-01 3.00e-01
 6 1.4e+15 9.5e-87 1.0e-06 +1.39e+11 +6.05e+03 9.0e-01 9.0e-01 3.00e-01
 7 2.1e+14 1.2e-86 1.0e-07 +2.13e+11 +6.05e+02 9.0e-01 9.0e-01 3.00e-01
 8 3.3e+13 1.6e-86 1.0e-08 +3.29e+11 +6.04e+01 9.0e-01 9.0e-01 3.00e-01
 9 5.1e+12 1.7e-86 1.0e-09 +5.05e+11 +5.95e+00 9.0e-01 9.0e-01 3.00e-01
10 8.3e+11 2.1e-86 9.9e-11 +7.68e+11 +5.11e-01 9.1e-01 9.1e-01 3.00e-01
11 1.8e+11 2.3e-86 9.0e-12 +1.05e+12 -2.83e-02 1.8e+00 1.0e+00 3.00e-01
12 4.0e+10 2.7e-86 7.5e-94 +4.83e+11 -4.73e-02 9.6e-01 9.0e+01 1.00e-01
13 5.5e+09 2.9e-86 8.4e-92 +6.55e+10 +5.09e-02 9.9e-01 9.9e-01 1.00e-01
14 6.1e+08 3.1e-86 2.0e-93 +7.30e+09 +4.43e-02 1.0e+00 1.0e+00 1.00e-01
15 6.3e+07 3.4e-86 3.2e-93 +7.53e+08 +3.79e-02 1.0e+00 1.0e+00 1.00e-01
16 6.4e+06 3.6e-86 8.5e-93 +7.63e+07 +3.17e-02 1.0e+00 1.0e+00 1.00e-01
17 6.4e+05 3.7e-86 3.7e-92 +7.67e+06 +2.60e-02 1.0e+00 1.0e+00 1.00e-01
18 6.4e+04 3.7e-86 1.0e-91 +7.69e+05 +2.08e-02 1.0e+00 1.0e+00 1.00e-01
19 6.4e+03 3.9e-86 4.5e-91 +7.69e+04 +1.62e-02 1.0e+00 1.0e+00 1.00e-01
20 6.4e+02 4.1e-86 1.1e-90 +7.69e+03 +1.20e-02 1.0e+00 1.0e+00 1.00e-01
21 6.4e+01 4.0e-86 4.2e-90 +7.71e+02 +8.46e-03 1.0e+00 1.0e+00 1.00e-01
22 6.5e+00 4.1e-86 1.1e-89 +7.83e+01 +7.50e-03 9.8e-01 1.7e+01 1.00e-01
23 7.2e-01 4.5e-86 6.8e-88 +9.06e+00 +3.75e-01 9.1e-01 4.0e+00 1.00e-01
24 1.0e-01 4.6e-86 1.4e-87 +2.05e+00 +8.09e-01 8.7e-01 1.1e+00 1.00e-01
25 1.9e-02 4.6e-86 9.2e-89 +1.26e+00 +1.04e+00 8.9e-01 9.4e-01 1.00e-01
26 3.4e-03 4.6e-86 1.5e-89 +1.15e+00 +1.11e+00 8.9e-01 9.3e-01 1.00e-01
27 6.0e-04 4.7e-86 2.5e-89 +1.14e+00 +1.13e+00 9.4e-01 9.0e-01 1.00e-01
28 1.1e-04 4.7e-86 8.1e-90 +1.13e+00 +1.13e+00 1.0e+00 8.9e-01 1.00e-01
29 1.9e-05 4.7e-86 2.7e-90 +1.13e+00 +1.13e+00 9.7e-01 9.9e-01 1.00e-01
30 2.2e-06 4.7e-86 1.3e-90 +1.13e+00 +1.13e+00 9.9e-01 1.0e+00 1.00e-01
31 2.2e-07 4.7e-86 4.3e-91 +1.13e+00 +1.13e+00 9.9e-01 1.0e+00 1.00e-01
32 2.3e-08 4.7e-86 1.7e-88 +1.13e+00 +1.13e+00 9.9e-01 1.0e+00 1.00e-01
33 2.3e-09 4.7e-86 1.5e-88 +1.13e+00 +1.13e+00 9.9e-01 1.0e+00 1.00e-01
34 2.3e-10 4.6e-86 2.3e-88 +1.13e+00 +1.13e+00 9.9e-01 1.0e+00 1.00e-01
35 2.3e-11 4.5e-86 8.0e-88 +1.13e+00 +1.13e+00 9.9e-01 1.0e+00 1.00e-01
36 2.3e-12 4.7e-86 1.0e-87 +1.13e+00 +1.13e+00 9.9e-01 1.0e+00 1.00e-01
37 2.3e-13 4.6e-86 1.4e-87 +1.13e+00 +1.13e+00 9.9e-01 1.0e+00 1.00e-01
38 2.3e-14 4.7e-86 1.6e-87 +1.13e+00 +1.13e+00 9.9e-01 1.0e+00 1.00e-01
39 2.3e-15 4.6e-86 1.3e-87 +1.13e+00 +1.13e+00 9.9e-01 1.0e+00 1.00e-01
40 2.3e-16 4.6e-86 1.6e-87 +1.13e+00 +1.13e+00 9.9e-01 1.0e+00 1.00e-01
41 2.3e-17 4.6e-86 1.3e-87 +1.13e+00 +1.13e+00 9.9e-01 1.0e+00 1.00e-01
42 2.3e-18 4.7e-86 1.6e-87 +1.13e+00 +1.13e+00 9.9e-01 1.0e+00 1.00e-01
43 2.3e-19 4.6e-86 1.2e-87 +1.13e+00 +1.13e+00 9.9e-01 1.0e+00 1.00e-01
44 2.3e-20 4.6e-86 1.2e-87 +1.13e+00 +1.13e+00 9.9e-01 1.0e+00 1.00e-01
45 2.3e-21 4.7e-86 1.8e-85 +1.13e+00 +1.13e+00 9.9e-01 1.0e+00 1.00e-01
46 2.3e-22 4.7e-86 6.6e-85 +1.13e+00 +1.13e+00 9.9e-01 1.0e+00 1.00e-01
47 2.3e-23 4.6e-86 6.9e-85 +1.13e+00 +1.13e+00 9.9e-01 1.0e+00 1.00e-01
48 2.3e-24 4.6e-86 3.8e-85 +1.13e+00 +1.13e+00 9.9e-01 1.0e+00 1.00e-01
49 2.3e-25 4.6e-86 4.4e-84 +1.13e+00 +1.13e+00 9.9e-01 1.0e+00 1.00e-01
50 2.3e-26 4.6e-86 6.7e-84 +1.13e+00 +1.13e+00 9.9e-01 1.0e+00 1.00e-01
51 2.3e-27 4.7e-86 3.5e-84 +1.13e+00 +1.13e+00 9.9e-01 1.0e+00 1.00e-01
52 2.3e-28 4.6e-86 1.3e-86 +1.13e+00 +1.13e+00 9.9e-01 1.0e+00 1.00e-01
53 2.3e-29 4.7e-86 1.0e-87 +1.13e+00 +1.13e+00 9.9e-01 1.0e+00 1.00e-01
54 2.3e-30 4.7e-86 1.5e-87 +1.13e+00 +1.13e+00 9.9e-01 1.0e+00 1.00e-01
55 2.3e-31 4.6e-86 1.2e-87 +1.13e+00 +1.13e+00 9.9e-01 1.0e+00 1.00e-01
56 2.3e-32 4.6e-86 1.3e-87 +1.13e+00 +1.13e+00 9.9e-01 1.0e+00 1.00e-01

phase.value = pdOPT     
   Iteration = 56
          mu = 2.2771499950485659e-32
relative gap = 2.4110029111809600e-31
         gap = 2.7325799940582791e-31
      digits = 3.0617802265230566e+01
objValPrimal = 1.1333789691360446e+00
objValDual   = 1.1333789691360446e+00
p.feas.error = 4.5771693342000557e-76
d.feas.error = 1.5500926210511341e-76
relative eps = 8.6361685550944446e-78
total time   = 0.110


Parameters are
maxIteration =    200
epsilonStar  = 1.000e-30
lambdaStar   = 1.000e+10
omegaStar    = 2.000e+00
lowerBound   = -1.000e+05
upperBound   = 1.000e+05
betaStar     = 1.000e-01
betaBar      = 3.000e-01
gammaStar    = 9.000e-01
epsilonDash  = 1.000e-30
precision    =    200

                         Time(sec)  Ratio(% : MainLoop) 
 Predictor time  =       0.050000,  45.454545
 Corrector time  =       0.030000,  27.272727
 Make bMat time  =       0.050000,  45.454545
 Make bDia time  =       0.000000,  0.000000
 Make bF1  time  =       0.020000,  18.181818
 Make bF2  time  =       0.030000,  27.272727
 Make bF3  time  =       0.000000,  0.000000
 Make bPRE time  =       0.020000,  18.181818
 Make rMat time  =       0.010000,  9.090909
 Make gVec Mul   =       0.000000,  0.000000
 Make gVec time  =       0.000000,  0.000000
 Cholesky bMat   =       0.000000,  0.000000
 Ste Pre time    =       0.000000,  0.000000
 Ste Cor time    =       0.030000,  27.272727
 solve           =       0.010000,  9.090909
 sumDz           =       0.000000,  0.000000
 makedX          =       0.000000,  0.000000
 symmetriseDx    =       0.000000,  0.000000
 makedXdZ        =       0.000000,  0.000000
 xMatTime        =       0.000000,  0.000000
 zMatTime        =       0.000000,  0.000000
 invzMatTime     =       0.000000,  0.000000
 xMatzMatTime    =       0.000000,  0.000000
 EigxMatTime     =       0.020000,  18.181818
 EigzMatTime     =       0.010000,  9.090909
 EigxMatzMatTime =       0.000000,  0.000000
 updateRes       =       0.000000,  0.000000
 EigTime         =       0.030000,  27.272727
 sub_total_bMat  =       0.060000,  54.545455
 Main Loop       =       0.110000,  100.000000
 File Check      =       0.000000,  0.000000
 File Change     =       0.000000,  0.000000
 File Read       =       0.000000,  0.000000
 Total           =       0.110000,  100.000000

xVec = 
{-1.133378969136e+00,+4.990022518860e-02,-1.511283086766e-01,-4.183120763264e-02,+8.564192430064e-01,-1.855614422286e-02,-2.583772925911e-02,+2.327518462092e-02}
xMat = 
{
{ {+2.133378969136e+00,+4.990022518860e-02,-1.511283086766e-01,-4.183120763264e-02,+8.564192430064e-01,-1.855614422286e-02 },
  {+4.990022518860e-02,+9.822506604595e-01,-4.183120763264e-02,+8.564192430064e-01,-1.855614422286e-02,-2.583772925911e-02 },
  {-1.511283086766e-01,-4.183120763264e-02,+1.989798212142e+00,-1.855614422286e-02,-2.583772925911e-02,+2.327518462092e-02 },
  {-4.183120763264e-02,+8.564192430064e-01,-1.855614422286e-02,+1.107541239877e+00,+2.327518462092e-02,-7.309410623086e-01 },
  {+8.564192430064e-01,-1.855614422286e-02,-2.583772925911e-02,+2.327518462092e-02,+4.024379068274e-01,-1.608011604646e-01 },
  {-1.855614422286e-02,-2.583772925911e-02,+2.327518462092e-02,-7.309410623086e-01,-1.608011604646e-01,+1.410478694517e+00 }   }
{ {+1.183279194325e+00,-1.511283086766e-01,-4.183120763264e-02,+8.564192430064e-01,-1.855614422286e-02,-2.583772925911e-02 },
  {-1.511283086766e-01,+1.091547761503e+00,+8.564192430064e-01,-1.855614422286e-02,-2.583772925911e-02,+2.327518462092e-02 },
  {-4.183120763264e-02,+8.564192430064e-01,+1.114822824913e+00,-2.583772925911e-02,+2.327518462092e-02,-7.309410623086e-01 },
  {+8.564192430064e-01,-1.855614422286e-02,-2.583772925911e-02,+1.156654153757e+00,-7.309410623086e-01,-1.608011604646e-01 },
  {-1.855614422286e-02,-2.583772925911e-02,+2.327518462092e-02,-7.309410623086e-01,+9.725778086715e-01,+2.770997253805e-01 },
  {-2.583772925911e-02,+2.327518462092e-02,-7.309410623086e-01,-1.608011604646e-01,+2.770997253805e-01,+1.407551906644e+00 }   }
}
yMat = 
{
{ {+1.008784293952e-31,+1.076012877510e-22,+1.672094427362e-24,-1.255729944007e-22,-1.350921066701e-23,-6.467130655366e-23 },
  {+1.076012877510e-22,+1.883039695881e-01,+2.926191905708e-03,-2.197547428174e-01,-2.364133371672e-02,-1.131758177927e-01 },
  {+1.672094427362e-24,+2.926191905708e-03,+4.547221754147e-05,-3.414928273046e-03,-3.673798248297e-04,-1.758721086291e-03 },
  {-1.255729944007e-22,-2.197547428174e-01,-3.414928273046e-03,+2.564584649828e-01,+2.758993993670e-02,+1.320785896685e-01 },
  {-1.350921066701e-23,-2.364133371672e-02,-3.673798248297e-04,+2.758993993670e-02,+2.968140613965e-03,+1.420908588891e-02 },
  {-6.467130655366e-23,-1.131758177927e-01,-1.758721086291e-03,+1.320785896685e-01,+1.420908588891e-02,+6.802175100751e-02 }   }
{ {+6.633427193937e-02,-3.769745009352e-02,+5.418036630224e-02,-9.639949068646e-02,-8.357216829562e-02,+3.541657771139e-02 },
  {-3.769745009352e-02,+4.905217451739e-02,-6.512535388191e-02,+5.758611156720e-02,+5.679650195065e-02,-3.992527134388e-02 },
  {+5.418036630224e-02,-6.512535388191e-02,+8.692191989310e-02,-8.221998765550e-02,-7.982069822549e-02,+5.353104671258e-02 },
  {-9.639949068646e-02,+5.758611156720e-02,-8.221998765550e-02,+1.403757285501e-01,+1.223939604159e-01,-5.347709654727e-02 },
  {-8.357216829562e-02,+5.679650195065e-02,-7.982069822549e-02,+1.223939604159e-01,+1.084219043303e-01,-5.128626432006e-02 },
  {+3.541657771139e-02,-3.992527134388e-02,+5.353104671258e-02,-5.347709654727e-02,-5.128626432006e-02,+3.309620235976e-02 }   }
}
    main loop time = 0.110000
        total time = 0.110000
  file   read time = 0.000000
