SDPA-GMP start at Wed Jun  5 23:35:10 2024
*SDP Scan Problem: V = x^2 - 2*x^4 + x^8
* K = 6; eval = -9.798994974874372; Domain = R+ with BCs: Neumann
data      is /Users/gorg/qmBoot/data/K=6_BC-Neumann_V_0.0_0.0_1.0_0.0_-2.0_0.0_0.0_0.0_1.0/e=-9.798994974874372_K=6_D=R+.dat
parameter is ./param.sdpa
out       is /Users/gorg/qmBoot/data/K=6_BC-Neumann_V_0.0_0.0_1.0_0.0_-2.0_0.0_0.0_0.0_1.0/e=-9.798994974874372_K=6_D=R+.out
DENSE computation
   mu      thetaP  thetaD  objP      objD      alphaP  alphaD  beta 
 0 1.0e+20 1.0e+00 1.0e+00 +0.00e+00 +7.46e+09 1.0e+00 9.0e-01 3.00e-01
 1 1.6e+19 8.6e-88 1.0e-01 +1.60e+10 +7.46e+08 9.0e-01 9.0e-01 3.00e-01
 2 2.5e+18 1.4e-87 1.0e-02 +2.46e+10 +7.46e+07 9.0e-01 9.0e-01 3.00e-01
 3 3.8e+17 6.9e-87 1.0e-03 +3.79e+10 +7.46e+06 9.0e-01 9.0e-01 3.00e-01
 4 5.8e+16 7.8e-87 1.0e-04 +5.84e+10 +7.46e+05 9.0e-01 9.0e-01 3.00e-01
 5 9.0e+15 8.6e-87 1.0e-05 +9.00e+10 +7.46e+04 9.0e-01 9.0e-01 3.00e-01
 6 1.4e+15 1.1e-86 1.0e-06 +1.39e+11 +7.46e+03 9.0e-01 9.0e-01 3.00e-01
 7 2.1e+14 1.6e-86 1.0e-07 +2.13e+11 +7.45e+02 9.0e-01 9.0e-01 3.00e-01
 8 3.3e+13 1.9e-86 1.0e-08 +3.29e+11 +7.45e+01 9.0e-01 9.0e-01 3.00e-01
 9 5.1e+12 2.1e-86 1.0e-09 +5.05e+11 +7.36e+00 9.0e-01 9.0e-01 3.00e-01
10 8.3e+11 2.4e-86 1.0e-10 +7.68e+11 +6.53e-01 9.1e-01 9.1e-01 3.00e-01
11 1.9e+11 2.6e-86 9.2e-12 +1.05e+12 -1.35e-02 1.8e+00 1.0e+00 3.00e-01
12 4.0e+10 2.3e-86 1.0e-93 +4.84e+11 -4.18e-02 9.6e-01 9.0e+01 1.00e-01
13 5.5e+09 2.2e-86 1.4e-91 +6.58e+10 +8.21e-02 9.9e-01 9.9e-01 1.00e-01
14 6.1e+08 2.0e-86 2.6e-93 +7.35e+09 +7.33e-02 1.0e+00 1.0e+00 1.00e-01
15 6.3e+07 2.1e-86 2.8e-93 +7.58e+08 +6.50e-02 1.0e+00 1.0e+00 1.00e-01
16 6.4e+06 2.1e-86 1.0e-92 +7.69e+07 +5.71e-02 1.0e+00 1.0e+00 1.00e-01
17 6.4e+05 2.2e-86 5.1e-92 +7.73e+06 +4.98e-02 1.0e+00 1.0e+00 1.00e-01
18 6.5e+04 2.7e-86 2.4e-91 +7.75e+05 +4.32e-02 1.0e+00 1.0e+00 1.00e-01
19 6.5e+03 2.8e-86 4.6e-91 +7.75e+04 +3.73e-02 1.0e+00 1.0e+00 1.00e-01
20 6.5e+02 2.6e-86 1.2e-90 +7.75e+03 +3.19e-02 1.0e+00 1.0e+00 1.00e-01
21 6.5e+01 2.8e-86 6.0e-90 +7.77e+02 +2.74e-02 1.0e+00 1.0e+00 1.00e-01
22 6.6e+00 2.9e-86 1.0e-89 +7.90e+01 +2.58e-02 9.8e-01 1.7e+01 1.00e-01
23 7.3e-01 2.9e-86 5.7e-88 +9.22e+00 +4.18e-01 9.1e-01 3.8e+00 1.00e-01
24 1.1e-01 3.1e-86 1.3e-87 +2.16e+00 +8.87e-01 8.7e-01 1.1e+00 1.00e-01
25 1.9e-02 3.1e-86 1.3e-88 +1.35e+00 +1.13e+00 8.9e-01 9.4e-01 1.00e-01
26 3.4e-03 3.1e-86 7.2e-89 +1.24e+00 +1.20e+00 8.9e-01 9.3e-01 1.00e-01
27 6.1e-04 3.1e-86 3.4e-89 +1.22e+00 +1.22e+00 9.3e-01 9.3e-01 1.00e-01
28 1.0e-04 3.1e-86 1.2e-89 +1.22e+00 +1.22e+00 9.8e-01 8.8e-01 1.00e-01
29 1.8e-05 3.2e-86 3.2e-90 +1.22e+00 +1.22e+00 9.7e-01 9.9e-01 1.00e-01
30 2.0e-06 3.1e-86 2.2e-90 +1.22e+00 +1.22e+00 9.8e-01 1.0e+00 1.00e-01
31 2.1e-07 3.1e-86 5.2e-91 +1.22e+00 +1.22e+00 9.8e-01 1.0e+00 1.00e-01
32 2.2e-08 3.1e-86 2.0e-88 +1.22e+00 +1.22e+00 9.8e-01 1.0e+00 1.00e-01
33 2.2e-09 3.1e-86 2.1e-88 +1.22e+00 +1.22e+00 9.8e-01 1.0e+00 1.00e-01
34 2.2e-10 3.1e-86 1.9e-88 +1.22e+00 +1.22e+00 9.9e-01 1.0e+00 1.00e-01
35 2.2e-11 3.1e-86 5.5e-88 +1.22e+00 +1.22e+00 9.9e-01 1.0e+00 1.00e-01
36 2.2e-12 3.1e-86 6.4e-88 +1.22e+00 +1.22e+00 9.9e-01 1.0e+00 1.00e-01
37 2.2e-13 3.2e-86 9.6e-88 +1.22e+00 +1.22e+00 9.9e-01 1.0e+00 1.00e-01
38 2.2e-14 3.2e-86 1.1e-87 +1.22e+00 +1.22e+00 9.9e-01 1.0e+00 1.00e-01
39 2.2e-15 3.2e-86 1.1e-87 +1.22e+00 +1.22e+00 9.9e-01 1.0e+00 1.00e-01
40 2.2e-16 3.2e-86 8.5e-88 +1.22e+00 +1.22e+00 9.9e-01 1.0e+00 1.00e-01
41 2.2e-17 3.1e-86 1.3e-87 +1.22e+00 +1.22e+00 9.9e-01 1.0e+00 1.00e-01
42 2.2e-18 3.1e-86 1.2e-87 +1.22e+00 +1.22e+00 9.9e-01 1.0e+00 1.00e-01
43 2.2e-19 3.1e-86 1.7e-87 +1.22e+00 +1.22e+00 9.9e-01 1.0e+00 1.00e-01
44 2.2e-20 3.1e-86 1.3e-87 +1.22e+00 +1.22e+00 9.9e-01 1.0e+00 1.00e-01
45 2.2e-21 3.1e-86 4.5e-86 +1.22e+00 +1.22e+00 9.9e-01 1.0e+00 1.00e-01
46 2.2e-22 3.0e-86 1.5e-85 +1.22e+00 +1.22e+00 9.9e-01 1.0e+00 1.00e-01
47 2.2e-23 3.1e-86 1.6e-85 +1.22e+00 +1.22e+00 9.9e-01 1.0e+00 1.00e-01
48 2.2e-24 3.1e-86 3.3e-85 +1.22e+00 +1.22e+00 9.9e-01 1.0e+00 1.00e-01
49 2.2e-25 3.1e-86 4.6e-85 +1.22e+00 +1.22e+00 9.9e-01 1.0e+00 1.00e-01
50 2.2e-26 3.1e-86 7.7e-85 +1.22e+00 +1.22e+00 9.9e-01 1.0e+00 1.00e-01
51 2.2e-27 3.1e-86 5.2e-87 +1.22e+00 +1.22e+00 9.9e-01 1.0e+00 1.00e-01
52 2.2e-28 3.3e-86 1.4e-87 +1.22e+00 +1.22e+00 9.9e-01 1.0e+00 1.00e-01
53 2.2e-29 3.1e-86 1.2e-87 +1.22e+00 +1.22e+00 9.9e-01 1.0e+00 1.00e-01
54 2.2e-30 3.2e-86 1.4e-87 +1.22e+00 +1.22e+00 9.9e-01 1.0e+00 1.00e-01
55 2.2e-31 3.0e-86 1.7e-87 +1.22e+00 +1.22e+00 9.9e-01 1.0e+00 1.00e-01
56 2.2e-32 3.2e-86 1.3e-87 +1.22e+00 +1.22e+00 9.9e-01 1.0e+00 1.00e-01

phase.value = pdOPT     
   Iteration = 56
          mu = 2.1642643564548245e-32
relative gap = 2.1253786330088184e-31
         gap = 2.5971172277457894e-31
      digits = 3.0672563689812108e+01
objValPrimal = 1.2219550848072414e+00
objValDual   = 1.2219550848072414e+00
p.feas.error = 3.1953823653849445e-76
d.feas.error = 1.6139207165178097e-76
relative eps = 8.6361685550944446e-78
total time   = 0.110


Parameters are
maxIteration =    200
epsilonStar  = 1.000e-30
lambdaStar   = 1.000e+10
omegaStar    = 2.000e+00
lowerBound   = -1.000e+05
upperBound   = 1.000e+05
betaStar     = 1.000e-01
betaBar      = 3.000e-01
gammaStar    = 9.000e-01
epsilonDash  = 1.000e-30
precision    =    200

                         Time(sec)  Ratio(% : MainLoop) 
 Predictor time  =       0.020000,  18.181818
 Corrector time  =       0.020000,  18.181818
 Make bMat time  =       0.020000,  18.181818
 Make bDia time  =       0.000000,  0.000000
 Make bF1  time  =       0.020000,  18.181818
 Make bF2  time  =       0.000000,  0.000000
 Make bF3  time  =       0.000000,  0.000000
 Make bPRE time  =       0.020000,  18.181818
 Make rMat time  =       0.010000,  9.090909
 Make gVec Mul   =       0.000000,  0.000000
 Make gVec time  =       0.000000,  0.000000
 Cholesky bMat   =       0.000000,  0.000000
 Ste Pre time    =       0.000000,  0.000000
 Ste Cor time    =       0.070000,  63.636364
 solve           =       0.000000,  0.000000
 sumDz           =       0.000000,  0.000000
 makedX          =       0.010000,  9.090909
 symmetriseDx    =       0.000000,  0.000000
 makedXdZ        =       0.010000,  9.090909
 xMatTime        =       0.000000,  0.000000
 zMatTime        =       0.000000,  0.000000
 invzMatTime     =       0.000000,  0.000000
 xMatzMatTime    =       0.000000,  0.000000
 EigxMatTime     =       0.020000,  18.181818
 EigzMatTime     =       0.050000,  45.454545
 EigxMatzMatTime =       0.000000,  0.000000
 updateRes       =       0.000000,  0.000000
 EigTime         =       0.070000,  63.636364
 sub_total_bMat  =       0.090000,  81.818182
 Main Loop       =       0.110000,  100.000000
 File Check      =       0.000000,  0.000000
 File Change     =       0.000000,  0.000000
 File Read       =       0.000000,  0.000000
 Total           =       0.110000,  100.000000

xVec = 
{-1.221955084807e+00,+4.948784439794e-02,-1.534297368140e-01,-4.314725465582e-02,+9.274143365450e-01,-1.942716460376e-02,-2.912816504448e-02,+2.766273204817e-02}
xMat = 
{
{ {+2.221955084807e+00,+4.948784439794e-02,-1.534297368140e-01,-4.314725465582e-02,+9.274143365450e-01,-1.942716460376e-02 },
  {+4.948784439794e-02,+1.068525347993e+00,-4.314725465582e-02,+9.274143365450e-01,-1.942716460376e-02,-2.912816504448e-02 },
  {-1.534297368140e-01,-4.314725465582e-02,+2.149369421352e+00,-1.942716460376e-02,-2.912816504448e-02,+2.766273204817e-02 },
  {-4.314725465582e-02,+9.274143365450e-01,-1.942716460376e-02,+1.192826919763e+00,+2.766273204817e-02,-7.855298963953e-01 },
  {+9.274143365450e-01,-1.942716460376e-02,-2.912816504448e-02,+2.766273204817e-02,+4.364251884120e-01,-1.716321879459e-01 },
  {-1.942716460376e-02,-2.912816504448e-02,+2.766273204817e-02,-7.855298963953e-01,-1.716321879459e-01,+1.509016893876e+00 }   }
{ {+1.271442929205e+00,-1.534297368140e-01,-4.314725465582e-02,+9.274143365450e-01,-1.942716460376e-02,-2.912816504448e-02 },
  {-1.534297368140e-01,+1.178807830151e+00,+9.274143365450e-01,-1.942716460376e-02,-2.912816504448e-02,+2.766273204817e-02 },
  {-4.314725465582e-02,+9.274143365450e-01,+1.202527920203e+00,-2.912816504448e-02,+2.766273204817e-02,-7.855298963953e-01 },
  {+9.274143365450e-01,-1.942716460376e-02,-2.912816504448e-02,+1.249617816855e+00,-7.855298963953e-01,-1.716321879459e-01 },
  {-1.942716460376e-02,-2.912816504448e-02,+2.766273204817e-02,-7.855298963953e-01,+1.050322896861e+00,+2.870618090691e-01 },
  {-2.912816504448e-02,+2.766273204817e-02,-7.855298963953e-01,-1.716321879459e-01,+2.870618090691e-01,+1.524106909831e+00 }   }
}
yMat = 
{
{ {+1.320188665159e-31,+1.126883175865e-22,+1.764680026833e-24,-1.321720831530e-22,-1.329849567682e-23,-6.817285152163e-23 },
  {+1.126883175865e-22,+1.834206192970e-01,+2.872335919551e-03,-2.151339718466e-01,-2.164570659093e-02,-1.109636465069e-01 },
  {+1.764680026833e-24,+2.872335919551e-03,+4.498029537990e-05,-3.368961664283e-03,-3.389681093842e-04,-1.737671963205e-03 },
  {-1.321720831530e-22,-2.151339718466e-01,-3.368961664283e-03,+2.523305505122e-01,+2.538824070151e-02,+1.301492171115e-01 },
  {-1.329849567682e-23,-2.164570659093e-02,-3.389681093842e-04,+2.538824070151e-02,+2.554438075808e-03,+1.309496469783e-02 },
  {-6.817285152163e-23,-1.109636465069e-01,-1.737671963205e-03,+1.301492171115e-01,+1.309496469783e-02,+6.712948028037e-02 }   }
{ {+7.078330286511e-02,-4.008719979301e-02,+5.670870833231e-02,-1.017229761077e-01,-8.729362479756e-02,+3.629458243362e-02 },
  {-4.008719979301e-02,+4.914792309526e-02,-6.485333567159e-02,+6.005328283258e-02,+5.796744366851e-02,-3.923913013252e-02 },
  {+5.670870833231e-02,-6.485333567159e-02,+8.595890786511e-02,-8.452157199295e-02,-8.049543958487e-02,+5.220741190687e-02 },
  {-1.017229761077e-01,+6.005328283258e-02,-8.452157199295e-02,+1.464123411625e-01,+1.262382749259e-01,-5.388570827119e-02 },
  {-8.729362479756e-02,+5.796744366851e-02,-8.049543958487e-02,+1.262382749259e-01,+1.104063008249e-01,-5.078692046445e-02 },
  {+3.629458243362e-02,-3.923913013252e-02,+5.220741190687e-02,-5.388570827119e-02,-5.078692046445e-02,+3.181115572635e-02 }   }
}
    main loop time = 0.110000
        total time = 0.110000
  file   read time = 0.000000
