SDPA-GMP start at Wed Jun  5 23:35:10 2024
*SDP Scan Problem: V = x^2 - 2*x^4 + x^8
* K = 6; eval = -9.899497487437186; Domain = R+ with BCs: Neumann
data      is /Users/gorg/qmBoot/data/K=6_BC-Neumann_V_0.0_0.0_1.0_0.0_-2.0_0.0_0.0_0.0_1.0/e=-9.899497487437186_K=6_D=R+.dat
parameter is ./param.sdpa
out       is /Users/gorg/qmBoot/data/K=6_BC-Neumann_V_0.0_0.0_1.0_0.0_-2.0_0.0_0.0_0.0_1.0/e=-9.899497487437186_K=6_D=R+.out
DENSE computation
   mu      thetaP  thetaD  objP      objD      alphaP  alphaD  beta 
 0 1.0e+20 1.0e+00 1.0e+00 +0.00e+00 +7.66e+09 1.0e+00 9.0e-01 3.00e-01
 1 1.6e+19 8.6e-88 1.0e-01 +1.60e+10 +7.66e+08 9.0e-01 9.0e-01 3.00e-01
 2 2.5e+18 9.7e-88 1.0e-02 +2.46e+10 +7.66e+07 9.0e-01 9.0e-01 3.00e-01
 3 3.8e+17 6.0e-87 1.0e-03 +3.79e+10 +7.66e+06 9.0e-01 9.0e-01 3.00e-01
 4 5.8e+16 8.6e-87 1.0e-04 +5.84e+10 +7.66e+05 9.0e-01 9.0e-01 3.00e-01
 5 9.0e+15 1.0e-86 1.0e-05 +9.00e+10 +7.66e+04 9.0e-01 9.0e-01 3.00e-01
 6 1.4e+15 9.5e-87 1.0e-06 +1.39e+11 +7.66e+03 9.0e-01 9.0e-01 3.00e-01
 7 2.1e+14 1.2e-86 1.0e-07 +2.13e+11 +7.66e+02 9.0e-01 9.0e-01 3.00e-01
 8 3.3e+13 1.4e-86 1.0e-08 +3.29e+11 +7.65e+01 9.0e-01 9.0e-01 3.00e-01
 9 5.1e+12 1.6e-86 1.0e-09 +5.05e+11 +7.56e+00 9.0e-01 9.0e-01 3.00e-01
10 8.3e+11 1.9e-86 1.0e-10 +7.68e+11 +6.73e-01 9.1e-01 9.1e-01 3.00e-01
11 1.9e+11 2.2e-86 9.2e-12 +1.05e+12 -1.13e-02 1.8e+00 1.0e+00 3.00e-01
12 4.0e+10 2.3e-86 3.2e-89 +4.84e+11 -4.11e-02 9.6e-01 9.0e+01 1.00e-01
13 5.5e+09 2.6e-86 2.8e-87 +6.59e+10 +8.68e-02 9.9e-01 9.9e-01 1.00e-01
14 6.1e+08 3.0e-86 7.2e-89 +7.36e+09 +7.77e-02 1.0e+00 1.0e+00 1.00e-01
15 6.3e+07 3.1e-86 3.5e-93 +7.59e+08 +6.91e-02 1.0e+00 1.0e+00 1.00e-01
16 6.4e+06 3.1e-86 1.1e-92 +7.70e+07 +6.09e-02 1.0e+00 1.0e+00 1.00e-01
17 6.4e+05 3.5e-86 3.0e-92 +7.74e+06 +5.34e-02 1.0e+00 1.0e+00 1.00e-01
18 6.5e+04 3.7e-86 2.2e-91 +7.75e+05 +4.66e-02 1.0e+00 1.0e+00 1.00e-01
19 6.5e+03 3.7e-86 5.0e-91 +7.76e+04 +4.05e-02 1.0e+00 1.0e+00 1.00e-01
20 6.5e+02 4.2e-86 1.5e-90 +7.76e+03 +3.49e-02 1.0e+00 1.0e+00 1.00e-01
21 6.5e+01 4.0e-86 4.8e-90 +7.78e+02 +3.02e-02 1.0e+00 1.0e+00 1.00e-01
22 6.6e+00 4.0e-86 1.2e-89 +7.91e+01 +2.86e-02 9.8e-01 1.7e+01 1.00e-01
23 7.3e-01 4.3e-86 6.5e-88 +9.24e+00 +4.24e-01 9.1e-01 3.8e+00 1.00e-01
24 1.1e-01 4.2e-86 1.4e-87 +2.17e+00 +8.98e-01 8.7e-01 1.1e+00 1.00e-01
25 1.9e-02 4.2e-86 1.2e-88 +1.37e+00 +1.14e+00 8.9e-01 9.4e-01 1.00e-01
26 3.4e-03 4.3e-86 1.4e-89 +1.25e+00 +1.21e+00 8.9e-01 9.3e-01 1.00e-01
27 6.2e-04 4.2e-86 7.2e-89 +1.24e+00 +1.23e+00 9.2e-01 9.4e-01 1.00e-01
28 9.8e-05 4.1e-86 1.2e-89 +1.23e+00 +1.23e+00 9.7e-01 8.8e-01 1.00e-01
29 1.8e-05 4.2e-86 7.2e-90 +1.23e+00 +1.23e+00 9.7e-01 9.9e-01 1.00e-01
30 2.0e-06 4.2e-86 1.9e-90 +1.23e+00 +1.23e+00 9.8e-01 1.0e+00 1.00e-01
31 2.1e-07 4.2e-86 1.7e-91 +1.23e+00 +1.23e+00 9.8e-01 1.0e+00 1.00e-01
32 2.1e-08 4.2e-86 1.5e-88 +1.23e+00 +1.23e+00 9.8e-01 1.0e+00 1.00e-01
33 2.1e-09 4.2e-86 1.2e-88 +1.23e+00 +1.23e+00 9.8e-01 1.0e+00 1.00e-01
34 2.1e-10 4.3e-86 1.9e-88 +1.23e+00 +1.23e+00 9.8e-01 1.0e+00 1.00e-01
35 2.1e-11 4.3e-86 2.8e-88 +1.23e+00 +1.23e+00 9.8e-01 1.0e+00 1.00e-01
36 2.1e-12 4.2e-86 5.3e-88 +1.23e+00 +1.23e+00 9.8e-01 1.0e+00 1.00e-01
37 2.1e-13 4.3e-86 1.2e-87 +1.23e+00 +1.23e+00 9.8e-01 1.0e+00 1.00e-01
38 2.1e-14 4.1e-86 1.3e-87 +1.23e+00 +1.23e+00 9.8e-01 1.0e+00 1.00e-01
39 2.1e-15 4.1e-86 1.6e-87 +1.23e+00 +1.23e+00 9.8e-01 1.0e+00 1.00e-01
40 2.1e-16 4.2e-86 1.4e-87 +1.23e+00 +1.23e+00 9.8e-01 1.0e+00 1.00e-01
41 2.1e-17 4.2e-86 1.0e-87 +1.23e+00 +1.23e+00 9.8e-01 1.0e+00 1.00e-01
42 2.1e-18 4.1e-86 1.5e-87 +1.23e+00 +1.23e+00 9.8e-01 1.0e+00 1.00e-01
43 2.1e-19 4.3e-86 1.3e-87 +1.23e+00 +1.23e+00 9.8e-01 1.0e+00 1.00e-01
44 2.1e-20 4.1e-86 9.5e-88 +1.23e+00 +1.23e+00 9.8e-01 1.0e+00 1.00e-01
45 2.1e-21 4.2e-86 1.6e-86 +1.23e+00 +1.23e+00 9.8e-01 1.0e+00 1.00e-01
46 2.1e-22 4.1e-86 9.0e-86 +1.23e+00 +1.23e+00 9.8e-01 1.0e+00 1.00e-01
47 2.1e-23 4.2e-86 1.5e-85 +1.23e+00 +1.23e+00 9.8e-01 1.0e+00 1.00e-01
48 2.1e-24 4.2e-86 3.3e-85 +1.23e+00 +1.23e+00 9.8e-01 1.0e+00 1.00e-01
49 2.1e-25 4.2e-86 4.5e-85 +1.23e+00 +1.23e+00 9.8e-01 1.0e+00 1.00e-01
50 2.1e-26 4.3e-86 7.9e-85 +1.23e+00 +1.23e+00 9.8e-01 1.0e+00 1.00e-01
51 2.1e-27 4.2e-86 6.2e-87 +1.23e+00 +1.23e+00 9.8e-01 1.0e+00 1.00e-01
52 2.1e-28 4.2e-86 8.1e-88 +1.23e+00 +1.23e+00 9.8e-01 1.0e+00 1.00e-01
53 2.1e-29 4.2e-86 1.7e-87 +1.23e+00 +1.23e+00 9.8e-01 1.0e+00 1.00e-01
54 2.1e-30 4.2e-86 9.3e-88 +1.23e+00 +1.23e+00 9.8e-01 1.0e+00 1.00e-01
55 2.1e-31 4.3e-86 1.7e-87 +1.23e+00 +1.23e+00 9.8e-01 1.0e+00 1.00e-01
56 2.1e-32 4.2e-86 1.1e-87 +1.23e+00 +1.23e+00 9.8e-01 1.0e+00 1.00e-01

phase.value = pdOPT     
   Iteration = 56
          mu = 2.1220447043151015e-32
relative gap = 2.0625435235614814e-31
         gap = 2.5464536451781218e-31
      digits = 3.0685596878248024e+01
objValPrimal = 1.2346181382786300e+00
objValDual   = 1.2346181382786300e+00
p.feas.error = 4.2317225919962779e-76
d.feas.error = 1.3702605545999442e-76
relative eps = 8.6361685550944446e-78
total time   = 0.120


Parameters are
maxIteration =    200
epsilonStar  = 1.000e-30
lambdaStar   = 1.000e+10
omegaStar    = 2.000e+00
lowerBound   = -1.000e+05
upperBound   = 1.000e+05
betaStar     = 1.000e-01
betaBar      = 3.000e-01
gammaStar    = 9.000e-01
epsilonDash  = 1.000e-30
precision    =    200

                         Time(sec)  Ratio(% : MainLoop) 
 Predictor time  =       0.030000,  25.000000
 Corrector time  =       0.030000,  25.000000
 Make bMat time  =       0.030000,  25.000000
 Make bDia time  =       0.000000,  0.000000
 Make bF1  time  =       0.010000,  8.333333
 Make bF2  time  =       0.010000,  8.333333
 Make bF3  time  =       0.010000,  8.333333
 Make bPRE time  =       0.010000,  8.333333
 Make rMat time  =       0.010000,  8.333333
 Make gVec Mul   =       0.000000,  0.000000
 Make gVec time  =       0.000000,  0.000000
 Cholesky bMat   =       0.000000,  0.000000
 Ste Pre time    =       0.000000,  0.000000
 Ste Cor time    =       0.040000,  33.333333
 solve           =       0.000000,  0.000000
 sumDz           =       0.000000,  0.000000
 makedX          =       0.010000,  8.333333
 symmetriseDx    =       0.000000,  0.000000
 makedXdZ        =       0.010000,  8.333333
 xMatTime        =       0.010000,  8.333333
 zMatTime        =       0.010000,  8.333333
 invzMatTime     =       0.000000,  0.000000
 xMatzMatTime    =       0.000000,  0.000000
 EigxMatTime     =       0.010000,  8.333333
 EigzMatTime     =       0.030000,  25.000000
 EigxMatzMatTime =       0.000000,  0.000000
 updateRes       =       0.000000,  0.000000
 EigTime         =       0.040000,  33.333333
 sub_total_bMat  =       0.090000,  75.000000
 Main Loop       =       0.120000,  100.000000
 File Check      =       0.000000,  0.000000
 File Change     =       0.000000,  0.000000
 File Read       =       0.000000,  0.000000
 Total           =       0.120000,  100.000000

xVec = 
{-1.234618138279e+00,+4.942931012839e-02,-1.537048604419e-01,-4.330765980673e-02,+9.375653733119e-01,-1.953162318930e-02,-2.959335179084e-02,+2.831807447341e-02}
xMat = 
{
{ {+2.234618138279e+00,+4.942931012839e-02,-1.537048604419e-01,-4.330765980673e-02,+9.375653733119e-01,-1.953162318930e-02 },
  {+4.942931012839e-02,+1.080913277837e+00,-4.330765980673e-02,+9.375653733119e-01,-1.953162318930e-02,-2.959335179084e-02 },
  {-1.537048604419e-01,-4.330765980673e-02,+2.172183511591e+00,-1.953162318930e-02,-2.959335179084e-02,+2.831807447341e-02 },
  {-4.330765980673e-02,+9.375653733119e-01,-1.953162318930e-02,+1.205024786488e+00,+2.831807447341e-02,-7.933391053364e-01 },
  {+9.375653733119e-01,-1.953162318930e-02,-2.959335179084e-02,+2.831807447341e-02,+4.412790329423e-01,-1.731524902716e-01 },
  {-1.953162318930e-02,-2.959335179084e-02,+2.831807447341e-02,-7.933391053364e-01,-1.731524902716e-01,+1.522990656579e+00 }   }
{ {+1.284047448407e+00,-1.537048604419e-01,-4.330765980673e-02,+9.375653733119e-01,-1.953162318930e-02,-2.959335179084e-02 },
  {-1.537048604419e-01,+1.191310478472e+00,+9.375653733119e-01,-1.953162318930e-02,-2.959335179084e-02,+2.831807447341e-02 },
  {-4.330765980673e-02,+9.375653733119e-01,+1.215086515089e+00,-2.959335179084e-02,+2.831807447341e-02,-7.933391053364e-01 },
  {+9.375653733119e-01,-1.953162318930e-02,-2.959335179084e-02,+1.262936212752e+00,-7.933391053364e-01,-1.731524902716e-01 },
  {-1.953162318930e-02,-2.959335179084e-02,+2.831807447341e-02,-7.933391053364e-01,+1.061465648007e+00,+2.883725182999e-01 },
  {-2.959335179084e-02,+2.831807447341e-02,-7.933391053364e-01,-1.731524902716e-01,+2.883725182999e-01,+1.540736531800e+00 }   }
}
yMat = 
{
{ {+1.359866454870e-31,+1.051587828894e-22,+1.649356429769e-24,-1.234269904285e-22,-1.230156595623e-23,-6.368010877887e-23 },
  {+1.051587828894e-22,+1.827726459629e-01,+2.866686257164e-03,-2.145239513179e-01,-2.138090268893e-02,-1.106800749261e-01 },
  {+1.649356429769e-24,+2.866686257164e-03,+4.496236323396e-05,-3.364687641500e-03,-3.353474453533e-04,-1.735954787222e-03 },
  {-1.234269904285e-22,-2.145239513179e-01,-3.364687641500e-03,+2.517911006136e-01,+2.509519793516e-02,+1.299074425509e-01 },
  {-1.230156595623e-23,-2.138090268893e-02,-3.353474453533e-04,+2.509519793516e-02,+2.501156545527e-03,+1.294745118522e-02 },
  {-6.368010877887e-23,-1.106800749261e-01,-1.735954787222e-03,+1.299074425509e-01,+1.294745118522e-02,+6.702359054389e-02 }   }
{ {+7.138688838933e-02,-4.041997266314e-02,+5.705768002734e-02,-1.024387083624e-01,-8.779053344784e-02,+3.641254719744e-02 },
  {-4.041997266314e-02,+4.915001914993e-02,-6.480338803440e-02,+6.039724247039e-02,+5.812951455228e-02,-3.913977411068e-02 },
  {+5.705768002734e-02,-6.480338803440e-02,+8.581360572956e-02,-8.484048904811e-02,-8.058894196246e-02,+5.202201472677e-02 },
  {-1.024387083624e-01,+6.039724247039e-02,-8.484048904811e-02,+1.472159041872e-01,+1.267457030148e-01,-5.394062609064e-02 },
  {-8.779053344784e-02,+5.812951455228e-02,-8.058894196246e-02,+1.267457030148e-01,+1.106639331263e-01,-5.071898571783e-02 },
  {+3.641254719744e-02,-3.913977411068e-02,+5.202201472677e-02,-5.394062609064e-02,-5.071898571783e-02,+3.163619338850e-02 }   }
}
    main loop time = 0.120000
        total time = 0.120000
  file   read time = 0.000000
