SDPA-GMP start at Wed Jun  5 23:35:10 2024
*SDP Scan Problem: V = x^2 - 2*x^4 + x^8
* K = 6; eval = -9.396984924623116; Domain = R+ with BCs: Neumann
data      is /Users/gorg/qmBoot/data/K=6_BC-Neumann_V_0.0_0.0_1.0_0.0_-2.0_0.0_0.0_0.0_1.0/e=-9.396984924623116_K=6_D=R+.dat
parameter is ./param.sdpa
out       is /Users/gorg/qmBoot/data/K=6_BC-Neumann_V_0.0_0.0_1.0_0.0_-2.0_0.0_0.0_0.0_1.0/e=-9.396984924623116_K=6_D=R+.out
DENSE computation
   mu      thetaP  thetaD  objP      objD      alphaP  alphaD  beta 
 0 1.0e+20 1.0e+00 1.0e+00 +0.00e+00 +6.65e+09 1.0e+00 9.0e-01 3.00e-01
 1 1.6e+19 8.6e-88 1.0e-01 +1.60e+10 +6.65e+08 9.0e-01 9.0e-01 3.00e-01
 2 2.5e+18 3.5e-87 1.0e-02 +2.46e+10 +6.65e+07 9.0e-01 9.0e-01 3.00e-01
 3 3.8e+17 6.0e-87 1.0e-03 +3.79e+10 +6.65e+06 9.0e-01 9.0e-01 3.00e-01
 4 5.8e+16 7.8e-87 1.0e-04 +5.84e+10 +6.65e+05 9.0e-01 9.0e-01 3.00e-01
 5 9.0e+15 1.0e-86 1.0e-05 +9.00e+10 +6.65e+04 9.0e-01 9.0e-01 3.00e-01
 6 1.4e+15 1.0e-86 1.0e-06 +1.39e+11 +6.65e+03 9.0e-01 9.0e-01 3.00e-01
 7 2.1e+14 1.2e-86 1.0e-07 +2.13e+11 +6.65e+02 9.0e-01 9.0e-01 3.00e-01
 8 3.3e+13 1.6e-86 1.0e-08 +3.29e+11 +6.64e+01 9.0e-01 9.0e-01 3.00e-01
 9 5.1e+12 1.7e-86 1.0e-09 +5.05e+11 +6.56e+00 9.0e-01 9.0e-01 3.00e-01
10 8.3e+11 1.6e-86 9.9e-11 +7.68e+11 +5.72e-01 9.1e-01 9.1e-01 3.00e-01
11 1.8e+11 1.7e-86 9.1e-12 +1.05e+12 -2.20e-02 1.8e+00 1.0e+00 3.00e-01
12 4.0e+10 1.5e-86 8.0e-94 +4.83e+11 -4.50e-02 9.6e-01 9.0e+01 1.00e-01
13 5.5e+09 2.0e-86 1.2e-91 +6.56e+10 +6.39e-02 9.9e-01 9.9e-01 1.00e-01
14 6.1e+08 1.8e-86 2.4e-93 +7.32e+09 +5.64e-02 1.0e+00 1.0e+00 1.00e-01
15 6.3e+07 1.9e-86 4.6e-93 +7.55e+08 +4.92e-02 1.0e+00 1.0e+00 1.00e-01
16 6.4e+06 2.2e-86 1.1e-92 +7.66e+07 +4.23e-02 1.0e+00 1.0e+00 1.00e-01
17 6.4e+05 2.5e-86 4.9e-92 +7.70e+06 +3.59e-02 1.0e+00 1.0e+00 1.00e-01
18 6.4e+04 2.5e-86 7.4e-92 +7.72e+05 +3.02e-02 1.0e+00 1.0e+00 1.00e-01
19 6.4e+03 2.5e-86 4.5e-91 +7.72e+04 +2.50e-02 1.0e+00 1.0e+00 1.00e-01
20 6.4e+02 2.8e-86 1.2e-90 +7.72e+03 +2.03e-02 1.0e+00 1.0e+00 1.00e-01
21 6.4e+01 2.8e-86 5.4e-90 +7.73e+02 +1.64e-02 1.0e+00 1.0e+00 1.00e-01
22 6.6e+00 3.0e-86 7.0e-90 +7.86e+01 +1.51e-02 9.8e-01 1.7e+01 1.00e-01
23 7.3e-01 3.3e-86 6.5e-88 +9.13e+00 +3.93e-01 9.1e-01 3.9e+00 1.00e-01
24 1.0e-01 3.0e-86 1.4e-87 +2.10e+00 +8.43e-01 8.7e-01 1.1e+00 1.00e-01
25 1.9e-02 3.1e-86 9.0e-89 +1.30e+00 +1.07e+00 8.9e-01 9.4e-01 1.00e-01
26 3.4e-03 3.1e-86 1.5e-89 +1.19e+00 +1.15e+00 8.9e-01 9.3e-01 1.00e-01
27 6.1e-04 3.2e-86 3.1e-89 +1.17e+00 +1.17e+00 9.4e-01 9.1e-01 1.00e-01
28 1.1e-04 3.1e-86 6.6e-90 +1.17e+00 +1.17e+00 1.0e+00 8.8e-01 1.00e-01
29 1.9e-05 3.0e-86 4.2e-90 +1.17e+00 +1.17e+00 9.7e-01 9.9e-01 1.00e-01
30 2.2e-06 3.1e-86 1.4e-90 +1.17e+00 +1.17e+00 9.9e-01 1.0e+00 1.00e-01
31 2.2e-07 3.1e-86 1.5e-91 +1.17e+00 +1.17e+00 9.9e-01 1.0e+00 1.00e-01
32 2.3e-08 3.1e-86 1.6e-88 +1.17e+00 +1.17e+00 9.9e-01 1.0e+00 1.00e-01
33 2.3e-09 3.1e-86 1.3e-88 +1.17e+00 +1.17e+00 9.9e-01 1.0e+00 1.00e-01
34 2.3e-10 3.1e-86 4.5e-88 +1.17e+00 +1.17e+00 9.9e-01 1.0e+00 1.00e-01
35 2.3e-11 3.1e-86 1.0e-87 +1.17e+00 +1.17e+00 9.9e-01 1.0e+00 1.00e-01
36 2.3e-12 3.1e-86 8.6e-88 +1.17e+00 +1.17e+00 9.9e-01 1.0e+00 1.00e-01
37 2.3e-13 3.1e-86 1.6e-87 +1.17e+00 +1.17e+00 9.9e-01 1.0e+00 1.00e-01
38 2.3e-14 3.0e-86 1.2e-87 +1.17e+00 +1.17e+00 9.9e-01 1.0e+00 1.00e-01
39 2.3e-15 3.0e-86 1.3e-87 +1.17e+00 +1.17e+00 9.9e-01 1.0e+00 1.00e-01
40 2.3e-16 3.0e-86 1.1e-87 +1.17e+00 +1.17e+00 9.9e-01 1.0e+00 1.00e-01
41 2.3e-17 3.1e-86 1.4e-87 +1.17e+00 +1.17e+00 9.9e-01 1.0e+00 1.00e-01
42 2.3e-18 3.1e-86 1.2e-87 +1.17e+00 +1.17e+00 9.9e-01 1.0e+00 1.00e-01
43 2.3e-19 3.0e-86 1.5e-87 +1.17e+00 +1.17e+00 9.9e-01 1.0e+00 1.00e-01
44 2.3e-20 3.1e-86 1.4e-87 +1.17e+00 +1.17e+00 9.9e-01 1.0e+00 1.00e-01
45 2.3e-21 3.1e-86 8.1e-86 +1.17e+00 +1.17e+00 9.9e-01 1.0e+00 1.00e-01
46 2.3e-22 3.1e-86 4.9e-85 +1.17e+00 +1.17e+00 9.9e-01 1.0e+00 1.00e-01
47 2.3e-23 3.1e-86 4.1e-85 +1.17e+00 +1.17e+00 9.9e-01 1.0e+00 1.00e-01
48 2.3e-24 3.2e-86 3.0e-85 +1.17e+00 +1.17e+00 9.9e-01 1.0e+00 1.00e-01
49 2.3e-25 3.1e-86 2.9e-84 +1.17e+00 +1.17e+00 9.9e-01 1.0e+00 1.00e-01
50 2.3e-26 3.1e-86 2.7e-84 +1.17e+00 +1.17e+00 9.9e-01 1.0e+00 1.00e-01
51 2.3e-27 3.1e-86 7.8e-84 +1.17e+00 +1.17e+00 9.9e-01 1.0e+00 1.00e-01
52 2.3e-28 3.0e-86 3.2e-86 +1.17e+00 +1.17e+00 9.9e-01 1.0e+00 1.00e-01
53 2.3e-29 3.1e-86 7.9e-88 +1.17e+00 +1.17e+00 9.9e-01 1.0e+00 1.00e-01
54 2.3e-30 3.1e-86 1.2e-87 +1.17e+00 +1.17e+00 9.9e-01 1.0e+00 1.00e-01
55 2.3e-31 3.1e-86 1.1e-87 +1.17e+00 +1.17e+00 9.9e-01 1.0e+00 1.00e-01
56 2.3e-32 3.1e-86 1.4e-87 +1.17e+00 +1.17e+00 9.9e-01 1.0e+00 1.00e-01

phase.value = pdOPT     
   Iteration = 56
          mu = 2.2888011392935380e-32
relative gap = 2.3448314516619802e-31
         gap = 2.7465613671522456e-31
      digits = 3.0629888369257593e+01
objValPrimal = 1.1713257109399166e+00
objValDual   = 1.1713257109399166e+00
p.feas.error = 3.1090206798340001e-76
d.feas.error = 1.7298129801598933e-76
relative eps = 8.6361685550944446e-78
total time   = 0.110


Parameters are
maxIteration =    200
epsilonStar  = 1.000e-30
lambdaStar   = 1.000e+10
omegaStar    = 2.000e+00
lowerBound   = -1.000e+05
upperBound   = 1.000e+05
betaStar     = 1.000e-01
betaBar      = 3.000e-01
gammaStar    = 9.000e-01
epsilonDash  = 1.000e-30
precision    =    200

                         Time(sec)  Ratio(% : MainLoop) 
 Predictor time  =       0.000000,  0.000000
 Corrector time  =       0.030000,  27.272727
 Make bMat time  =       0.000000,  0.000000
 Make bDia time  =       0.000000,  0.000000
 Make bF1  time  =       0.000000,  0.000000
 Make bF2  time  =       0.000000,  0.000000
 Make bF3  time  =       0.000000,  0.000000
 Make bPRE time  =       0.000000,  0.000000
 Make rMat time  =       0.000000,  0.000000
 Make gVec Mul   =       0.000000,  0.000000
 Make gVec time  =       0.000000,  0.000000
 Cholesky bMat   =       0.000000,  0.000000
 Ste Pre time    =       0.000000,  0.000000
 Ste Cor time    =       0.080000,  72.727273
 solve           =       0.000000,  0.000000
 sumDz           =       0.000000,  0.000000
 makedX          =       0.030000,  27.272727
 symmetriseDx    =       0.000000,  0.000000
 makedXdZ        =       0.030000,  27.272727
 xMatTime        =       0.000000,  0.000000
 zMatTime        =       0.000000,  0.000000
 invzMatTime     =       0.000000,  0.000000
 xMatzMatTime    =       0.000000,  0.000000
 EigxMatTime     =       0.030000,  27.272727
 EigzMatTime     =       0.050000,  45.454545
 EigxMatzMatTime =       0.000000,  0.000000
 updateRes       =       0.000000,  0.000000
 EigTime         =       0.080000,  72.727273
 sub_total_bMat  =       0.110000,  100.000000
 Main Loop       =       0.110000,  100.000000
 File Check      =       0.000000,  0.000000
 File Change     =       0.000000,  0.000000
 File Read       =       0.000000,  0.000000
 Total           =       0.110000,  100.000000

xVec = 
{-1.171325710940e+00,+4.972296050910e-02,-1.522004553394e-01,-4.243876092711e-02,+8.868299770692e-01,-1.896200154495e-02,-2.725390740653e-02,+2.510981246657e-02}
xMat = 
{
{ {+2.171325710940e+00,+4.972296050910e-02,-1.522004553394e-01,-4.243876092711e-02,+8.868299770692e-01,-1.896200154495e-02 },
  {+4.972296050910e-02,+1.019125255600e+00,-4.243876092711e-02,+8.868299770692e-01,-1.896200154495e-02,-2.725390740653e-02 },
  {-1.522004553394e-01,-4.243876092711e-02,+2.058155688009e+00,-1.896200154495e-02,-2.725390740653e-02,+2.510981246657e-02 },
  {-4.243876092711e-02,+8.868299770692e-01,-1.896200154495e-02,+1.144071803533e+00,+2.510981246657e-02,-7.543208303058e-01 },
  {+8.868299770692e-01,-1.896200154495e-02,-2.725390740653e-02,+2.510981246657e-02,+4.170048806341e-01,-1.654860367593e-01 },
  {-1.896200154495e-02,-2.725390740653e-02,+2.510981246657e-02,-7.543208303058e-01,-1.654860367593e-01,+1.452871021039e+00 }   }
{ {+1.221048671449e+00,-1.522004553394e-01,-4.243876092711e-02,+8.868299770692e-01,-1.896200154495e-02,-2.725390740653e-02 },
  {-1.522004553394e-01,+1.128886950013e+00,+8.868299770692e-01,-1.896200154495e-02,-2.725390740653e-02,+2.510981246657e-02 },
  {-4.243876092711e-02,+8.868299770692e-01,+1.152363709395e+00,-2.725390740653e-02,+2.510981246657e-02,-7.543208303058e-01 },
  {+8.868299770692e-01,-1.896200154495e-02,-2.725390740653e-02,+1.196435523406e+00,-7.543208303058e-01,-1.654860367593e-01 },
  {-1.896200154495e-02,-2.725390740653e-02,+2.510981246657e-02,-7.543208303058e-01,+1.005839674181e+00,+2.815453100991e-01 },
  {-2.725390740653e-02,+2.510981246657e-02,-7.543208303058e-01,-1.654860367593e-01,+2.815453100991e-01,+1.457532099313e+00 }   }
}
yMat = 
{
{ {+1.152984513633e-31,+1.214701628698e-22,+1.892294021839e-24,-1.420675179600e-22,-1.484968987925e-23,-7.320600484589e-23 },
  {+1.214701628698e-22,+1.861367185109e-01,+2.899686559672e-03,-2.176994001896e-01,-2.275515593080e-02,-1.121783752400e-01 },
  {+1.892294021839e-24,+2.899686559672e-03,+4.517207680251e-05,-3.391378282740e-03,-3.544857798270e-04,-1.747544114731e-03 },
  {-1.420675179600e-22,-2.176994001896e-01,-3.391378282740e-03,+2.546140773409e-01,+2.661368394687e-02,+1.312001479308e-01 },
  {-1.484968987925e-23,-2.275515593080e-02,-3.544857798270e-04,+2.661368394687e-02,+2.781810733408e-03,+1.371377147438e-02 },
  {-7.320600484589e-23,-1.121783752400e-01,-1.747544114731e-03,+1.312001479308e-01,+1.371377147438e-02,+6.760615515386e-02 }   }
{ {+6.828849530018e-02,-3.873440716369e-02,+5.528255119981e-02,-9.874832128337e-02,-8.521977513841e-02,+3.580455049112e-02 },
  {-3.873440716369e-02,+4.911051965562e-02,-6.502530049892e-02,+5.865626590456e-02,+5.730620212275e-02,-3.963292338263e-02 },
  {+5.528255119981e-02,-6.502530049892e-02,+8.652053131166e-02,-8.322178073995e-02,-8.011450253812e-02,+5.295766555016e-02 },
  {-9.874832128337e-02,+5.865626590456e-02,-8.322178073995e-02,+1.430523230583e-01,+1.241055945887e-01,-5.365798416871e-02 },
  {-8.521977513841e-02,+5.730620212275e-02,-8.011450253812e-02,+1.241055945887e-01,+1.093123808363e-01,-5.106728224412e-02 },
  {+3.580455049112e-02,-3.963292338263e-02,+5.295766555016e-02,-5.365798416871e-02,-5.106728224412e-02,+3.253181602204e-02 }   }
}
    main loop time = 0.110000
        total time = 0.110000
  file   read time = 0.000000
