SDPA-GMP start at Wed Jun  5 23:35:10 2024
*SDP Scan Problem: V = x^2 - 2*x^4 + x^8
* K = 6; eval = -9.296482412060302; Domain = R+ with BCs: Neumann
data      is /Users/gorg/qmBoot/data/K=6_BC-Neumann_V_0.0_0.0_1.0_0.0_-2.0_0.0_0.0_0.0_1.0/e=-9.296482412060302_K=6_D=R+.dat
parameter is ./param.sdpa
out       is /Users/gorg/qmBoot/data/K=6_BC-Neumann_V_0.0_0.0_1.0_0.0_-2.0_0.0_0.0_0.0_1.0/e=-9.296482412060302_K=6_D=R+.out
DENSE computation
   mu      thetaP  thetaD  objP      objD      alphaP  alphaD  beta 
 0 1.0e+20 1.0e+00 1.0e+00 +0.00e+00 +6.45e+09 1.0e+00 9.0e-01 3.00e-01
 1 1.6e+19 8.6e-88 1.0e-01 +1.60e+10 +6.45e+08 9.0e-01 9.0e-01 3.00e-01
 2 2.5e+18 3.5e-87 1.0e-02 +2.46e+10 +6.45e+07 9.0e-01 9.0e-01 3.00e-01
 3 3.8e+17 6.0e-87 1.0e-03 +3.79e+10 +6.45e+06 9.0e-01 9.0e-01 3.00e-01
 4 5.8e+16 6.0e-87 1.0e-04 +5.84e+10 +6.45e+05 9.0e-01 9.0e-01 3.00e-01
 5 9.0e+15 1.0e-86 1.0e-05 +9.00e+10 +6.45e+04 9.0e-01 9.0e-01 3.00e-01
 6 1.4e+15 1.2e-86 1.0e-06 +1.39e+11 +6.45e+03 9.0e-01 9.0e-01 3.00e-01
 7 2.1e+14 1.3e-86 1.0e-07 +2.13e+11 +6.45e+02 9.0e-01 9.0e-01 3.00e-01
 8 3.3e+13 1.6e-86 1.0e-08 +3.29e+11 +6.44e+01 9.0e-01 9.0e-01 3.00e-01
 9 5.1e+12 1.9e-86 1.0e-09 +5.05e+11 +6.36e+00 9.0e-01 9.0e-01 3.00e-01
10 8.3e+11 2.3e-86 9.9e-11 +7.68e+11 +5.52e-01 9.1e-01 9.1e-01 3.00e-01
11 1.8e+11 2.4e-86 9.0e-12 +1.05e+12 -2.41e-02 1.8e+00 1.0e+00 3.00e-01
12 4.0e+10 2.2e-86 7.5e-94 +4.83e+11 -4.57e-02 9.6e-01 9.0e+01 1.00e-01
13 5.5e+09 2.0e-86 9.6e-92 +6.56e+10 +5.95e-02 9.9e-01 9.9e-01 1.00e-01
14 6.1e+08 2.2e-86 1.9e-93 +7.32e+09 +5.23e-02 1.0e+00 1.0e+00 1.00e-01
15 6.3e+07 2.2e-86 3.5e-93 +7.55e+08 +4.54e-02 1.0e+00 1.0e+00 1.00e-01
16 6.4e+06 2.4e-86 1.1e-92 +7.65e+07 +3.87e-02 1.0e+00 1.0e+00 1.00e-01
17 6.4e+05 2.5e-86 3.9e-92 +7.69e+06 +3.26e-02 1.0e+00 1.0e+00 1.00e-01
18 6.4e+04 2.7e-86 1.3e-91 +7.71e+05 +2.70e-02 1.0e+00 1.0e+00 1.00e-01
19 6.4e+03 2.7e-86 5.0e-91 +7.71e+04 +2.20e-02 1.0e+00 1.0e+00 1.00e-01
20 6.4e+02 2.7e-86 1.3e-90 +7.71e+03 +1.75e-02 1.0e+00 1.0e+00 1.00e-01
21 6.4e+01 3.1e-86 5.1e-90 +7.73e+02 +1.37e-02 1.0e+00 1.0e+00 1.00e-01
22 6.5e+00 2.9e-86 1.0e-89 +7.85e+01 +1.26e-02 9.8e-01 1.7e+01 1.00e-01
23 7.3e-01 3.0e-86 9.0e-88 +9.11e+00 +3.87e-01 9.1e-01 3.9e+00 1.00e-01
24 1.0e-01 2.9e-86 2.2e-87 +2.08e+00 +8.31e-01 8.7e-01 1.1e+00 1.00e-01
25 1.9e-02 3.2e-86 2.5e-88 +1.28e+00 +1.06e+00 8.9e-01 9.4e-01 1.00e-01
26 3.4e-03 3.2e-86 1.4e-89 +1.18e+00 +1.14e+00 8.9e-01 9.3e-01 1.00e-01
27 6.1e-04 3.1e-86 7.2e-89 +1.16e+00 +1.15e+00 9.4e-01 9.0e-01 1.00e-01
28 1.1e-04 3.1e-86 7.0e-90 +1.16e+00 +1.16e+00 1.0e+00 8.9e-01 1.00e-01
29 1.9e-05 3.0e-86 3.7e-90 +1.16e+00 +1.16e+00 9.7e-01 9.9e-01 1.00e-01
30 2.2e-06 3.0e-86 7.4e-91 +1.16e+00 +1.16e+00 9.9e-01 1.0e+00 1.00e-01
31 2.3e-07 2.8e-86 4.2e-91 +1.16e+00 +1.16e+00 9.9e-01 1.0e+00 1.00e-01
32 2.3e-08 2.9e-86 1.4e-88 +1.16e+00 +1.16e+00 9.9e-01 1.0e+00 1.00e-01
33 2.3e-09 2.8e-86 1.6e-88 +1.16e+00 +1.16e+00 9.9e-01 1.0e+00 1.00e-01
34 2.3e-10 2.8e-86 1.9e-88 +1.16e+00 +1.16e+00 9.9e-01 1.0e+00 1.00e-01
35 2.3e-11 2.8e-86 1.5e-87 +1.16e+00 +1.16e+00 9.9e-01 1.0e+00 1.00e-01
36 2.3e-12 2.7e-86 1.1e-87 +1.16e+00 +1.16e+00 9.9e-01 1.0e+00 1.00e-01
37 2.3e-13 2.7e-86 7.3e-88 +1.16e+00 +1.16e+00 9.9e-01 1.0e+00 1.00e-01
38 2.3e-14 2.7e-86 1.7e-87 +1.16e+00 +1.16e+00 9.9e-01 1.0e+00 1.00e-01
39 2.3e-15 2.7e-86 1.4e-87 +1.16e+00 +1.16e+00 9.9e-01 1.0e+00 1.00e-01
40 2.3e-16 2.5e-86 8.6e-88 +1.16e+00 +1.16e+00 9.9e-01 1.0e+00 1.00e-01
41 2.3e-17 2.5e-86 1.5e-87 +1.16e+00 +1.16e+00 9.9e-01 1.0e+00 1.00e-01
42 2.3e-18 2.5e-86 1.4e-87 +1.16e+00 +1.16e+00 9.9e-01 1.0e+00 1.00e-01
43 2.3e-19 2.4e-86 1.5e-87 +1.16e+00 +1.16e+00 9.9e-01 1.0e+00 1.00e-01
44 2.3e-20 2.5e-86 1.7e-87 +1.16e+00 +1.16e+00 9.9e-01 1.0e+00 1.00e-01
45 2.3e-21 2.3e-86 8.3e-86 +1.16e+00 +1.16e+00 9.9e-01 1.0e+00 1.00e-01
46 2.3e-22 2.5e-86 7.8e-85 +1.16e+00 +1.16e+00 9.9e-01 1.0e+00 1.00e-01
47 2.3e-23 2.4e-86 6.1e-85 +1.16e+00 +1.16e+00 9.9e-01 1.0e+00 1.00e-01
48 2.3e-24 2.5e-86 3.1e-85 +1.16e+00 +1.16e+00 9.9e-01 1.0e+00 1.00e-01
49 2.3e-25 2.5e-86 2.8e-84 +1.16e+00 +1.16e+00 9.9e-01 1.0e+00 1.00e-01
50 2.3e-26 2.4e-86 6.4e-84 +1.16e+00 +1.16e+00 9.9e-01 1.0e+00 1.00e-01
51 2.3e-27 2.3e-86 3.9e-84 +1.16e+00 +1.16e+00 9.9e-01 1.0e+00 1.00e-01
52 2.3e-28 2.4e-86 1.5e-86 +1.16e+00 +1.16e+00 9.9e-01 1.0e+00 1.00e-01
53 2.3e-29 2.5e-86 1.2e-87 +1.16e+00 +1.16e+00 9.9e-01 1.0e+00 1.00e-01
54 2.3e-30 2.4e-86 1.6e-87 +1.16e+00 +1.16e+00 9.9e-01 1.0e+00 1.00e-01
55 2.3e-31 2.5e-86 1.6e-87 +1.16e+00 +1.16e+00 9.9e-01 1.0e+00 1.00e-01
56 2.3e-32 2.4e-86 1.1e-87 +1.16e+00 +1.16e+00 9.9e-01 1.0e+00 1.00e-01

phase.value = pdOPT     
   Iteration = 56
          mu = 2.2910306667037167e-32
relative gap = 2.3727433822194305e-31
         gap = 2.7492368000444600e-31
      digits = 3.0624749229213130e+01
objValPrimal = 1.1586743095129246e+00
objValDual   = 1.1586743095129246e+00
p.feas.error = 2.4181271954264445e-76
d.feas.error = 1.3635096939571705e-76
relative eps = 8.6361685550944446e-78
total time   = 0.110


Parameters are
maxIteration =    200
epsilonStar  = 1.000e-30
lambdaStar   = 1.000e+10
omegaStar    = 2.000e+00
lowerBound   = -1.000e+05
upperBound   = 1.000e+05
betaStar     = 1.000e-01
betaBar      = 3.000e-01
gammaStar    = 9.000e-01
epsilonDash  = 1.000e-30
precision    =    200

                         Time(sec)  Ratio(% : MainLoop) 
 Predictor time  =       0.020000,  18.181818
 Corrector time  =       0.030000,  27.272727
 Make bMat time  =       0.010000,  9.090909
 Make bDia time  =       0.000000,  0.000000
 Make bF1  time  =       0.010000,  9.090909
 Make bF2  time  =       0.000000,  0.000000
 Make bF3  time  =       0.000000,  0.000000
 Make bPRE time  =       0.010000,  9.090909
 Make rMat time  =       0.000000,  0.000000
 Make gVec Mul   =       0.000000,  0.000000
 Make gVec time  =       0.000000,  0.000000
 Cholesky bMat   =       0.000000,  0.000000
 Ste Pre time    =       0.000000,  0.000000
 Ste Cor time    =       0.060000,  54.545455
 solve           =       0.000000,  0.000000
 sumDz           =       0.010000,  9.090909
 makedX          =       0.010000,  9.090909
 symmetriseDx    =       0.010000,  9.090909
 makedXdZ        =       0.030000,  27.272727
 xMatTime        =       0.000000,  0.000000
 zMatTime        =       0.000000,  0.000000
 invzMatTime     =       0.000000,  0.000000
 xMatzMatTime    =       0.000000,  0.000000
 EigxMatTime     =       0.030000,  27.272727
 EigzMatTime     =       0.030000,  27.272727
 EigxMatzMatTime =       0.000000,  0.000000
 updateRes       =       0.000000,  0.000000
 EigTime         =       0.060000,  54.545455
 sub_total_bMat  =       0.100000,  90.909091
 Main Loop       =       0.110000,  100.000000
 File Check      =       0.000000,  0.000000
 File Change     =       0.000000,  0.000000
 File Read       =       0.000000,  0.000000
 Total           =       0.110000,  100.000000

xVec = 
{-1.158674309513e+00,+4.978196200284e-02,-1.518583164451e-01,-4.224386346702e-02,+8.766900012411e-01,-1.883259901338e-02,-2.678260825710e-02,+2.449013682120e-02}
xMat = 
{
{ {+2.158674309513e+00,+4.978196200284e-02,-1.518583164451e-01,-4.224386346702e-02,+8.766900012411e-01,-1.883259901338e-02 },
  {+4.978196200284e-02,+1.006815993068e+00,-4.224386346702e-02,+8.766900012411e-01,-1.883259901338e-02,-2.678260825710e-02 },
  {-1.518583164451e-01,-4.224386346702e-02,+2.035364310754e+00,-1.883259901338e-02,-2.678260825710e-02,+2.449013682120e-02 },
  {-4.224386346702e-02,+8.766900012411e-01,-1.883259901338e-02,+1.131891701256e+00,+2.449013682120e-02,-7.465251543447e-01 },
  {+8.766900012411e-01,-1.883259901338e-02,-2.678260825710e-02,+2.449013682120e-02,+4.121491551682e-01,-1.639320085004e-01 },
  {-1.883259901338e-02,-2.678260825710e-02,+2.449013682120e-02,-7.465251543447e-01,-1.639320085004e-01,+1.438768368989e+00 }   }
{ {+1.208456271516e+00,-1.518583164451e-01,-4.224386346702e-02,+8.766900012411e-01,-1.883259901338e-02,-2.678260825710e-02 },
  {-1.518583164451e-01,+1.116430446046e+00,+8.766900012411e-01,-1.883259901338e-02,-2.678260825710e-02,+2.449013682120e-02 },
  {-4.224386346702e-02,+8.766900012411e-01,+1.139841710500e+00,-2.678260825710e-02,+2.449013682120e-02,-7.465251543447e-01 },
  {+8.766900012411e-01,-1.883259901338e-02,-2.678260825710e-02,+1.183164446334e+00,-7.465251543447e-01,-1.639320085004e-01 },
  {-1.883259901338e-02,-2.678260825710e-02,+2.449013682120e-02,-7.465251543447e-01,+9.947423010126e-01,+2.800940594766e-01 },
  {-2.678260825710e-02,+2.449013682120e-02,-7.465251543447e-01,-1.639320085004e-01,+2.800940594766e-01,+1.440876027500e+00 }   }
}
yMat = 
{
{ {+1.103756501223e-31,+1.169601354617e-22,+1.820243229988e-24,-1.366939562826e-22,-1.442564081822e-23,-7.042299774090e-23 },
  {+1.169601354617e-22,+1.868468207561e-01,+2.907885308088e-03,-2.183721064007e-01,-2.304533136424e-02,-1.125025477943e-01 },
  {+1.820243229988e-24,+2.907885308088e-03,+4.525523597766e-05,-3.398511343833e-03,-3.586530411538e-04,-1.750870068484e-03 },
  {-1.366939562826e-22,-2.183721064007e-01,-3.398511343833e-03,+2.552164209211e-01,+2.693360011343e-02,+1.314842727206e-01 },
  {-1.442564081822e-23,-2.304533136424e-02,-3.586530411538e-04,+2.693360011343e-02,+2.842367322808e-03,+1.387585018973e-02 },
  {-7.042299774090e-23,-1.125025477943e-01,-1.750870068484e-03,+1.314842727206e-01,+1.387585018973e-02,+6.773903462194e-02 }   }
{ {+6.764488079223e-02,-3.839086323117e-02,+5.491831248715e-02,-9.797658703108e-02,-8.467943052435e-02,+3.567726252120e-02 },
  {-3.839086323117e-02,+4.909391750825e-02,-6.506135711394e-02,+5.830169961271e-02,+5.713762571972e-02,-3.973059277580e-02 },
  {+5.491831248715e-02,-6.506135711394e-02,+8.665613853332e-02,-8.289053106801e-02,-8.001739698609e-02,+5.314766102419e-02 },
  {-9.797658703108e-02,+5.830169961271e-02,-8.289053106801e-02,+1.421752035328e-01,+1.235459461009e-01,-5.359876150047e-02 },
  {-8.467943052435e-02,+5.713762571972e-02,-8.001739698609e-02,+1.235459461009e-01,+1.090224243503e-01,-5.113947406962e-02 },
  {+3.567726252120e-02,-3.973059277580e-02,+5.314766102419e-02,-5.359876150047e-02,-5.113947406962e-02,+3.271753642509e-02 }   }
}
    main loop time = 0.110000
        total time = 0.110000
  file   read time = 0.000000
