SDPA-GMP start at Wed Jun  5 23:35:12 2024
*SDP Scan Problem: V = x^2 - 2*x^4 + x^8
* K = 6; eval = 0.3517587939698501; Domain = R+ with BCs: Neumann
data      is /Users/gorg/qmBoot/data/K=6_BC-Neumann_V_0.0_0.0_1.0_0.0_-2.0_0.0_0.0_0.0_1.0/e=0.3517587939698501_K=6_D=R+.dat
parameter is ./param.sdpa
out       is /Users/gorg/qmBoot/data/K=6_BC-Neumann_V_0.0_0.0_1.0_0.0_-2.0_0.0_0.0_0.0_1.0/e=0.3517587939698501_K=6_D=R+.out
DENSE computation
   mu      thetaP  thetaD  objP      objD      alphaP  alphaD  beta 
 0 1.0e+20 1.0e+00 1.0e+00 +0.00e+00 -1.28e+10 1.0e+00 9.0e-01 3.00e-01
 1 1.6e+19 8.6e-88 1.0e-01 +1.60e+10 -1.28e+09 9.0e-01 9.0e-01 3.00e-01
 2 2.5e+18 8.6e-88 1.0e-02 +2.46e+10 -1.28e+08 9.0e-01 9.0e-01 3.00e-01
 3 3.8e+17 8.6e-88 1.0e-03 +3.79e+10 -1.28e+07 9.0e-01 9.0e-01 3.00e-01
 4 5.8e+16 1.7e-87 1.0e-04 +5.84e+10 -1.28e+06 9.0e-01 9.0e-01 3.00e-01
 5 9.0e+15 4.3e-87 1.0e-05 +9.00e+10 -1.28e+05 9.0e-01 9.0e-01 3.00e-01
 6 1.4e+15 6.0e-87 1.0e-06 +1.39e+11 -1.28e+04 9.0e-01 9.0e-01 3.00e-01
 7 2.1e+14 8.6e-87 1.0e-07 +2.13e+11 -1.28e+03 9.0e-01 9.0e-01 3.00e-01
 8 3.3e+13 1.1e-86 1.0e-08 +3.29e+11 -1.29e+02 9.0e-01 9.0e-01 3.00e-01
 9 5.1e+12 1.2e-86 1.0e-09 +5.05e+11 -1.30e+01 9.0e-01 9.0e-01 3.00e-01
10 8.4e+11 1.2e-86 1.0e-10 +7.67e+11 -1.41e+00 9.0e-01 9.0e-01 3.00e-01
11 1.9e+11 1.2e-86 9.9e-12 +1.03e+12 -2.50e-01 1.5e+00 9.8e-01 3.00e-01
12 4.7e+10 1.0e-86 1.9e-13 +5.48e+11 -1.53e-01 1.1e+00 1.0e+00 3.00e-01
13 1.0e+10 7.8e-87 1.8e-94 +1.26e+11 -1.89e-01 9.7e-01 9.7e-01 1.00e-01
14 1.4e+09 7.8e-87 1.0e-93 +1.62e+10 -1.92e-01 9.9e-01 9.9e-01 1.00e-01
15 1.5e+08 7.8e-87 3.0e-93 +1.74e+09 -1.94e-01 1.0e+00 1.0e+00 1.00e-01
16 1.5e+07 7.8e-87 9.5e-93 +1.75e+08 -1.96e-01 1.0e+00 1.0e+00 1.00e-01
17 1.5e+06 6.9e-87 3.3e-92 +1.75e+07 -1.98e-01 1.0e+00 1.0e+00 1.00e-01
18 1.5e+05 6.9e-87 5.5e-92 +1.75e+06 -2.00e-01 1.0e+00 1.0e+00 1.00e-01
19 1.5e+04 9.5e-87 3.0e-91 +1.75e+05 -2.01e-01 1.0e+00 1.0e+00 1.00e-01
20 1.5e+03 9.5e-87 1.0e-90 +1.75e+04 -2.03e-01 1.0e+00 1.0e+00 1.00e-01
21 1.5e+02 1.3e-86 3.2e-90 +1.75e+03 -2.04e-01 1.0e+00 1.0e+00 1.00e-01
22 1.5e+01 1.3e-86 6.5e-90 +1.75e+02 -2.05e-01 1.0e+00 9.0e+01 1.00e-01
23 1.5e+00 1.5e-86 1.7e-87 +1.75e+01 -1.96e-01 9.9e-01 1.3e+01 1.00e-01
24 1.6e-01 1.5e-86 1.9e-86 +1.79e+00 -9.27e-02 9.5e-01 3.3e+00 1.00e-01
25 1.9e-02 1.5e-86 4.4e-86 +1.96e-01 -3.72e-02 9.0e-01 1.1e+00 1.00e-01
26 3.3e-03 1.4e-86 6.2e-87 +2.60e-02 -1.30e-02 9.3e-01 9.1e-01 1.00e-01
27 5.5e-04 1.4e-86 6.5e-88 +2.84e-03 -3.73e-03 9.0e-01 9.4e-01 1.00e-01
28 9.5e-05 1.4e-86 6.8e-89 +2.88e-04 -8.58e-04 8.9e-01 9.4e-01 1.00e-01
29 1.6e-05 1.4e-86 4.6e-89 +2.33e-05 -1.67e-04 1.1e+00 9.2e-01 1.00e-01
30 2.4e-06 1.4e-86 3.0e-89 -5.28e-06 -3.43e-05 1.0e+00 9.6e-01 1.00e-01
31 3.0e-07 1.4e-86 3.9e-86 -8.43e-06 -1.21e-05 1.1e+00 9.7e-01 1.00e-01
32 3.5e-08 1.4e-86 1.3e-85 -8.76e-06 -9.19e-06 1.1e+00 9.8e-01 1.00e-01
33 3.8e-09 1.4e-86 2.3e-85 -8.80e-06 -8.84e-06 1.1e+00 9.8e-01 1.00e-01
34 4.0e-10 1.4e-86 4.3e-85 -8.80e-06 -8.80e-06 1.1e+00 9.9e-01 1.00e-01
35 4.1e-11 1.4e-86 5.5e-87 -8.80e-06 -8.80e-06 1.1e+00 9.9e-01 1.00e-01
36 4.1e-12 1.4e-86 1.2e-83 -8.80e-06 -8.80e-06 1.1e+00 9.9e-01 1.00e-01
37 4.2e-13 1.4e-86 1.3e-85 -8.80e-06 -8.80e-06 1.1e+00 9.9e-01 1.00e-01
38 4.2e-14 1.4e-86 1.5e-82 -8.80e-06 -8.80e-06 1.1e+00 9.9e-01 1.00e-01
39 4.2e-15 1.4e-86 1.4e-84 -8.80e-06 -8.80e-06 1.1e+00 9.9e-01 1.00e-01
40 4.2e-16 1.4e-86 5.0e-82 -8.80e-06 -8.80e-06 1.1e+00 9.9e-01 1.00e-01
41 4.2e-17 1.4e-86 4.3e-84 -8.80e-06 -8.80e-06 1.1e+00 9.9e-01 1.00e-01
42 4.2e-18 1.4e-86 5.6e-81 -8.80e-06 -8.80e-06 1.1e+00 9.9e-01 1.00e-01
43 4.2e-19 1.4e-86 4.5e-83 -8.80e-06 -8.80e-06 1.1e+00 9.9e-01 1.00e-01
44 4.3e-20 1.4e-86 1.2e-79 -8.80e-06 -8.80e-06 1.1e+00 9.9e-01 1.00e-01
45 4.3e-21 1.4e-86 3.9e-81 -8.80e-06 -8.80e-06 1.1e+00 9.9e-01 1.00e-01
46 4.3e-22 1.4e-86 6.0e-79 -8.80e-06 -8.80e-06 1.1e+00 9.9e-01 1.00e-01
47 4.3e-23 1.4e-86 3.8e-79 -8.80e-06 -8.80e-06 1.1e+00 9.9e-01 1.00e-01
48 4.3e-24 1.4e-86 1.2e-79 -8.80e-06 -8.80e-06 1.1e+00 9.9e-01 1.00e-01
49 4.3e-25 1.4e-86 8.6e-80 -8.80e-06 -8.80e-06 1.1e+00 9.9e-01 1.00e-01
50 4.3e-26 1.4e-86 2.8e-80 -8.80e-06 -8.80e-06 1.1e+00 9.9e-01 1.00e-01
51 4.3e-27 1.4e-86 7.8e-81 -8.80e-06 -8.80e-06 1.1e+00 9.9e-01 1.00e-01
52 4.3e-28 1.4e-86 2.6e-81 -8.80e-06 -8.80e-06 1.1e+00 9.9e-01 1.00e-01
53 4.3e-29 1.4e-86 8.0e-81 -8.80e-06 -8.80e-06 1.1e+00 9.9e-01 1.00e-01
54 4.3e-30 1.4e-86 7.0e-80 -8.80e-06 -8.80e-06 1.1e+00 9.9e-01 1.00e-01
55 4.3e-31 1.4e-86 2.7e-79 -8.80e-06 -8.80e-06 1.1e+00 9.9e-01 1.00e-01
56 4.3e-32 1.4e-86 4.0e-78 -8.80e-06 -8.80e-06 1.1e+00 9.9e-01 1.00e-01

phase.value = pdOPT     
   Iteration = 56
          mu = 4.2754498306991104e-32
relative gap = 5.1305397968389324e-31
         gap = 5.1305397968389324e-31
      digits = 2.5234305938489189e+01
objValPrimal = -8.7997229529354207e-06
objValDual   = -8.7997229529354207e-06
p.feas.error = 1.4219738856413469e-76
d.feas.error = 4.7421478092912852e-67
relative eps = 8.6361685550944446e-78
total time   = 0.110


Parameters are
maxIteration =    200
epsilonStar  = 1.000e-30
lambdaStar   = 1.000e+10
omegaStar    = 2.000e+00
lowerBound   = -1.000e+05
upperBound   = 1.000e+05
betaStar     = 1.000e-01
betaBar      = 3.000e-01
gammaStar    = 9.000e-01
epsilonDash  = 1.000e-30
precision    =    200

                         Time(sec)  Ratio(% : MainLoop) 
 Predictor time  =       0.020000,  18.181818
 Corrector time  =       0.010000,  9.090909
 Make bMat time  =       0.020000,  18.181818
 Make bDia time  =       0.000000,  0.000000
 Make bF1  time  =       0.020000,  18.181818
 Make bF2  time  =       0.000000,  0.000000
 Make bF3  time  =       0.000000,  0.000000
 Make bPRE time  =       0.020000,  18.181818
 Make rMat time  =       0.000000,  0.000000
 Make gVec Mul   =       0.000000,  0.000000
 Make gVec time  =       0.000000,  0.000000
 Cholesky bMat   =       0.000000,  0.000000
 Ste Pre time    =       0.000000,  0.000000
 Ste Cor time    =       0.070000,  63.636364
 solve           =       0.000000,  0.000000
 sumDz           =       0.000000,  0.000000
 makedX          =       0.010000,  9.090909
 symmetriseDx    =       0.000000,  0.000000
 makedXdZ        =       0.010000,  9.090909
 xMatTime        =       0.000000,  0.000000
 zMatTime        =       0.010000,  9.090909
 invzMatTime     =       0.000000,  0.000000
 xMatzMatTime    =       0.000000,  0.000000
 EigxMatTime     =       0.050000,  45.454545
 EigzMatTime     =       0.020000,  18.181818
 EigxMatzMatTime =       0.000000,  0.000000
 updateRes       =       0.000000,  0.000000
 EigTime         =       0.070000,  63.636364
 sub_total_bMat  =       0.090000,  81.818182
 Main Loop       =       0.110000,  100.000000
 File Check      =       0.000000,  0.000000
 File Change     =       0.000000,  0.000000
 File Read       =       0.000000,  0.000000
 Total           =       0.110000,  100.000000

xVec = 
{+8.799722952935e-06,+7.915518471370e-01,+6.881448752006e-01,+6.102914448360e-01,+5.476819927580e-01,+4.979186138189e-01,+4.617674481079e-01,+4.433093485506e-01}
xMat = 
{
{ {+9.999912002770e-01,+7.915518471370e-01,+6.881448752006e-01,+6.102914448360e-01,+5.476819927580e-01,+4.979186138189e-01 },
  {+7.915518471370e-01,+6.881360754777e-01,+6.102914448360e-01,+5.476819927580e-01,+4.979186138189e-01,+4.617674481079e-01 },
  {+6.881448752006e-01,+6.102914448360e-01,+5.476731930351e-01,+4.979186138189e-01,+4.617674481079e-01,+4.433093485506e-01 },
  {+6.102914448360e-01,+5.476819927580e-01,+4.979186138189e-01,+4.617586483849e-01,+4.433093485506e-01,+4.523122000233e-01 },
  {+5.476819927580e-01,+4.979186138189e-01,+4.617674481079e-01,+4.433093485506e-01,+4.523034003004e-01,+5.101315107047e-01 },
  {+4.979186138189e-01,+4.617674481079e-01,+4.433093485506e-01,+4.523122000233e-01,+5.101315107047e-01,+6.647239923024e-01 }   }
{ {+7.915430474140e-01,+6.881448752006e-01,+6.102914448360e-01,+5.476819927580e-01,+4.979186138189e-01,+4.617674481079e-01 },
  {+6.881448752006e-01,+6.102826451131e-01,+5.476819927580e-01,+4.979186138189e-01,+4.617674481079e-01,+4.433093485506e-01 },
  {+6.102914448360e-01,+5.476819927580e-01,+4.979098140960e-01,+4.617674481079e-01,+4.433093485506e-01,+4.523122000233e-01 },
  {+5.476819927580e-01,+4.979186138189e-01,+4.617674481079e-01,+4.433005488277e-01,+4.523122000233e-01,+5.101315107047e-01 },
  {+4.979186138189e-01,+4.617674481079e-01,+4.433093485506e-01,+4.523122000233e-01,+5.101227109818e-01,+6.647327920254e-01 },
  {+4.617674481079e-01,+4.433093485506e-01,+4.523122000233e-01,+5.101315107047e-01,+6.647327920254e-01,+1.054757666122e+00 }   }
}
yMat = 
{
{ {+3.570182171319e-05,-6.920573208340e-04,+2.419268397859e-03,-3.034792604702e-03,+1.500805952414e-03,-2.461563687232e-04 },
  {-6.920573208340e-04,+1.341509515026e-02,-4.689599369049e-02,+5.882754264389e-02,-2.909217784076e-02,+4.771586122786e-03 },
  {+2.419268397859e-03,-4.689599369049e-02,+1.639372810693e-01,-2.056471488092e-01,+1.016993598019e-01,-1.668033436971e-02 },
  {-3.034792604702e-03,+5.882754264389e-02,-2.056471488092e-01,+2.579690814532e-01,-1.275742969664e-01,+2.092424116066e-02 },
  {+1.500805952414e-03,-2.909217784076e-02,+1.016993598019e-01,-1.275742969664e-01,+6.308973600551e-02,-1.034773369192e-02 },
  {-2.461563687232e-04,+4.771586122786e-03,-1.668033436971e-02,+2.092424116066e-02,-1.034773369192e-02,+1.697195127738e-03 }   }
{ {+1.290622396991e-03,-9.055735221195e-03,+1.824752570191e-02,-1.448813483127e-02,+4.300296902091e-03,-2.870309376343e-04 },
  {-9.055735221195e-03,+6.354014976619e-02,-1.280349400287e-01,+1.016569317152e-01,-3.017331034132e-02,+2.013971071297e-03 },
  {+1.824752570191e-02,-1.280349400287e-01,+2.579935037686e-01,-2.048411784289e-01,+6.079995080645e-02,-4.058200465092e-03 },
  {-1.448813483127e-02,+1.016569317152e-01,-2.048411784289e-01,+1.626393989275e-01,-4.827382623860e-02,+3.222122082251e-03 },
  {+4.300296902091e-03,-3.017331034132e-02,+6.079995080645e-02,-4.827382623860e-02,+1.432839960724e-02,-9.563744243020e-04 },
  {-2.870309376343e-04,+2.013971071297e-03,-4.058200465092e-03,+3.222122082251e-03,-9.563744243020e-04,+6.383490581857e-05 }   }
}
    main loop time = 0.110000
        total time = 0.110000
  file   read time = 0.000000
