SDPA-GMP start at Wed Jun  5 23:35:12 2024
*SDP Scan Problem: V = x^2 - 2*x^4 + x^8
* K = 6; eval = 0.5527638190954782; Domain = R+ with BCs: Neumann
data      is /Users/gorg/qmBoot/data/K=6_BC-Neumann_V_0.0_0.0_1.0_0.0_-2.0_0.0_0.0_0.0_1.0/e=0.5527638190954782_K=6_D=R+.dat
parameter is ./param.sdpa
out       is /Users/gorg/qmBoot/data/K=6_BC-Neumann_V_0.0_0.0_1.0_0.0_-2.0_0.0_0.0_0.0_1.0/e=0.5527638190954782_K=6_D=R+.out
DENSE computation
   mu      thetaP  thetaD  objP      objD      alphaP  alphaD  beta 
 0 1.0e+20 1.0e+00 1.0e+00 +0.00e+00 -1.32e+10 1.0e+00 9.0e-01 3.00e-01
 1 1.6e+19 8.6e-88 1.0e-01 +1.60e+10 -1.32e+09 9.0e-01 9.0e-01 3.00e-01
 2 2.5e+18 1.7e-87 1.0e-02 +2.46e+10 -1.32e+08 9.0e-01 9.0e-01 3.00e-01
 3 3.8e+17 1.7e-87 1.0e-03 +3.79e+10 -1.32e+07 9.0e-01 9.0e-01 3.00e-01
 4 5.8e+16 2.6e-87 1.0e-04 +5.84e+10 -1.32e+06 9.0e-01 9.0e-01 3.00e-01
 5 9.0e+15 4.3e-87 1.0e-05 +9.00e+10 -1.32e+05 9.0e-01 9.0e-01 3.00e-01
 6 1.4e+15 6.9e-87 1.0e-06 +1.39e+11 -1.32e+04 9.0e-01 9.0e-01 3.00e-01
 7 2.1e+14 7.8e-87 1.0e-07 +2.13e+11 -1.32e+03 9.0e-01 9.0e-01 3.00e-01
 8 3.3e+13 7.8e-87 1.0e-08 +3.29e+11 -1.33e+02 9.0e-01 9.0e-01 3.00e-01
 9 5.1e+12 9.5e-87 1.0e-09 +5.05e+11 -1.34e+01 9.0e-01 9.0e-01 3.00e-01
10 8.4e+11 1.2e-86 1.0e-10 +7.67e+11 -1.45e+00 9.0e-01 9.0e-01 3.00e-01
11 1.9e+11 1.5e-86 1.0e-11 +1.03e+12 -2.58e-01 1.5e+00 9.7e-01 3.00e-01
12 4.8e+10 1.3e-86 2.7e-13 +5.49e+11 -1.57e-01 1.1e+00 1.0e+00 3.00e-01
13 1.1e+10 1.3e-86 4.0e-94 +1.32e+11 -1.96e-01 9.7e-01 9.7e-01 1.00e-01
14 1.4e+09 1.2e-86 7.7e-94 +1.68e+10 -1.99e-01 9.9e-01 9.9e-01 1.00e-01
15 1.5e+08 1.1e-86 1.7e-93 +1.79e+09 -2.01e-01 1.0e+00 1.0e+00 1.00e-01
16 1.5e+07 1.2e-86 4.5e-93 +1.80e+08 -2.03e-01 1.0e+00 1.0e+00 1.00e-01
17 1.5e+06 9.5e-87 1.7e-92 +1.80e+07 -2.05e-01 1.0e+00 1.0e+00 1.00e-01
18 1.5e+05 8.6e-87 5.8e-92 +1.80e+06 -2.07e-01 1.0e+00 1.0e+00 1.00e-01
19 1.5e+04 8.6e-87 2.2e-91 +1.80e+05 -2.08e-01 1.0e+00 1.0e+00 1.00e-01
20 1.5e+03 8.6e-87 6.6e-91 +1.80e+04 -2.10e-01 1.0e+00 1.0e+00 1.00e-01
21 1.5e+02 1.0e-86 2.0e-90 +1.80e+03 -2.11e-01 1.0e+00 1.0e+00 1.00e-01
22 1.5e+01 1.0e-86 5.1e-90 +1.80e+02 -2.12e-01 1.0e+00 9.0e+01 1.00e-01
23 1.5e+00 1.2e-86 2.6e-87 +1.80e+01 -2.03e-01 9.9e-01 1.3e+01 1.00e-01
24 1.6e-01 1.3e-86 3.0e-86 +1.85e+00 -9.65e-02 9.5e-01 3.3e+00 1.00e-01
25 1.9e-02 1.4e-86 7.0e-86 +1.99e-01 -3.44e-02 9.1e-01 1.2e+00 1.00e-01
26 3.1e-03 1.4e-86 1.1e-86 +2.39e-02 -1.35e-02 9.1e-01 9.6e-01 1.00e-01
27 5.1e-04 1.4e-86 5.0e-88 +2.52e-03 -3.65e-03 9.0e-01 9.5e-01 1.00e-01
28 8.5e-05 1.4e-86 3.2e-89 +2.52e-04 -7.69e-04 9.0e-01 9.6e-01 1.00e-01
29 1.3e-05 1.3e-86 1.4e-89 +1.63e-05 -1.40e-04 1.0e+00 9.4e-01 1.00e-01
30 1.9e-06 1.3e-86 1.8e-89 -8.48e-06 -3.09e-05 1.0e+00 9.8e-01 1.00e-01
31 2.1e-07 1.3e-86 5.8e-86 -1.11e-05 -1.36e-05 1.0e+00 9.8e-01 1.00e-01
32 2.3e-08 1.2e-86 1.2e-87 -1.14e-05 -1.17e-05 1.1e+00 9.9e-01 1.00e-01
33 2.4e-09 1.2e-86 3.3e-85 -1.14e-05 -1.14e-05 1.1e+00 9.9e-01 1.00e-01
34 2.5e-10 1.2e-86 3.0e-87 -1.14e-05 -1.14e-05 1.1e+00 9.9e-01 1.00e-01
35 2.5e-11 1.2e-86 1.4e-88 -1.14e-05 -1.14e-05 1.1e+00 9.9e-01 1.00e-01
36 2.5e-12 1.2e-86 5.8e-89 -1.14e-05 -1.14e-05 1.1e+00 9.9e-01 1.00e-01
37 2.5e-13 1.2e-86 3.1e-90 -1.14e-05 -1.14e-05 1.1e+00 9.9e-01 1.00e-01
38 2.5e-14 1.2e-86 2.2e-90 -1.14e-05 -1.14e-05 1.1e+00 9.9e-01 1.00e-01
39 2.5e-15 1.2e-86 3.7e-90 -1.14e-05 -1.14e-05 1.1e+00 9.9e-01 1.00e-01
40 2.5e-16 1.2e-86 7.2e-89 -1.14e-05 -1.14e-05 1.1e+00 9.9e-01 1.00e-01
41 2.5e-17 1.2e-86 7.2e-89 -1.14e-05 -1.14e-05 1.1e+00 9.9e-01 1.00e-01
42 2.5e-18 1.2e-86 1.0e-90 -1.14e-05 -1.14e-05 1.1e+00 9.9e-01 1.00e-01
43 2.5e-19 1.2e-86 7.2e-89 -1.14e-05 -1.14e-05 1.1e+00 9.9e-01 1.00e-01
44 2.5e-20 1.2e-86 7.2e-89 -1.14e-05 -1.14e-05 1.1e+00 9.9e-01 1.00e-01
45 2.5e-21 1.2e-86 3.0e-79 -1.14e-05 -1.14e-05 1.1e+00 9.9e-01 1.00e-01
46 2.5e-22 1.2e-86 1.4e-79 -1.14e-05 -1.14e-05 1.1e+00 9.9e-01 1.00e-01
47 2.5e-23 1.2e-86 1.2e-79 -1.14e-05 -1.14e-05 1.1e+00 9.9e-01 1.00e-01
48 2.5e-24 1.2e-86 5.8e-80 -1.14e-05 -1.14e-05 1.1e+00 9.9e-01 1.00e-01
49 2.5e-25 1.2e-86 1.3e-80 -1.14e-05 -1.14e-05 1.1e+00 9.9e-01 1.00e-01
50 2.5e-26 1.2e-86 5.7e-81 -1.14e-05 -1.14e-05 1.1e+00 9.9e-01 1.00e-01
51 2.5e-27 1.2e-86 2.0e-81 -1.14e-05 -1.14e-05 1.1e+00 9.9e-01 1.00e-01
52 2.5e-28 1.2e-86 2.4e-81 -1.14e-05 -1.14e-05 1.1e+00 9.9e-01 1.00e-01
53 2.5e-29 1.2e-86 1.9e-80 -1.14e-05 -1.14e-05 1.1e+00 9.9e-01 1.00e-01
54 2.5e-30 1.2e-86 8.6e-80 -1.14e-05 -1.14e-05 1.1e+00 9.9e-01 1.00e-01
55 2.5e-31 1.2e-86 6.2e-79 -1.14e-05 -1.14e-05 1.1e+00 9.9e-01 1.00e-01
56 2.5e-32 1.2e-86 5.2e-78 -1.14e-05 -1.14e-05 1.1e+00 9.9e-01 1.00e-01

phase.value = pdOPT     
   Iteration = 56
          mu = 2.4817970667341842e-32
relative gap = 2.9781564800810210e-31
         gap = 2.9781564800810210e-31
      digits = 2.5583022000341746e+01
objValPrimal = -1.1401697469115931e-05
objValDual   = -1.1401697469115931e-05
p.feas.error = 1.1694166159429225e-76
d.feas.error = 6.2660761781138951e-67
relative eps = 8.6361685550944446e-78
total time   = 0.110


Parameters are
maxIteration =    200
epsilonStar  = 1.000e-30
lambdaStar   = 1.000e+10
omegaStar    = 2.000e+00
lowerBound   = -1.000e+05
upperBound   = 1.000e+05
betaStar     = 1.000e-01
betaBar      = 3.000e-01
gammaStar    = 9.000e-01
epsilonDash  = 1.000e-30
precision    =    200

                         Time(sec)  Ratio(% : MainLoop) 
 Predictor time  =       0.040000,  36.363636
 Corrector time  =       0.010000,  9.090909
 Make bMat time  =       0.040000,  36.363636
 Make bDia time  =       0.000000,  0.000000
 Make bF1  time  =       0.030000,  27.272727
 Make bF2  time  =       0.010000,  9.090909
 Make bF3  time  =       0.000000,  0.000000
 Make bPRE time  =       0.010000,  9.090909
 Make rMat time  =       0.000000,  0.000000
 Make gVec Mul   =       0.000000,  0.000000
 Make gVec time  =       0.000000,  0.000000
 Cholesky bMat   =       0.000000,  0.000000
 Ste Pre time    =       0.000000,  0.000000
 Ste Cor time    =       0.050000,  45.454545
 solve           =       0.000000,  0.000000
 sumDz           =       0.010000,  9.090909
 makedX          =       0.000000,  0.000000
 symmetriseDx    =       0.000000,  0.000000
 makedXdZ        =       0.010000,  9.090909
 xMatTime        =       0.000000,  0.000000
 zMatTime        =       0.000000,  0.000000
 invzMatTime     =       0.000000,  0.000000
 xMatzMatTime    =       0.000000,  0.000000
 EigxMatTime     =       0.030000,  27.272727
 EigzMatTime     =       0.010000,  9.090909
 EigxMatzMatTime =       0.000000,  0.000000
 updateRes       =       0.000000,  0.000000
 EigTime         =       0.040000,  36.363636
 sub_total_bMat  =       0.070000,  63.636364
 Main Loop       =       0.110000,  100.000000
 File Check      =       0.000000,  0.000000
 File Change     =       0.000000,  0.000000
 File Read       =       0.000000,  0.000000
 Total           =       0.110000,  100.000000

xVec = 
{+1.140169746912e-05,+7.335955651894e-01,+6.141662700144e-01,+5.318544111434e-01,+4.715666084146e-01,+4.292706069591e-01,+4.050927414955e-01,+4.026979279572e-01}
xMat = 
{
{ {+9.999885983025e-01,+7.335955651894e-01,+6.141662700144e-01,+5.318544111434e-01,+4.715666084146e-01,+4.292706069591e-01 },
  {+7.335955651894e-01,+6.141548683170e-01,+5.318544111434e-01,+4.715666084146e-01,+4.292706069591e-01,+4.050927414955e-01 },
  {+6.141662700144e-01,+5.318544111434e-01,+4.715552067171e-01,+4.292706069591e-01,+4.050927414955e-01,+4.026979279572e-01 },
  {+5.318544111434e-01,+4.715666084146e-01,+4.292706069591e-01,+4.050813397981e-01,+4.026979279572e-01,+4.307661859108e-01 },
  {+4.715666084146e-01,+4.292706069591e-01,+4.050927414955e-01,+4.026979279572e-01,+4.307547842134e-01,+5.070215974029e-01 },
  {+4.292706069591e-01,+4.050927414955e-01,+4.026979279572e-01,+4.307661859108e-01,+5.070215974029e-01,+6.690068354762e-01 }   }
{ {+7.335841634919e-01,+6.141662700144e-01,+5.318544111434e-01,+4.715666084146e-01,+4.292706069591e-01,+4.050927414955e-01 },
  {+6.141662700144e-01,+5.318430094460e-01,+4.715666084146e-01,+4.292706069591e-01,+4.050927414955e-01,+4.026979279572e-01 },
  {+5.318544111434e-01,+4.715666084146e-01,+4.292592052616e-01,+4.050927414955e-01,+4.026979279572e-01,+4.307661859108e-01 },
  {+4.715666084146e-01,+4.292706069591e-01,+4.050927414955e-01,+4.026865262597e-01,+4.307661859108e-01,+5.070215974029e-01 },
  {+4.292706069591e-01,+4.050927414955e-01,+4.026979279572e-01,+4.307661859108e-01,+5.070101957054e-01,+6.690182371736e-01 },
  {+4.050927414955e-01,+4.026979279572e-01,+4.307661859108e-01,+5.070215974029e-01,+6.690182371736e-01,+1.032932972534e+00 }   }
}
yMat = 
{
{ {+3.354206553130e-05,-6.552845683565e-04,+2.305264380601e-03,-2.951016459385e-03,+1.502884253139e-03,-2.512223359938e-04 },
  {-6.552845683565e-04,+1.280177170740e-02,-4.503611064679e-02,+5.765165371216e-02,-2.936065038061e-02,+4.907930307678e-03 },
  {+2.305264380601e-03,-4.503611064679e-02,+1.584352001074e-01,-2.028161659883e-01,+1.032895703365e-01,-1.726589861430e-02 },
  {-2.951016459385e-03,+5.765165371216e-02,-2.028161659883e-01,+2.596291553791e-01,-1.322231084256e-01,+2.210243277329e-02 },
  {+1.502884253139e-03,-2.936065038061e-02,+1.032895703365e-01,-1.322231084256e-01,+6.733816306650e-02,-1.125625648932e-02 },
  {-2.512223359938e-04,+4.907930307678e-03,-1.726589861430e-02,+2.210243277329e-02,-1.125625648932e-02,+1.881597364458e-03 }   }
{ {+1.233728683604e-03,-8.648873040105e-03,+1.770722605743e-02,-1.439668061215e-02,+4.415619787465e-03,-2.897261361901e-04 },
  {-8.648873040105e-03,+6.063164929045e-02,-1.241338975890e-01,+1.009258068392e-01,-3.095505149770e-02,+2.031082361632e-03 },
  {+1.770722605743e-02,-1.241338975890e-01,+2.541449014001e-01,-2.066299353042e-01,+6.337566662704e-02,-4.158326102362e-03 },
  {-1.439668061215e-02,+1.009258068392e-01,-2.066299353042e-01,+1.679983738749e-01,-5.152694318424e-02,+3.380884876192e-03 },
  {+4.415619787465e-03,-3.095505149770e-02,+6.337566662704e-02,-5.152694318424e-02,+1.580387841068e-02,-1.036954459200e-03 },
  {-2.897261361901e-04,+2.031082361632e-03,-4.158326102362e-03,+3.380884876192e-03,-1.036954459200e-03,+6.803864991322e-05 }   }
}
    main loop time = 0.110000
        total time = 0.110000
  file   read time = 0.000000
