SDPA-GMP start at Wed Jun  5 23:35:12 2024
*SDP Scan Problem: V = x^2 - 2*x^4 + x^8
* K = 6; eval = 0.7537688442211063; Domain = R+ with BCs: Neumann
data      is /Users/gorg/qmBoot/data/K=6_BC-Neumann_V_0.0_0.0_1.0_0.0_-2.0_0.0_0.0_0.0_1.0/e=0.7537688442211063_K=6_D=R+.dat
parameter is ./param.sdpa
out       is /Users/gorg/qmBoot/data/K=6_BC-Neumann_V_0.0_0.0_1.0_0.0_-2.0_0.0_0.0_0.0_1.0/e=0.7537688442211063_K=6_D=R+.out
DENSE computation
   mu      thetaP  thetaD  objP      objD      alphaP  alphaD  beta 
 0 1.0e+20 1.0e+00 1.0e+00 +0.00e+00 -1.37e+10 1.0e+00 9.0e-01 3.00e-01
 1 1.6e+19 8.6e-88 1.0e-01 +1.60e+10 -1.37e+09 9.0e-01 9.0e-01 3.00e-01
 2 2.5e+18 8.6e-88 1.0e-02 +2.46e+10 -1.37e+08 9.0e-01 9.0e-01 3.00e-01
 3 3.8e+17 1.7e-87 1.0e-03 +3.79e+10 -1.37e+07 9.0e-01 9.0e-01 3.00e-01
 4 5.8e+16 2.6e-87 1.0e-04 +5.84e+10 -1.37e+06 9.0e-01 9.0e-01 3.00e-01
 5 9.0e+15 3.5e-87 1.0e-05 +9.00e+10 -1.37e+05 9.0e-01 9.0e-01 3.00e-01
 6 1.4e+15 4.3e-87 1.0e-06 +1.39e+11 -1.37e+04 9.0e-01 9.0e-01 3.00e-01
 7 2.1e+14 5.2e-87 1.0e-07 +2.13e+11 -1.37e+03 9.0e-01 9.0e-01 3.00e-01
 8 3.3e+13 7.8e-87 1.0e-08 +3.29e+11 -1.37e+02 9.0e-01 9.0e-01 3.00e-01
 9 5.1e+12 8.6e-87 1.0e-09 +5.05e+11 -1.38e+01 9.0e-01 9.0e-01 3.00e-01
10 8.4e+11 9.5e-87 1.0e-10 +7.67e+11 -1.49e+00 9.0e-01 9.0e-01 3.00e-01
11 1.9e+11 1.2e-86 1.0e-11 +1.03e+12 -2.64e-01 1.5e+00 9.7e-01 3.00e-01
12 4.9e+10 8.6e-87 3.3e-13 +5.50e+11 -1.60e-01 1.1e+00 1.0e+00 3.00e-01
13 1.1e+10 7.8e-87 1.8e-94 +1.36e+11 -2.03e-01 9.7e-01 9.7e-01 1.00e-01
14 1.4e+09 7.8e-87 9.2e-94 +1.73e+10 -2.06e-01 9.9e-01 9.9e-01 1.00e-01
15 1.5e+08 7.8e-87 1.9e-93 +1.83e+09 -2.08e-01 1.0e+00 1.0e+00 1.00e-01
16 1.5e+07 6.9e-87 5.7e-93 +1.84e+08 -2.10e-01 1.0e+00 1.0e+00 1.00e-01
17 1.5e+06 6.0e-87 1.9e-92 +1.84e+07 -2.12e-01 1.0e+00 1.0e+00 1.00e-01
18 1.5e+05 6.9e-87 3.7e-92 +1.84e+06 -2.14e-01 1.0e+00 1.0e+00 1.00e-01
19 1.5e+04 7.8e-87 1.7e-91 +1.84e+05 -2.16e-01 1.0e+00 1.0e+00 1.00e-01
20 1.5e+03 9.5e-87 6.3e-91 +1.84e+04 -2.17e-01 1.0e+00 1.0e+00 1.00e-01
21 1.5e+02 1.1e-86 2.3e-90 +1.84e+03 -2.18e-01 1.0e+00 1.0e+00 1.00e-01
22 1.5e+01 1.1e-86 5.8e-90 +1.84e+02 -2.19e-01 1.0e+00 9.0e+01 1.00e-01
23 1.6e+00 1.3e-86 3.2e-87 +1.84e+01 -2.10e-01 9.9e-01 1.3e+01 1.00e-01
24 1.7e-01 1.4e-86 3.7e-86 +1.89e+00 -9.97e-02 9.5e-01 3.0e+00 1.00e-01
25 2.0e-02 1.3e-86 7.5e-86 +2.03e-01 -3.84e-02 9.2e-01 1.2e+00 1.00e-01
26 3.0e-03 1.3e-86 1.2e-86 +2.27e-02 -1.33e-02 9.0e-01 1.0e+00 1.00e-01
27 4.9e-04 1.3e-86 7.4e-89 +2.47e-03 -3.38e-03 8.9e-01 9.7e-01 1.00e-01
28 7.8e-05 1.4e-86 3.2e-90 +2.60e-04 -6.73e-04 8.9e-01 9.7e-01 1.00e-01
29 1.2e-05 1.3e-86 3.8e-90 +1.66e-05 -1.27e-04 1.0e+00 9.4e-01 1.00e-01
30 1.7e-06 1.3e-86 6.7e-90 -9.56e-06 -3.03e-05 1.0e+00 9.8e-01 1.00e-01
31 2.0e-07 1.3e-86 4.4e-89 -1.22e-05 -1.46e-05 1.0e+00 9.9e-01 1.00e-01
32 2.1e-08 1.3e-86 1.2e-88 -1.25e-05 -1.28e-05 1.0e+00 9.9e-01 1.00e-01
33 2.2e-09 1.3e-86 1.2e-90 -1.25e-05 -1.26e-05 1.0e+00 9.9e-01 1.00e-01
34 2.2e-10 1.3e-86 3.0e-91 -1.25e-05 -1.25e-05 1.0e+00 9.9e-01 1.00e-01
35 2.2e-11 1.3e-86 1.3e-88 -1.25e-05 -1.25e-05 1.0e+00 9.9e-01 1.00e-01
36 2.2e-12 1.3e-86 2.6e-88 -1.25e-05 -1.25e-05 1.0e+00 9.9e-01 1.00e-01
37 2.2e-13 1.3e-86 3.9e-88 -1.25e-05 -1.25e-05 1.0e+00 9.9e-01 1.00e-01
38 2.2e-14 1.3e-86 5.6e-88 -1.25e-05 -1.25e-05 1.0e+00 9.9e-01 1.00e-01
39 2.2e-15 1.3e-86 6.8e-88 -1.25e-05 -1.25e-05 1.0e+00 9.9e-01 1.00e-01
40 2.2e-16 1.3e-86 6.4e-88 -1.25e-05 -1.25e-05 1.0e+00 9.9e-01 1.00e-01
41 2.2e-17 1.3e-86 6.6e-88 -1.25e-05 -1.25e-05 1.0e+00 9.9e-01 1.00e-01
42 2.2e-18 1.3e-86 8.6e-88 -1.25e-05 -1.25e-05 1.0e+00 9.9e-01 1.00e-01
43 2.2e-19 1.3e-86 7.0e-88 -1.25e-05 -1.25e-05 1.0e+00 9.9e-01 1.00e-01
44 2.2e-20 1.3e-86 8.9e-88 -1.25e-05 -1.25e-05 1.0e+00 9.9e-01 1.00e-01
45 2.2e-21 1.3e-86 1.5e-80 -1.25e-05 -1.25e-05 1.0e+00 9.9e-01 1.00e-01
46 2.2e-22 1.3e-86 8.7e-81 -1.25e-05 -1.25e-05 1.0e+00 9.9e-01 1.00e-01
47 2.2e-23 1.3e-86 6.4e-81 -1.25e-05 -1.25e-05 1.0e+00 9.9e-01 1.00e-01
48 2.2e-24 1.3e-86 1.8e-81 -1.25e-05 -1.25e-05 1.0e+00 9.9e-01 1.00e-01
49 2.2e-25 1.3e-86 7.7e-82 -1.25e-05 -1.25e-05 1.0e+00 9.9e-01 1.00e-01
50 2.2e-26 1.3e-86 2.6e-82 -1.25e-05 -1.25e-05 1.0e+00 9.9e-01 1.00e-01
51 2.2e-27 1.3e-86 8.5e-83 -1.25e-05 -1.25e-05 1.0e+00 9.9e-01 1.00e-01
52 2.2e-28 1.3e-86 4.0e-82 -1.25e-05 -1.25e-05 1.0e+00 9.9e-01 1.00e-01
53 2.2e-29 1.3e-86 3.8e-81 -1.25e-05 -1.25e-05 1.0e+00 9.9e-01 1.00e-01
54 2.2e-30 1.3e-86 1.2e-80 -1.25e-05 -1.25e-05 1.0e+00 9.9e-01 1.00e-01
55 2.2e-31 1.3e-86 2.6e-80 -1.25e-05 -1.25e-05 1.0e+00 9.9e-01 1.00e-01
56 2.2e-32 1.3e-86 9.7e-78 -1.25e-05 -1.25e-05 1.0e+00 9.9e-01 1.00e-01

phase.value = pdOPT     
   Iteration = 56
          mu = 2.1772000600704971e-32
relative gap = 2.6126400720845965e-31
         gap = 2.6126400720845965e-31
      digits = 2.5681117660347216e+01
objValPrimal = -1.2537104447676069e-05
objValDual   = -1.2537104447676069e-05
p.feas.error = 1.3420144071472430e-76
d.feas.error = 1.1612171441386152e-66
relative eps = 8.6361685550944446e-78
total time   = 0.110


Parameters are
maxIteration =    200
epsilonStar  = 1.000e-30
lambdaStar   = 1.000e+10
omegaStar    = 2.000e+00
lowerBound   = -1.000e+05
upperBound   = 1.000e+05
betaStar     = 1.000e-01
betaBar      = 3.000e-01
gammaStar    = 9.000e-01
epsilonDash  = 1.000e-30
precision    =    200

                         Time(sec)  Ratio(% : MainLoop) 
 Predictor time  =       0.040000,  36.363636
 Corrector time  =       0.010000,  9.090909
 Make bMat time  =       0.030000,  27.272727
 Make bDia time  =       0.000000,  0.000000
 Make bF1  time  =       0.010000,  9.090909
 Make bF2  time  =       0.020000,  18.181818
 Make bF3  time  =       0.000000,  0.000000
 Make bPRE time  =       0.020000,  18.181818
 Make rMat time  =       0.000000,  0.000000
 Make gVec Mul   =       0.000000,  0.000000
 Make gVec time  =       0.010000,  9.090909
 Cholesky bMat   =       0.000000,  0.000000
 Ste Pre time    =       0.000000,  0.000000
 Ste Cor time    =       0.060000,  54.545455
 solve           =       0.000000,  0.000000
 sumDz           =       0.000000,  0.000000
 makedX          =       0.010000,  9.090909
 symmetriseDx    =       0.000000,  0.000000
 makedXdZ        =       0.010000,  9.090909
 xMatTime        =       0.000000,  0.000000
 zMatTime        =       0.000000,  0.000000
 invzMatTime     =       0.000000,  0.000000
 xMatzMatTime    =       0.000000,  0.000000
 EigxMatTime     =       0.040000,  36.363636
 EigzMatTime     =       0.020000,  18.181818
 EigxMatzMatTime =       0.000000,  0.000000
 updateRes       =       0.000000,  0.000000
 EigTime         =       0.060000,  54.545455
 sub_total_bMat  =       0.080000,  72.727273
 Main Loop       =       0.110000,  100.000000
 File Check      =       0.000000,  0.000000
 File Change     =       0.000000,  0.000000
 File Read       =       0.000000,  0.000000
 Total           =       0.110000,  100.000000

xVec = 
{+1.253710444768e-05,+6.803840987530e-01,+5.475182126080e-01,+4.628516273742e-01,+4.068091524017e-01,+3.735227362449e-01,+3.620725264366e-01,+3.751749636022e-01}
xMat = 
{
{ {+9.999874628956e-01,+6.803840987530e-01,+5.475182126080e-01,+4.628516273742e-01,+4.068091524017e-01,+3.735227362449e-01 },
  {+6.803840987530e-01,+5.475056755036e-01,+4.628516273742e-01,+4.068091524017e-01,+3.735227362449e-01,+3.620725264366e-01 },
  {+5.475182126080e-01,+4.628516273742e-01,+4.067966152973e-01,+3.735227362449e-01,+3.620725264366e-01,+3.751749636022e-01 },
  {+4.628516273742e-01,+4.068091524017e-01,+3.735227362449e-01,+3.620599893321e-01,+3.751749636022e-01,+4.199174666831e-01 },
  {+4.068091524017e-01,+3.735227362449e-01,+3.620725264366e-01,+3.751749636022e-01,+4.199049295786e-01,+5.104506257643e-01 },
  {+3.735227362449e-01,+3.620725264366e-01,+3.751749636022e-01,+4.199174666831e-01,+5.104506257643e-01,+6.759296294215e-01 }   }
{ {+6.803715616485e-01,+5.475182126080e-01,+4.628516273742e-01,+4.068091524017e-01,+3.735227362449e-01,+3.620725264366e-01 },
  {+5.475182126080e-01,+4.628390902697e-01,+4.068091524017e-01,+3.735227362449e-01,+3.620725264366e-01,+3.751749636022e-01 },
  {+4.628516273742e-01,+4.068091524017e-01,+3.735101991404e-01,+3.620725264366e-01,+3.751749636022e-01,+4.199174666831e-01 },
  {+4.068091524017e-01,+3.735227362449e-01,+3.620725264366e-01,+3.751624264977e-01,+4.199174666831e-01,+5.104506257643e-01 },
  {+3.735227362449e-01,+3.620725264366e-01,+3.751749636022e-01,+4.199174666831e-01,+5.104380886598e-01,+6.759421665260e-01 },
  {+3.620725264366e-01,+3.751749636022e-01,+4.199174666831e-01,+5.104506257643e-01,+6.759421665260e-01,+1.014027840316e+00 }   }
}
yMat = 
{
{ {+2.847906095256e-05,-5.803407852205e-04,+2.084217573355e-03,-2.732933473911e-03,+1.426006405600e-03,-2.407909473358e-04 },
  {-5.803407852205e-04,+1.182607205874e-02,-4.247178181563e-02,+5.569118872448e-02,-2.905888219187e-02,+4.906791262662e-03 },
  {+2.084217573355e-03,-4.247178181563e-02,+1.525318162814e-01,-2.000075768869e-01,+1.043611520485e-01,-1.762209522210e-02 },
  {-2.732933473911e-03,+5.569118872448e-02,-2.000075768869e-01,+2.622602404365e-01,-1.368437198954e-01,+2.310699925411e-02 },
  {+1.426006405600e-03,-2.905888219187e-02,+1.043611520485e-01,-1.368437198954e-01,+7.140313622702e-02,-1.205690854356e-02 },
  {-2.407909473358e-04,+4.906791262662e-03,-1.762209522210e-02,+2.310699925411e-02,-1.205690854356e-02,+2.035891577164e-03 }   }
{ {+1.107482618092e-03,-7.948660085917e-03,+1.666769757085e-02,-1.386983665539e-02,+4.356211755997e-03,-2.786792546067e-04 },
  {-7.948660085917e-03,+5.704938039597e-02,-1.196279383904e-01,+9.954704048612e-02,-3.126554398691e-02,+2.000145764528e-03 },
  {+1.666769757085e-02,-1.196279383904e-01,+2.508501151846e-01,-2.087420957698e-01,+6.556131799940e-02,-4.194143961425e-03 },
  {-1.386983665539e-02,+9.954704048612e-02,-2.087420957698e-01,+1.737023820551e-01,-5.455611176639e-02,+3.490109621133e-03 },
  {+4.356211755997e-03,-3.126554398691e-02,+6.556131799940e-02,-5.455611176639e-02,+1.713487918734e-02,-1.096166951281e-03 },
  {-2.786792546067e-04,+2.000145764528e-03,-4.194143961425e-03,+3.490109621133e-03,-1.096166951281e-03,+7.012491724877e-05 }   }
}
    main loop time = 0.110000
        total time = 0.110000
  file   read time = 0.000000
