SDPA-GMP start at Wed Jun  5 23:35:12 2024
*SDP Scan Problem: V = x^2 - 2*x^4 + x^8
* K = 6; eval = 0.15075376884422198; Domain = R+ with BCs: Neumann
data      is /Users/gorg/qmBoot/data/K=6_BC-Neumann_V_0.0_0.0_1.0_0.0_-2.0_0.0_0.0_0.0_1.0/e=0.15075376884422198_K=6_D=R+.dat
parameter is ./param.sdpa
out       is /Users/gorg/qmBoot/data/K=6_BC-Neumann_V_0.0_0.0_1.0_0.0_-2.0_0.0_0.0_0.0_1.0/e=0.15075376884422198_K=6_D=R+.out
DENSE computation
   mu      thetaP  thetaD  objP      objD      alphaP  alphaD  beta 
 0 1.0e+20 1.0e+00 1.0e+00 +0.00e+00 -1.24e+10 1.0e+00 9.0e-01 3.00e-01
 1 1.6e+19 8.6e-88 1.0e-01 +1.60e+10 -1.24e+09 9.0e-01 9.0e-01 3.00e-01
 2 2.5e+18 1.7e-87 1.0e-02 +2.46e+10 -1.24e+08 9.0e-01 9.0e-01 3.00e-01
 3 3.8e+17 2.6e-87 1.0e-03 +3.79e+10 -1.24e+07 9.0e-01 9.0e-01 3.00e-01
 4 5.8e+16 2.6e-87 1.0e-04 +5.84e+10 -1.24e+06 9.0e-01 9.0e-01 3.00e-01
 5 9.0e+15 2.6e-87 1.0e-05 +9.00e+10 -1.24e+05 9.0e-01 9.0e-01 3.00e-01
 6 1.4e+15 4.3e-87 1.0e-06 +1.39e+11 -1.24e+04 9.0e-01 9.0e-01 3.00e-01
 7 2.1e+14 4.3e-87 1.0e-07 +2.13e+11 -1.24e+03 9.0e-01 9.0e-01 3.00e-01
 8 3.3e+13 5.2e-87 1.0e-08 +3.29e+11 -1.25e+02 9.0e-01 9.0e-01 3.00e-01
 9 5.1e+12 5.2e-87 1.0e-09 +5.05e+11 -1.26e+01 9.0e-01 9.0e-01 3.00e-01
10 8.3e+11 5.2e-87 1.0e-10 +7.67e+11 -1.36e+00 9.0e-01 9.0e-01 3.00e-01
11 1.9e+11 6.9e-87 9.7e-12 +1.04e+12 -2.42e-01 1.5e+00 9.9e-01 3.00e-01
12 4.6e+10 6.0e-87 7.1e-14 +5.47e+11 -1.50e-01 1.1e+00 1.0e+00 3.00e-01
13 9.8e+09 6.9e-87 9.2e-94 +1.18e+11 -1.82e-01 9.7e-01 9.7e-01 1.00e-01
14 1.3e+09 6.0e-87 2.2e-93 +1.54e+10 -1.85e-01 9.9e-01 9.9e-01 1.00e-01
15 1.4e+08 6.9e-87 5.7e-93 +1.68e+09 -1.88e-01 1.0e+00 1.0e+00 1.00e-01
16 1.4e+07 6.9e-87 1.9e-92 +1.68e+08 -1.90e-01 1.0e+00 1.0e+00 1.00e-01
17 1.4e+06 6.0e-87 3.2e-92 +1.68e+07 -1.92e-01 1.0e+00 1.0e+00 1.00e-01
18 1.4e+05 6.9e-87 1.6e-91 +1.68e+06 -1.94e-01 1.0e+00 1.0e+00 1.00e-01
19 1.4e+04 6.9e-87 7.0e-91 +1.68e+05 -1.95e-01 1.0e+00 1.0e+00 1.00e-01
20 1.4e+03 7.8e-87 1.9e-90 +1.68e+04 -1.97e-01 1.0e+00 1.0e+00 1.00e-01
21 1.4e+02 8.6e-87 5.9e-90 +1.68e+03 -1.98e-01 1.0e+00 1.0e+00 1.00e-01
22 1.4e+01 1.0e-86 2.1e-89 +1.68e+02 -1.99e-01 1.0e+00 9.0e+01 1.00e-01
23 1.4e+00 1.1e-86 3.2e-87 +1.69e+01 -1.92e-01 9.9e-01 1.2e+01 1.00e-01
24 1.5e-01 1.2e-86 3.4e-86 +1.72e+00 -8.89e-02 9.5e-01 3.2e+00 1.00e-01
25 1.9e-02 1.1e-86 7.7e-86 +1.91e-01 -3.79e-02 8.9e-01 1.1e+00 1.00e-01
26 3.4e-03 1.1e-86 9.3e-87 +2.86e-02 -1.18e-02 9.7e-01 8.8e-01 1.00e-01
27 5.2e-04 1.1e-86 1.2e-87 +3.54e-03 -2.65e-03 8.5e-01 9.6e-01 1.00e-01
28 1.0e-04 1.1e-86 2.9e-87 +4.69e-04 -7.74e-04 9.2e-01 9.0e-01 1.00e-01
29 1.9e-05 1.1e-86 3.3e-88 +5.21e-05 -1.77e-04 9.4e-01 9.7e-01 1.00e-01
30 2.6e-06 1.1e-86 3.5e-89 +2.78e-06 -2.82e-05 1.0e+00 9.3e-01 1.00e-01
31 3.8e-07 1.1e-86 4.4e-86 -2.55e-06 -7.14e-06 9.9e-01 9.5e-01 1.00e-01
32 5.4e-08 1.1e-86 5.7e-86 -3.17e-06 -3.82e-06 1.1e+00 9.7e-01 1.00e-01
33 6.4e-09 1.1e-86 3.0e-85 -3.24e-06 -3.31e-06 1.1e+00 9.8e-01 1.00e-01
34 7.2e-10 1.1e-86 7.2e-87 -3.24e-06 -3.25e-06 1.1e+00 9.8e-01 1.00e-01
35 7.5e-11 1.1e-86 3.2e-88 -3.24e-06 -3.25e-06 1.1e+00 9.9e-01 1.00e-01
36 7.6e-12 1.1e-86 3.3e-88 -3.24e-06 -3.24e-06 1.1e+00 9.9e-01 1.00e-01
37 7.6e-13 1.1e-86 6.7e-88 -3.24e-06 -3.24e-06 1.1e+00 9.9e-01 1.00e-01
38 7.6e-14 1.1e-86 8.9e-88 -3.24e-06 -3.24e-06 1.1e+00 9.9e-01 1.00e-01
39 7.6e-15 1.1e-86 1.2e-87 -3.24e-06 -3.24e-06 1.1e+00 9.9e-01 1.00e-01
40 7.7e-16 1.1e-86 8.9e-88 -3.24e-06 -3.24e-06 1.1e+00 9.9e-01 1.00e-01
41 7.7e-17 1.1e-86 7.2e-88 -3.24e-06 -3.24e-06 1.1e+00 9.9e-01 1.00e-01
42 7.7e-18 1.1e-86 7.1e-88 -3.24e-06 -3.24e-06 1.1e+00 9.9e-01 1.00e-01
43 7.7e-19 1.1e-86 8.0e-88 -3.24e-06 -3.24e-06 1.1e+00 9.9e-01 1.00e-01
44 7.7e-20 1.1e-86 7.7e-88 -3.24e-06 -3.24e-06 1.1e+00 9.9e-01 1.00e-01
45 7.7e-21 1.1e-86 9.8e-82 -3.24e-06 -3.24e-06 1.1e+00 9.9e-01 1.00e-01
46 7.7e-22 1.1e-86 1.2e-79 -3.24e-06 -3.24e-06 1.1e+00 9.9e-01 1.00e-01
47 7.7e-23 1.1e-86 1.6e-79 -3.24e-06 -3.24e-06 1.1e+00 9.9e-01 1.00e-01
48 7.7e-24 1.1e-86 1.5e-79 -3.24e-06 -3.24e-06 1.1e+00 9.9e-01 1.00e-01
49 7.7e-25 1.1e-86 6.7e-80 -3.24e-06 -3.24e-06 1.1e+00 9.9e-01 1.00e-01
50 7.7e-26 1.1e-86 2.4e-80 -3.24e-06 -3.24e-06 1.1e+00 9.9e-01 1.00e-01
51 7.7e-27 1.1e-86 7.0e-81 -3.24e-06 -3.24e-06 1.1e+00 9.9e-01 1.00e-01
52 7.7e-28 1.1e-86 1.5e-81 -3.24e-06 -3.24e-06 1.1e+00 9.9e-01 1.00e-01
53 7.7e-29 1.1e-86 7.5e-81 -3.24e-06 -3.24e-06 1.1e+00 9.9e-01 1.00e-01
54 7.7e-30 1.1e-86 3.6e-80 -3.24e-06 -3.24e-06 1.1e+00 9.9e-01 1.00e-01
55 7.7e-31 1.1e-86 5.7e-79 -3.24e-06 -3.24e-06 1.1e+00 9.9e-01 1.00e-01
56 7.7e-32 1.1e-86 1.7e-78 -3.24e-06 -3.24e-06 1.1e+00 9.9e-01 1.00e-01

phase.value = pdOPT     
   Iteration = 56
          mu = 7.7447918736070812e-32
relative gap = 9.2937502483284974e-31
         gap = 9.2937502483284974e-31
      digits = 2.4542995262755557e+01
objValPrimal = -3.2447874996426229e-06
objValDual   = -3.2447874996426229e-06
p.feas.error = 1.1014367157941618e-76
d.feas.error = 2.0834904284830199e-67
relative eps = 8.6361685550944446e-78
total time   = 0.110


Parameters are
maxIteration =    200
epsilonStar  = 1.000e-30
lambdaStar   = 1.000e+10
omegaStar    = 2.000e+00
lowerBound   = -1.000e+05
upperBound   = 1.000e+05
betaStar     = 1.000e-01
betaBar      = 3.000e-01
gammaStar    = 9.000e-01
epsilonDash  = 1.000e-30
precision    =    200

                         Time(sec)  Ratio(% : MainLoop) 
 Predictor time  =       0.020000,  18.181818
 Corrector time  =       0.030000,  27.272727
 Make bMat time  =       0.010000,  9.090909
 Make bDia time  =       0.000000,  0.000000
 Make bF1  time  =       0.010000,  9.090909
 Make bF2  time  =       0.000000,  0.000000
 Make bF3  time  =       0.000000,  0.000000
 Make bPRE time  =       0.010000,  9.090909
 Make rMat time  =       0.010000,  9.090909
 Make gVec Mul   =       0.000000,  0.000000
 Make gVec time  =       0.010000,  9.090909
 Cholesky bMat   =       0.000000,  0.000000
 Ste Pre time    =       0.000000,  0.000000
 Ste Cor time    =       0.050000,  45.454545
 solve           =       0.010000,  9.090909
 sumDz           =       0.000000,  0.000000
 makedX          =       0.010000,  9.090909
 symmetriseDx    =       0.000000,  0.000000
 makedXdZ        =       0.010000,  9.090909
 xMatTime        =       0.000000,  0.000000
 zMatTime        =       0.010000,  9.090909
 invzMatTime     =       0.000000,  0.000000
 xMatzMatTime    =       0.000000,  0.000000
 EigxMatTime     =       0.020000,  18.181818
 EigzMatTime     =       0.030000,  27.272727
 EigxMatzMatTime =       0.000000,  0.000000
 updateRes       =       0.000000,  0.000000
 EigTime         =       0.050000,  45.454545
 sub_total_bMat  =       0.100000,  90.909091
 Main Loop       =       0.110000,  100.000000
 File Check      =       0.000000,  0.000000
 File Change     =       0.000000,  0.000000
 File Read       =       0.000000,  0.000000
 Total           =       0.110000,  100.000000

xVec = 
{+3.244787499643e-06,+8.714619616112e-01,+7.847593205233e-01,+7.106898437003e-01,+6.454847914294e-01,+5.883578288884e-01,+5.401562063821e-01,+5.044167072951e-01}
xMat = 
{
{ {+9.999967552125e-01,+8.714619616112e-01,+7.847593205233e-01,+7.106898437003e-01,+6.454847914294e-01,+5.883578288884e-01 },
  {+8.714619616112e-01,+7.847560757358e-01,+7.106898437003e-01,+6.454847914294e-01,+5.883578288884e-01,+5.401562063821e-01 },
  {+7.847593205233e-01,+7.106898437003e-01,+6.454815466419e-01,+5.883578288884e-01,+5.401562063821e-01,+5.044167072951e-01 },
  {+7.106898437003e-01,+6.454847914294e-01,+5.883578288884e-01,+5.401529615946e-01,+5.044167072951e-01,+4.908287752748e-01 },
  {+6.454847914294e-01,+5.883578288884e-01,+5.401562063821e-01,+5.044167072951e-01,+4.908255304873e-01,+5.241882071628e-01 },
  {+5.883578288884e-01,+5.401562063821e-01,+5.044167072951e-01,+4.908287752748e-01,+5.241882071628e-01,+6.677880657435e-01 }   }
{ {+8.714587168237e-01,+7.847593205233e-01,+7.106898437003e-01,+6.454847914294e-01,+5.883578288884e-01,+5.401562063821e-01 },
  {+7.847593205233e-01,+7.106865989128e-01,+6.454847914294e-01,+5.883578288884e-01,+5.401562063821e-01,+5.044167072951e-01 },
  {+7.106898437003e-01,+6.454847914294e-01,+5.883545841009e-01,+5.401562063821e-01,+5.044167072951e-01,+4.908287752748e-01 },
  {+6.454847914294e-01,+5.883578288884e-01,+5.401562063821e-01,+5.044134625076e-01,+4.908287752748e-01,+5.241882071628e-01 },
  {+5.883578288884e-01,+5.401562063821e-01,+5.044167072951e-01,+4.908287752748e-01,+5.241849623754e-01,+6.677913105310e-01 },
  {+5.401562063821e-01,+5.044167072951e-01,+4.908287752748e-01,+5.241882071628e-01,+6.677913105310e-01,+1.096064230517e+00 }   }
}
yMat = 
{
{ {+3.652734989048e-05,-7.120430335889e-04,+2.501143159201e-03,-3.061925492043e-03,+1.441782106864e-03,-2.266873751574e-04 },
  {-7.120430335889e-04,+1.388015509482e-02,-4.875583823786e-02,+5.968740471221e-02,-2.810526655298e-02,+4.418912589261e-03 },
  {+2.501143159201e-03,-4.875583823786e-02,+1.712611815962e-01,-2.096597213149e-01,+9.872338027410e-02,-1.552200144145e-02 },
  {-3.061925492043e-03,+5.968740471221e-02,-2.096597213149e-01,+2.566676133619e-01,-1.208581898281e-01,+1.900219574647e-02 },
  {+1.441782106864e-03,-2.810526655298e-02,+9.872338027410e-02,-1.208581898281e-01,+5.690901885593e-02,-8.947646142793e-03 },
  {-2.266873751574e-04,+4.418912589261e-03,-1.552200144145e-02,+1.900219574647e-02,-8.947646142793e-03,+1.406813420898e-03 }   }
{ {+1.302276361307e-03,-9.332902735995e-03,+1.854454606876e-02,-1.422600032452e-02,+3.972173863570e-03,-2.677206344070e-04 },
  {-9.332902735995e-03,+6.688524499681e-02,-1.329014715196e-01,+1.019521518595e-01,-2.846700855567e-02,+1.918648541568e-03 },
  {+1.854454606876e-02,-1.329014715196e-01,+2.640761969688e-01,-2.025796722038e-01,+5.656415442584e-02,-3.812368699787e-03 },
  {-1.422600032452e-02,+1.019521518595e-01,-2.025796722038e-01,+1.554040995033e-01,-4.339182400232e-02,+2.924566509165e-03 },
  {+3.972173863570e-03,-2.846700855567e-02,+5.656415442584e-02,-4.339182400232e-02,+1.211583475768e-02,-8.165954157863e-04 },
  {-2.677206344070e-04,+1.918648541568e-03,-3.812368699787e-03,+2.924566509165e-03,-8.165954157863e-04,+5.503773255578e-05 }   }
}
    main loop time = 0.110000
        total time = 0.110000
  file   read time = 0.000000
