SDPA-GMP start at Wed Jun  5 23:35:12 2024
*SDP Scan Problem: V = x^2 - 2*x^4 + x^8
* K = 6; eval = 0.9547738693467345; Domain = R+ with BCs: Neumann
data      is /Users/gorg/qmBoot/data/K=6_BC-Neumann_V_0.0_0.0_1.0_0.0_-2.0_0.0_0.0_0.0_1.0/e=0.9547738693467345_K=6_D=R+.dat
parameter is ./param.sdpa
out       is /Users/gorg/qmBoot/data/K=6_BC-Neumann_V_0.0_0.0_1.0_0.0_-2.0_0.0_0.0_0.0_1.0/e=0.9547738693467345_K=6_D=R+.out
DENSE computation
   mu      thetaP  thetaD  objP      objD      alphaP  alphaD  beta 
 0 1.0e+20 1.0e+00 1.0e+00 +0.00e+00 -1.41e+10 1.0e+00 9.0e-01 3.00e-01
 1 1.6e+19 8.6e-88 1.0e-01 +1.60e+10 -1.41e+09 9.0e-01 9.0e-01 3.00e-01
 2 2.5e+18 1.7e-87 1.0e-02 +2.46e+10 -1.41e+08 9.0e-01 9.0e-01 3.00e-01
 3 3.8e+17 1.7e-87 1.0e-03 +3.79e+10 -1.41e+07 9.0e-01 9.0e-01 3.00e-01
 4 5.8e+16 2.6e-87 1.0e-04 +5.84e+10 -1.41e+06 9.0e-01 9.0e-01 3.00e-01
 5 9.0e+15 3.5e-87 1.0e-05 +9.00e+10 -1.41e+05 9.0e-01 9.0e-01 3.00e-01
 6 1.4e+15 4.3e-87 1.0e-06 +1.39e+11 -1.41e+04 9.0e-01 9.0e-01 3.00e-01
 7 2.1e+14 5.2e-87 1.0e-07 +2.13e+11 -1.41e+03 9.0e-01 9.0e-01 3.00e-01
 8 3.3e+13 6.0e-87 1.0e-08 +3.29e+11 -1.41e+02 9.0e-01 9.0e-01 3.00e-01
 9 5.1e+12 7.8e-87 1.0e-09 +5.05e+11 -1.42e+01 9.0e-01 9.0e-01 3.00e-01
10 8.4e+11 8.6e-87 1.0e-10 +7.67e+11 -1.53e+00 9.0e-01 9.0e-01 3.00e-01
11 2.0e+11 8.6e-87 1.0e-11 +1.03e+12 -2.71e-01 1.5e+00 9.6e-01 3.00e-01
12 4.9e+10 7.8e-87 3.7e-13 +5.50e+11 -1.63e-01 1.1e+00 1.0e+00 3.00e-01
13 1.2e+10 6.0e-87 3.0e-94 +1.40e+11 -2.10e-01 9.7e-01 9.7e-01 1.00e-01
14 1.5e+09 6.0e-87 6.6e-94 +1.76e+10 -2.13e-01 9.9e-01 9.9e-01 1.00e-01
15 1.6e+08 5.2e-87 1.6e-93 +1.86e+09 -2.15e-01 1.0e+00 1.0e+00 1.00e-01
16 1.6e+07 6.0e-87 3.6e-93 +1.87e+08 -2.17e-01 1.0e+00 1.0e+00 1.00e-01
17 1.6e+06 5.2e-87 1.9e-92 +1.87e+07 -2.19e-01 1.0e+00 1.0e+00 1.00e-01
18 1.6e+05 5.2e-87 5.4e-92 +1.87e+06 -2.21e-01 1.0e+00 1.0e+00 1.00e-01
19 1.6e+04 6.0e-87 1.1e-91 +1.87e+05 -2.23e-01 1.0e+00 1.0e+00 1.00e-01
20 1.6e+03 8.6e-87 5.9e-91 +1.87e+04 -2.24e-01 1.0e+00 1.0e+00 1.00e-01
21 1.6e+02 9.5e-87 1.2e-90 +1.87e+03 -2.25e-01 1.0e+00 1.0e+00 1.00e-01
22 1.6e+01 1.1e-86 4.8e-90 +1.87e+02 -2.26e-01 1.0e+00 9.0e+01 1.00e-01
23 1.6e+00 1.2e-86 2.6e-87 +1.87e+01 -2.16e-01 9.9e-01 1.3e+01 1.00e-01
24 1.7e-01 1.5e-86 2.9e-86 +1.93e+00 -1.02e-01 9.5e-01 2.8e+00 1.00e-01
25 2.1e-02 1.4e-86 5.2e-86 +2.09e-01 -4.14e-02 9.3e-01 1.1e+00 1.00e-01
26 3.0e-03 1.4e-86 7.7e-87 +2.27e-02 -1.36e-02 8.9e-01 1.0e+00 1.00e-01
27 5.0e-04 1.4e-86 9.0e-89 +2.57e-03 -3.46e-03 8.9e-01 9.5e-01 1.00e-01
28 8.5e-05 1.4e-86 1.9e-89 +2.85e-04 -7.31e-04 8.8e-01 9.6e-01 1.00e-01
29 1.3e-05 1.4e-86 8.4e-90 +1.96e-05 -1.40e-04 1.0e+00 9.4e-01 1.00e-01
30 1.9e-06 1.4e-86 1.5e-90 -9.51e-06 -3.23e-05 1.0e+00 9.8e-01 1.00e-01
31 2.2e-07 1.4e-86 2.7e-90 -1.25e-05 -1.51e-05 1.0e+00 9.9e-01 1.00e-01
32 2.2e-08 1.4e-86 1.8e-85 -1.28e-05 -1.30e-05 1.0e+00 9.9e-01 1.00e-01
33 2.2e-09 1.4e-86 1.1e-87 -1.28e-05 -1.28e-05 1.0e+00 9.9e-01 1.00e-01
34 2.2e-10 1.4e-86 5.9e-90 -1.28e-05 -1.28e-05 1.0e+00 9.9e-01 1.00e-01
35 2.2e-11 1.4e-86 2.9e-90 -1.28e-05 -1.28e-05 1.0e+00 9.9e-01 1.00e-01
36 2.2e-12 1.4e-86 3.0e-91 -1.28e-05 -1.28e-05 1.0e+00 9.9e-01 1.00e-01
37 2.2e-13 1.4e-86 5.2e-91 -1.28e-05 -1.28e-05 1.0e+00 9.9e-01 1.00e-01
38 2.2e-14 1.4e-86 3.6e-91 -1.28e-05 -1.28e-05 1.0e+00 9.9e-01 1.00e-01
39 2.2e-15 1.4e-86 7.0e-90 -1.28e-05 -1.28e-05 1.0e+00 9.9e-01 1.00e-01
40 2.2e-16 1.4e-86 2.5e-90 -1.28e-05 -1.28e-05 1.0e+00 9.9e-01 1.00e-01
41 2.2e-17 1.4e-86 8.1e-92 -1.28e-05 -1.28e-05 1.0e+00 9.9e-01 1.00e-01
42 2.2e-18 1.4e-86 3.3e-90 -1.28e-05 -1.28e-05 1.0e+00 9.9e-01 1.00e-01
43 2.2e-19 1.4e-86 1.9e-90 -1.28e-05 -1.28e-05 1.0e+00 9.9e-01 1.00e-01
44 2.2e-20 1.4e-86 1.7e-89 -1.28e-05 -1.28e-05 1.0e+00 9.9e-01 1.00e-01
45 2.2e-21 1.4e-86 3.5e-80 -1.28e-05 -1.28e-05 1.0e+00 9.9e-01 1.00e-01
46 2.2e-22 1.4e-86 1.3e-80 -1.28e-05 -1.28e-05 1.0e+00 9.9e-01 1.00e-01
47 2.2e-23 1.4e-86 8.7e-81 -1.28e-05 -1.28e-05 1.0e+00 9.9e-01 1.00e-01
48 2.2e-24 1.4e-86 1.6e-81 -1.28e-05 -1.28e-05 1.0e+00 9.9e-01 1.00e-01
49 2.2e-25 1.4e-86 8.2e-82 -1.28e-05 -1.28e-05 1.0e+00 9.9e-01 1.00e-01
50 2.2e-26 1.4e-86 1.4e-82 -1.28e-05 -1.28e-05 1.0e+00 9.9e-01 1.00e-01
51 2.2e-27 1.4e-86 1.7e-82 -1.28e-05 -1.28e-05 1.0e+00 9.9e-01 1.00e-01
52 2.2e-28 1.4e-86 1.3e-81 -1.28e-05 -1.28e-05 1.0e+00 9.9e-01 1.00e-01
53 2.2e-29 1.4e-86 1.1e-80 -1.28e-05 -1.28e-05 1.0e+00 9.9e-01 1.00e-01
54 2.2e-30 1.4e-86 9.7e-80 -1.28e-05 -1.28e-05 1.0e+00 9.9e-01 1.00e-01
55 2.2e-31 1.4e-86 7.3e-79 -1.28e-05 -1.28e-05 1.0e+00 9.9e-01 1.00e-01
56 2.2e-32 1.4e-86 4.2e-78 -1.28e-05 -1.28e-05 1.0e+00 9.9e-01 1.00e-01

phase.value = pdOPT     
   Iteration = 56
          mu = 2.2301490994661519e-32
relative gap = 2.6761789193593822e-31
         gap = 2.6761789193593822e-31
      digits = 2.5679459153618939e+01
objValPrimal = -1.2793055942177519e-05
objValDual   = -1.2793055942177519e-05
p.feas.error = 1.3718991772369034e-76
d.feas.error = 4.9942568332894045e-67
relative eps = 8.6361685550944446e-78
total time   = 0.110


Parameters are
maxIteration =    200
epsilonStar  = 1.000e-30
lambdaStar   = 1.000e+10
omegaStar    = 2.000e+00
lowerBound   = -1.000e+05
upperBound   = 1.000e+05
betaStar     = 1.000e-01
betaBar      = 3.000e-01
gammaStar    = 9.000e-01
epsilonDash  = 1.000e-30
precision    =    200

                         Time(sec)  Ratio(% : MainLoop) 
 Predictor time  =       0.030000,  27.272727
 Corrector time  =       0.020000,  18.181818
 Make bMat time  =       0.030000,  27.272727
 Make bDia time  =       0.000000,  0.000000
 Make bF1  time  =       0.020000,  18.181818
 Make bF2  time  =       0.010000,  9.090909
 Make bF3  time  =       0.000000,  0.000000
 Make bPRE time  =       0.020000,  18.181818
 Make rMat time  =       0.010000,  9.090909
 Make gVec Mul   =       0.000000,  0.000000
 Make gVec time  =       0.010000,  9.090909
 Cholesky bMat   =       0.000000,  0.000000
 Ste Pre time    =       0.000000,  0.000000
 Ste Cor time    =       0.060000,  54.545455
 solve           =       0.000000,  0.000000
 sumDz           =       0.000000,  0.000000
 makedX          =       0.000000,  0.000000
 symmetriseDx    =       0.000000,  0.000000
 makedXdZ        =       0.000000,  0.000000
 xMatTime        =       0.000000,  0.000000
 zMatTime        =       0.000000,  0.000000
 invzMatTime     =       0.000000,  0.000000
 xMatzMatTime    =       0.000000,  0.000000
 EigxMatTime     =       0.040000,  36.363636
 EigzMatTime     =       0.010000,  9.090909
 EigxMatzMatTime =       0.000000,  0.000000
 updateRes       =       0.000000,  0.000000
 EigTime         =       0.050000,  45.454545
 sub_total_bMat  =       0.080000,  72.727273
 Main Loop       =       0.110000,  100.000000
 File Check      =       0.000000,  0.000000
 File Change     =       0.000000,  0.000000
 File Read       =       0.000000,  0.000000
 Total           =       0.110000,  100.000000

xVec = 
{+1.279305594218e-05,+6.261480177911e-01,+4.900682165998e-01,+4.104009896446e-01,+3.634540341451e-01,+3.419655300218e-01,+3.441951673884e-01,+3.720136471484e-01}
xMat = 
{
{ {+9.999872069441e-01,+6.261480177911e-01,+4.900682165998e-01,+4.104009896446e-01,+3.634540341451e-01,+3.419655300218e-01 },
  {+6.261480177911e-01,+4.900554235439e-01,+4.104009896446e-01,+3.634540341451e-01,+3.419655300218e-01,+3.441951673884e-01 },
  {+4.900682165998e-01,+4.104009896446e-01,+3.634412410892e-01,+3.419655300218e-01,+3.441951673884e-01,+3.720136471484e-01 },
  {+4.104009896446e-01,+3.634540341451e-01,+3.419655300218e-01,+3.441823743325e-01,+3.720136471484e-01,+4.310723282036e-01 },
  {+3.634540341451e-01,+3.419655300218e-01,+3.441951673884e-01,+3.720136471484e-01,+4.310595351477e-01,+5.325276170409e-01 },
  {+3.419655300218e-01,+3.441951673884e-01,+3.720136471484e-01,+4.310723282036e-01,+5.325276170409e-01,+6.988227097332e-01 }   }
{ {+6.261352247352e-01,+4.900682165998e-01,+4.104009896446e-01,+3.634540341451e-01,+3.419655300218e-01,+3.441951673884e-01 },
  {+4.900682165998e-01,+4.103881965887e-01,+3.634540341451e-01,+3.419655300218e-01,+3.441951673884e-01,+3.720136471484e-01 },
  {+4.104009896446e-01,+3.634540341451e-01,+3.419527369658e-01,+3.441951673884e-01,+3.720136471484e-01,+4.310723282036e-01 },
  {+3.634540341451e-01,+3.419655300218e-01,+3.441951673884e-01,+3.720008540925e-01,+4.310723282036e-01,+5.325276170409e-01 },
  {+3.419655300218e-01,+3.441951673884e-01,+3.720136471484e-01,+4.310723282036e-01,+5.325148239849e-01,+6.988355027891e-01 },
  {+3.441951673884e-01,+3.720136471484e-01,+4.310723282036e-01,+5.325276170409e-01,+6.988355027891e-01,+1.009810305180e+00 }   }
}
yMat = 
{
{ {+2.010927009359e-05,-4.539955442832e-04,+1.703562825766e-03,-2.314200060305e-03,+1.243416229559e-03,-2.131128489751e-04 },
  {-4.539955442832e-04,+1.024959897947e-02,-3.846036821351e-02,+5.224637747015e-02,-2.807190043608e-02,+4.811327482993e-03 },
  {+1.703562825766e-03,-3.846036821351e-02,+1.443178339057e-01,-1.960481497227e-01,+1.053363774902e-01,-1.805391869110e-02 },
  {-2.314200060305e-03,+5.224637747015e-02,-1.960481497227e-01,+2.663210496549e-01,-1.430939014713e-01,+2.452529433713e-02 },
  {+1.243416229559e-03,-2.807190043608e-02,+1.053363774902e-01,-1.430939014713e-01,+7.688413914260e-02,-1.317740394903e-02 },
  {-2.131128489751e-04,+4.811327482993e-03,-1.805391869110e-02,+2.452529433713e-02,-1.317740394903e-02,+2.258514913118e-03 }   }
{ {+8.885456878606e-04,-6.785881947109e-03,+1.480031409401e-02,-1.270683490959e-02,+4.100048883463e-03,-2.573924045147e-04 },
  {-6.785881947109e-03,+5.182422741927e-02,-1.130309736395e-01,+9.704293520964e-02,-3.131234339513e-02,+1.965722747836e-03 },
  {+1.480031409401e-02,-1.130309736395e-01,+2.465256432777e-01,-2.116550115228e-01,+6.829363093548e-02,-4.287329829266e-03 },
  {-1.270683490959e-02,+9.704293520964e-02,-2.116550115228e-01,+1.817167711525e-01,-5.863361332477e-02,+3.680894337605e-03 },
  {+4.100048883463e-03,-3.131234339513e-02,+6.829363093548e-02,-5.863361332477e-02,+1.891900560259e-02,-1.187695191322e-03 },
  {-2.573924045147e-04,+1.965722747836e-03,-4.287329829266e-03,+3.680894337605e-03,-1.187695191322e-03,+7.456099422569e-05 }   }
}
    main loop time = 0.110000
        total time = 0.110000
  file   read time = 0.000000
