SDPA-GMP start at Wed Jun  5 23:35:12 2024
*SDP Scan Problem: V = x^2 - 2*x^4 + x^8
* K = 6; eval = 0.6532663316582923; Domain = R+ with BCs: Neumann
data      is /Users/gorg/qmBoot/data/K=6_BC-Neumann_V_0.0_0.0_1.0_0.0_-2.0_0.0_0.0_0.0_1.0/e=0.6532663316582923_K=6_D=R+.dat
parameter is ./param.sdpa
out       is /Users/gorg/qmBoot/data/K=6_BC-Neumann_V_0.0_0.0_1.0_0.0_-2.0_0.0_0.0_0.0_1.0/e=0.6532663316582923_K=6_D=R+.out
DENSE computation
   mu      thetaP  thetaD  objP      objD      alphaP  alphaD  beta 
 0 1.0e+20 1.0e+00 1.0e+00 +0.00e+00 -1.34e+10 1.0e+00 9.0e-01 3.00e-01
 1 1.6e+19 8.6e-88 1.0e-01 +1.60e+10 -1.34e+09 9.0e-01 9.0e-01 3.00e-01
 2 2.5e+18 2.6e-87 1.0e-02 +2.46e+10 -1.34e+08 9.0e-01 9.0e-01 3.00e-01
 3 3.8e+17 3.5e-87 1.0e-03 +3.79e+10 -1.34e+07 9.0e-01 9.0e-01 3.00e-01
 4 5.8e+16 3.5e-87 1.0e-04 +5.84e+10 -1.34e+06 9.0e-01 9.0e-01 3.00e-01
 5 9.0e+15 4.3e-87 1.0e-05 +9.00e+10 -1.34e+05 9.0e-01 9.0e-01 3.00e-01
 6 1.4e+15 6.0e-87 1.0e-06 +1.39e+11 -1.34e+04 9.0e-01 9.0e-01 3.00e-01
 7 2.1e+14 7.8e-87 1.0e-07 +2.13e+11 -1.35e+03 9.0e-01 9.0e-01 3.00e-01
 8 3.3e+13 6.9e-87 1.0e-08 +3.29e+11 -1.35e+02 9.0e-01 9.0e-01 3.00e-01
 9 5.1e+12 6.9e-87 1.0e-09 +5.05e+11 -1.36e+01 9.0e-01 9.0e-01 3.00e-01
10 8.4e+11 6.9e-87 1.0e-10 +7.67e+11 -1.47e+00 9.0e-01 9.0e-01 3.00e-01
11 1.9e+11 8.6e-87 1.0e-11 +1.03e+12 -2.61e-01 1.5e+00 9.7e-01 3.00e-01
12 4.9e+10 6.0e-87 3.0e-13 +5.50e+11 -1.58e-01 1.1e+00 1.0e+00 3.00e-01
13 1.1e+10 5.2e-87 2.9e-94 +1.34e+11 -2.00e-01 9.7e-01 9.7e-01 1.00e-01
14 1.4e+09 5.2e-87 6.2e-94 +1.71e+10 -2.02e-01 9.9e-01 9.9e-01 1.00e-01
15 1.5e+08 5.2e-87 1.5e-93 +1.81e+09 -2.05e-01 1.0e+00 1.0e+00 1.00e-01
16 1.5e+07 5.2e-87 4.9e-93 +1.82e+08 -2.07e-01 1.0e+00 1.0e+00 1.00e-01
17 1.5e+06 5.2e-87 1.8e-92 +1.82e+07 -2.09e-01 1.0e+00 1.0e+00 1.00e-01
18 1.5e+05 5.2e-87 5.2e-92 +1.82e+06 -2.11e-01 1.0e+00 1.0e+00 1.00e-01
19 1.5e+04 8.6e-87 1.4e-91 +1.82e+05 -2.12e-01 1.0e+00 1.0e+00 1.00e-01
20 1.5e+03 1.0e-86 4.7e-91 +1.82e+04 -2.13e-01 1.0e+00 1.0e+00 1.00e-01
21 1.5e+02 1.0e-86 1.1e-90 +1.82e+03 -2.15e-01 1.0e+00 1.0e+00 1.00e-01
22 1.5e+01 1.3e-86 4.0e-90 +1.82e+02 -2.16e-01 1.0e+00 9.0e+01 1.00e-01
23 1.5e+00 1.3e-86 3.1e-87 +1.82e+01 -2.07e-01 9.9e-01 1.3e+01 1.00e-01
24 1.6e-01 1.6e-86 3.6e-86 +1.87e+00 -9.82e-02 9.5e-01 3.2e+00 1.00e-01
25 2.0e-02 1.5e-86 7.7e-86 +2.01e-01 -3.66e-02 9.2e-01 1.2e+00 1.00e-01
26 3.0e-03 1.5e-86 1.3e-86 +2.31e-02 -1.34e-02 9.0e-01 1.0e+00 1.00e-01
27 4.9e-04 1.5e-86 7.2e-89 +2.44e-03 -3.44e-03 9.0e-01 9.6e-01 1.00e-01
28 7.9e-05 1.5e-86 2.0e-89 +2.49e-04 -6.95e-04 9.0e-01 9.6e-01 1.00e-01
29 1.2e-05 1.5e-86 1.5e-89 +1.54e-05 -1.28e-04 1.0e+00 9.4e-01 1.00e-01
30 1.7e-06 1.5e-86 1.6e-89 -9.26e-06 -3.00e-05 1.0e+00 9.8e-01 1.00e-01
31 2.0e-07 1.5e-86 6.4e-86 -1.18e-05 -1.42e-05 1.0e+00 9.8e-01 1.00e-01
32 2.2e-08 1.5e-86 1.2e-87 -1.21e-05 -1.23e-05 1.1e+00 9.9e-01 1.00e-01
33 2.2e-09 1.5e-86 1.1e-89 -1.21e-05 -1.21e-05 1.1e+00 9.9e-01 1.00e-01
34 2.2e-10 1.5e-86 2.2e-90 -1.21e-05 -1.21e-05 1.1e+00 9.9e-01 1.00e-01
35 2.2e-11 1.5e-86 7.2e-89 -1.21e-05 -1.21e-05 1.1e+00 9.9e-01 1.00e-01
36 2.2e-12 1.5e-86 2.0e-88 -1.21e-05 -1.21e-05 1.1e+00 9.9e-01 1.00e-01
37 2.2e-13 1.5e-86 2.2e-88 -1.21e-05 -1.21e-05 1.1e+00 9.9e-01 1.00e-01
38 2.2e-14 1.5e-86 3.1e-88 -1.21e-05 -1.21e-05 1.1e+00 9.9e-01 1.00e-01
39 2.2e-15 1.5e-86 4.6e-88 -1.21e-05 -1.21e-05 1.1e+00 9.9e-01 1.00e-01
40 2.2e-16 1.5e-86 5.1e-88 -1.21e-05 -1.21e-05 1.1e+00 9.9e-01 1.00e-01
41 2.2e-17 1.5e-86 6.4e-88 -1.21e-05 -1.21e-05 1.1e+00 9.9e-01 1.00e-01
42 2.2e-18 1.5e-86 6.9e-88 -1.21e-05 -1.21e-05 1.1e+00 9.9e-01 1.00e-01
43 2.2e-19 1.5e-86 6.8e-88 -1.21e-05 -1.21e-05 1.1e+00 9.9e-01 1.00e-01
44 2.2e-20 1.5e-86 6.9e-88 -1.21e-05 -1.21e-05 1.1e+00 9.9e-01 1.00e-01
45 2.2e-21 1.5e-86 8.7e-80 -1.21e-05 -1.21e-05 1.1e+00 9.9e-01 1.00e-01
46 2.2e-22 1.5e-86 3.0e-80 -1.21e-05 -1.21e-05 1.1e+00 9.9e-01 1.00e-01
47 2.2e-23 1.5e-86 1.9e-80 -1.21e-05 -1.21e-05 1.1e+00 9.9e-01 1.00e-01
48 2.2e-24 1.5e-86 8.6e-81 -1.21e-05 -1.21e-05 1.1e+00 9.9e-01 1.00e-01
49 2.2e-25 1.5e-86 3.3e-81 -1.21e-05 -1.21e-05 1.1e+00 9.9e-01 1.00e-01
50 2.2e-26 1.5e-86 1.2e-81 -1.21e-05 -1.21e-05 1.1e+00 9.9e-01 1.00e-01
51 2.2e-27 1.5e-86 4.0e-82 -1.21e-05 -1.21e-05 1.1e+00 9.9e-01 1.00e-01
52 2.2e-28 1.5e-86 8.1e-82 -1.21e-05 -1.21e-05 1.1e+00 9.9e-01 1.00e-01
53 2.2e-29 1.5e-86 1.7e-80 -1.21e-05 -1.21e-05 1.1e+00 9.9e-01 1.00e-01
54 2.2e-30 1.5e-86 2.9e-80 -1.21e-05 -1.21e-05 1.1e+00 9.9e-01 1.00e-01
55 2.2e-31 1.5e-86 2.2e-79 -1.21e-05 -1.21e-05 1.1e+00 9.9e-01 1.00e-01
56 2.2e-32 1.5e-86 1.7e-78 -1.21e-05 -1.21e-05 1.1e+00 9.9e-01 1.00e-01

phase.value = pdOPT     
   Iteration = 56
          mu = 2.2276546590341482e-32
relative gap = 2.6731855908409778e-31
         gap = 2.6731855908409778e-31
      digits = 2.5656154949187790e+01
objValPrimal = -1.2111113124133217e-05
objValDual   = -1.2111113124133217e-05
p.feas.error = 1.5484977575454834e-76
d.feas.error = 2.0590972972374484e-67
relative eps = 8.6361685550944446e-78
total time   = 0.110


Parameters are
maxIteration =    200
epsilonStar  = 1.000e-30
lambdaStar   = 1.000e+10
omegaStar    = 2.000e+00
lowerBound   = -1.000e+05
upperBound   = 1.000e+05
betaStar     = 1.000e-01
betaBar      = 3.000e-01
gammaStar    = 9.000e-01
epsilonDash  = 1.000e-30
precision    =    200

                         Time(sec)  Ratio(% : MainLoop) 
 Predictor time  =       0.030000,  27.272727
 Corrector time  =       0.020000,  18.181818
 Make bMat time  =       0.030000,  27.272727
 Make bDia time  =       0.000000,  0.000000
 Make bF1  time  =       0.010000,  9.090909
 Make bF2  time  =       0.020000,  18.181818
 Make bF3  time  =       0.000000,  0.000000
 Make bPRE time  =       0.010000,  9.090909
 Make rMat time  =       0.010000,  9.090909
 Make gVec Mul   =       0.000000,  0.000000
 Make gVec time  =       0.000000,  0.000000
 Cholesky bMat   =       0.000000,  0.000000
 Ste Pre time    =       0.000000,  0.000000
 Ste Cor time    =       0.060000,  54.545455
 solve           =       0.000000,  0.000000
 sumDz           =       0.000000,  0.000000
 makedX          =       0.010000,  9.090909
 symmetriseDx    =       0.000000,  0.000000
 makedXdZ        =       0.010000,  9.090909
 xMatTime        =       0.000000,  0.000000
 zMatTime        =       0.000000,  0.000000
 invzMatTime     =       0.000000,  0.000000
 xMatzMatTime    =       0.000000,  0.000000
 EigxMatTime     =       0.010000,  9.090909
 EigzMatTime     =       0.040000,  36.363636
 EigxMatzMatTime =       0.000000,  0.000000
 updateRes       =       0.000000,  0.000000
 EigTime         =       0.050000,  45.454545
 sub_total_bMat  =       0.080000,  72.727273
 Main Loop       =       0.110000,  100.000000
 File Check      =       0.000000,  0.000000
 File Change     =       0.000000,  0.000000
 File Read       =       0.000000,  0.000000
 Total           =       0.110000,  100.000000

xVec = 
{+1.211111312413e-05,+7.069783286643e-01,+5.802308570954e-01,+4.962508392409e-01,+4.376991896565e-01,+3.996378916644e-01,+3.816999150022e-01,+3.871153003385e-01}
xMat = 
{
{ {+9.999878888869e-01,+7.069783286643e-01,+5.802308570954e-01,+4.962508392409e-01,+4.376991896565e-01,+3.996378916644e-01 },
  {+7.069783286643e-01,+5.802187459822e-01,+4.962508392409e-01,+4.376991896565e-01,+3.996378916644e-01,+3.816999150022e-01 },
  {+5.802308570954e-01,+4.962508392409e-01,+4.376870785434e-01,+3.996378916644e-01,+3.816999150022e-01,+3.871153003385e-01 },
  {+4.962508392409e-01,+4.376991896565e-01,+3.996378916644e-01,+3.816878038891e-01,+3.871153003385e-01,+4.237999510813e-01 },
  {+4.376991896565e-01,+3.996378916644e-01,+3.816999150022e-01,+3.871153003385e-01,+4.237878399682e-01,+5.076693778081e-01 },
  {+3.996378916644e-01,+3.816999150022e-01,+3.871153003385e-01,+4.237999510813e-01,+5.076693778081e-01,+6.718933520276e-01 }   }
{ {+7.069662175512e-01,+5.802308570954e-01,+4.962508392409e-01,+4.376991896565e-01,+3.996378916644e-01,+3.816999150022e-01 },
  {+5.802308570954e-01,+4.962387281278e-01,+4.376991896565e-01,+3.996378916644e-01,+3.816999150022e-01,+3.871153003385e-01 },
  {+4.962508392409e-01,+4.376991896565e-01,+3.996257805513e-01,+3.816999150022e-01,+3.871153003385e-01,+4.237999510813e-01 },
  {+4.376991896565e-01,+3.996378916644e-01,+3.816999150022e-01,+3.871031892254e-01,+4.237999510813e-01,+5.076693778081e-01 },
  {+3.996378916644e-01,+3.816999150022e-01,+3.871153003385e-01,+4.237999510813e-01,+5.076572666950e-01,+6.719054631407e-01 },
  {+3.816999150022e-01,+3.871153003385e-01,+4.237999510813e-01,+5.076693778081e-01,+6.719054631407e-01,+1.023212886269e+00 }   }
}
yMat = 
{
{ {+3.148106526645e-05,-6.242543010317e-04,+2.213677965881e-03,-2.865214736824e-03,+1.477039616423e-03,-2.482860423937e-04 },
  {-6.242543010317e-04,+1.237866092073e-02,-4.389616360198e-02,+5.681582270814e-02,-2.928898134616e-02,+4.923392157749e-03 },
  {+2.213677965881e-03,-4.389616360198e-02,+1.556608740890e-01,-2.014754798398e-01,+1.038621160350e-01,-1.745891813479e-02 },
  {-2.865214736824e-03,+5.681582270814e-02,-2.014754798398e-01,+2.607743867188e-01,-1.344311458341e-01,+2.259748269612e-02 },
  {+1.477039616423e-03,-2.928898134616e-02,+1.038621160350e-01,-1.344311458341e-01,+6.930026064929e-02,-1.164917126267e-02 },
  {-2.482860423937e-04,+4.923392157749e-03,-1.745891813479e-02,+2.259748269612e-02,-1.164917126267e-02,+1.958191640777e-03 }   }
{ {+1.181856981571e-03,-8.350221790198e-03,+1.727520434840e-02,-1.420281509950e-02,+4.410025449597e-03,-2.859939924441e-04 },
  {-8.350221790198e-03,+5.899715873640e-02,-1.220551979042e-01,+1.003477222500e-01,-3.115833064301e-02,+2.020644887503e-03 },
  {+1.727520434840e-02,-1.220551979042e-01,+2.525116743670e-01,-2.076025585094e-01,+6.446134516390e-02,-4.180374392947e-03 },
  {-1.420281509950e-02,+1.003477222500e-01,-2.076025585094e-01,+1.706805137136e-01,-5.299691673475e-02,+3.436896221445e-03 },
  {+4.410025449597e-03,-3.115833064301e-02,+6.446134516390e-02,-5.299691673475e-02,+1.645573429726e-02,-1.067168705501e-03 },
  {-2.859939924441e-04,+2.020644887503e-03,-4.180374392947e-03,+3.436896221445e-03,-1.067168705501e-03,+6.920682027479e-05 }   }
}
    main loop time = 0.110000
        total time = 0.110000
  file   read time = 0.000000
