SDPA-GMP start at Wed Jun  5 23:35:12 2024
*SDP Scan Problem: V = x^2 - 2*x^4 + x^8
* K = 6; eval = 0.45226130653266416; Domain = R+ with BCs: Neumann
data      is /Users/gorg/qmBoot/data/K=6_BC-Neumann_V_0.0_0.0_1.0_0.0_-2.0_0.0_0.0_0.0_1.0/e=0.45226130653266416_K=6_D=R+.dat
parameter is ./param.sdpa
out       is /Users/gorg/qmBoot/data/K=6_BC-Neumann_V_0.0_0.0_1.0_0.0_-2.0_0.0_0.0_0.0_1.0/e=0.45226130653266416_K=6_D=R+.out
DENSE computation
   mu      thetaP  thetaD  objP      objD      alphaP  alphaD  beta 
 0 1.0e+20 1.0e+00 1.0e+00 +0.00e+00 -1.30e+10 1.0e+00 9.0e-01 3.00e-01
 1 1.6e+19 8.6e-88 1.0e-01 +1.60e+10 -1.30e+09 9.0e-01 9.0e-01 3.00e-01
 2 2.5e+18 1.7e-87 1.0e-02 +2.46e+10 -1.30e+08 9.0e-01 9.0e-01 3.00e-01
 3 3.8e+17 2.6e-87 1.0e-03 +3.79e+10 -1.30e+07 9.0e-01 9.0e-01 3.00e-01
 4 5.8e+16 2.6e-87 1.0e-04 +5.84e+10 -1.30e+06 9.0e-01 9.0e-01 3.00e-01
 5 9.0e+15 3.5e-87 1.0e-05 +9.00e+10 -1.30e+05 9.0e-01 9.0e-01 3.00e-01
 6 1.4e+15 4.3e-87 1.0e-06 +1.39e+11 -1.30e+04 9.0e-01 9.0e-01 3.00e-01
 7 2.1e+14 5.2e-87 1.0e-07 +2.13e+11 -1.30e+03 9.0e-01 9.0e-01 3.00e-01
 8 3.3e+13 6.9e-87 1.0e-08 +3.29e+11 -1.31e+02 9.0e-01 9.0e-01 3.00e-01
 9 5.1e+12 7.8e-87 1.0e-09 +5.05e+11 -1.32e+01 9.0e-01 9.0e-01 3.00e-01
10 8.4e+11 1.1e-86 1.0e-10 +7.67e+11 -1.43e+00 9.0e-01 9.0e-01 3.00e-01
11 1.9e+11 1.1e-86 1.0e-11 +1.03e+12 -2.54e-01 1.5e+00 9.8e-01 3.00e-01
12 4.8e+10 6.0e-87 2.3e-13 +5.49e+11 -1.55e-01 1.1e+00 1.0e+00 3.00e-01
13 1.1e+10 6.0e-87 2.8e-94 +1.29e+11 -1.93e-01 9.7e-01 9.7e-01 1.00e-01
14 1.4e+09 5.2e-87 1.0e-93 +1.65e+10 -1.95e-01 9.9e-01 9.9e-01 1.00e-01
15 1.5e+08 5.2e-87 2.5e-93 +1.77e+09 -1.98e-01 1.0e+00 1.0e+00 1.00e-01
16 1.5e+07 6.0e-87 7.2e-93 +1.77e+08 -2.00e-01 1.0e+00 1.0e+00 1.00e-01
17 1.5e+06 5.2e-87 1.5e-92 +1.77e+07 -2.02e-01 1.0e+00 1.0e+00 1.00e-01
18 1.5e+05 5.2e-87 7.2e-92 +1.77e+06 -2.03e-01 1.0e+00 1.0e+00 1.00e-01
19 1.5e+04 6.0e-87 2.5e-91 +1.77e+05 -2.05e-01 1.0e+00 1.0e+00 1.00e-01
20 1.5e+03 6.9e-87 8.3e-91 +1.77e+04 -2.06e-01 1.0e+00 1.0e+00 1.00e-01
21 1.5e+02 8.6e-87 3.1e-90 +1.77e+03 -2.07e-01 1.0e+00 1.0e+00 1.00e-01
22 1.5e+01 1.0e-86 6.6e-90 +1.78e+02 -2.08e-01 1.0e+00 9.0e+01 1.00e-01
23 1.5e+00 1.3e-86 1.6e-87 +1.78e+01 -1.99e-01 9.9e-01 1.3e+01 1.00e-01
24 1.6e-01 1.3e-86 1.8e-86 +1.82e+00 -9.47e-02 9.5e-01 3.3e+00 1.00e-01
25 1.9e-02 1.2e-86 4.2e-86 +1.98e-01 -3.58e-02 9.1e-01 1.2e+00 1.00e-01
26 3.2e-03 1.2e-86 6.4e-87 +2.49e-02 -1.33e-02 9.2e-01 9.3e-01 1.00e-01
27 5.4e-04 1.2e-86 5.0e-88 +2.68e-03 -3.77e-03 9.0e-01 9.4e-01 1.00e-01
28 9.1e-05 1.2e-86 7.2e-89 +2.66e-04 -8.31e-04 9.0e-01 9.5e-01 1.00e-01
29 1.4e-05 1.2e-86 3.1e-89 +1.89e-05 -1.54e-04 1.0e+00 9.3e-01 1.00e-01
30 2.1e-06 1.2e-86 1.9e-89 -7.20e-06 -3.25e-05 1.0e+00 9.8e-01 1.00e-01
31 2.4e-07 1.2e-86 4.3e-86 -1.00e-05 -1.29e-05 1.1e+00 9.8e-01 1.00e-01
32 2.7e-08 1.2e-86 1.0e-87 -1.03e-05 -1.06e-05 1.1e+00 9.8e-01 1.00e-01
33 2.9e-09 1.2e-86 2.5e-85 -1.03e-05 -1.04e-05 1.1e+00 9.9e-01 1.00e-01
34 3.0e-10 1.2e-86 5.9e-85 -1.03e-05 -1.03e-05 1.1e+00 9.9e-01 1.00e-01
35 3.0e-11 1.2e-86 5.1e-84 -1.03e-05 -1.03e-05 1.1e+00 9.9e-01 1.00e-01
36 3.0e-12 1.2e-86 1.2e-83 -1.03e-05 -1.03e-05 1.1e+00 9.9e-01 1.00e-01
37 3.0e-13 1.2e-86 3.0e-83 -1.03e-05 -1.03e-05 1.1e+00 9.9e-01 1.00e-01
38 3.0e-14 1.2e-86 1.1e-82 -1.03e-05 -1.03e-05 1.1e+00 9.9e-01 1.00e-01
39 3.0e-15 1.2e-86 4.1e-82 -1.03e-05 -1.03e-05 1.1e+00 9.9e-01 1.00e-01
40 3.0e-16 1.2e-86 1.5e-81 -1.03e-05 -1.03e-05 1.1e+00 9.9e-01 1.00e-01
41 3.0e-17 1.2e-86 3.9e-81 -1.03e-05 -1.03e-05 1.1e+00 9.9e-01 1.00e-01
42 3.0e-18 1.2e-86 3.3e-81 -1.03e-05 -1.03e-05 1.1e+00 9.9e-01 1.00e-01
43 3.0e-19 1.2e-86 6.0e-80 -1.03e-05 -1.03e-05 1.1e+00 9.9e-01 1.00e-01
44 3.0e-20 1.2e-86 5.2e-82 -1.03e-05 -1.03e-05 1.1e+00 9.9e-01 1.00e-01
45 3.0e-21 1.2e-86 1.1e-78 -1.03e-05 -1.03e-05 1.1e+00 9.9e-01 1.00e-01
46 3.0e-22 1.2e-86 7.1e-79 -1.03e-05 -1.03e-05 1.1e+00 9.9e-01 1.00e-01
47 3.1e-23 1.2e-86 4.7e-79 -1.03e-05 -1.03e-05 1.1e+00 9.9e-01 1.00e-01
48 3.1e-24 1.2e-86 1.3e-79 -1.03e-05 -1.03e-05 1.1e+00 9.9e-01 1.00e-01
49 3.1e-25 1.2e-86 6.9e-80 -1.03e-05 -1.03e-05 1.1e+00 9.9e-01 1.00e-01
50 3.1e-26 1.2e-86 3.4e-80 -1.03e-05 -1.03e-05 1.1e+00 9.9e-01 1.00e-01
51 3.1e-27 1.2e-86 1.0e-80 -1.03e-05 -1.03e-05 1.1e+00 9.9e-01 1.00e-01
52 3.1e-28 1.2e-86 3.0e-81 -1.03e-05 -1.03e-05 1.1e+00 9.9e-01 1.00e-01
53 3.1e-29 1.2e-86 9.5e-81 -1.03e-05 -1.03e-05 1.1e+00 9.9e-01 1.00e-01
54 3.1e-30 1.2e-86 1.4e-79 -1.03e-05 -1.03e-05 1.1e+00 9.9e-01 1.00e-01
55 3.1e-31 1.2e-86 1.3e-78 -1.03e-05 -1.03e-05 1.1e+00 9.9e-01 1.00e-01
56 3.1e-32 1.2e-86 4.6e-78 -1.03e-05 -1.03e-05 1.1e+00 9.9e-01 1.00e-01

phase.value = pdOPT     
   Iteration = 56
          mu = 3.0580663792363620e-32
relative gap = 3.6696796550836344e-31
         gap = 3.6696796550836344e-31
      digits = 2.5449789923517940e+01
objValPrimal = -1.0337560819155353e-05
objValDual   = -1.0337560819155353e-05
p.feas.error = 1.2217627448325110e-76
d.feas.error = 5.5170179295712181e-67
relative eps = 8.6361685550944446e-78
total time   = 0.110


Parameters are
maxIteration =    200
epsilonStar  = 1.000e-30
lambdaStar   = 1.000e+10
omegaStar    = 2.000e+00
lowerBound   = -1.000e+05
upperBound   = 1.000e+05
betaStar     = 1.000e-01
betaBar      = 3.000e-01
gammaStar    = 9.000e-01
epsilonDash  = 1.000e-30
precision    =    200

                         Time(sec)  Ratio(% : MainLoop) 
 Predictor time  =       0.040000,  36.363636
 Corrector time  =       0.010000,  9.090909
 Make bMat time  =       0.040000,  36.363636
 Make bDia time  =       0.000000,  0.000000
 Make bF1  time  =       0.020000,  18.181818
 Make bF2  time  =       0.010000,  9.090909
 Make bF3  time  =       0.010000,  9.090909
 Make bPRE time  =       0.010000,  9.090909
 Make rMat time  =       0.010000,  9.090909
 Make gVec Mul   =       0.000000,  0.000000
 Make gVec time  =       0.000000,  0.000000
 Cholesky bMat   =       0.000000,  0.000000
 Ste Pre time    =       0.000000,  0.000000
 Ste Cor time    =       0.040000,  36.363636
 solve           =       0.000000,  0.000000
 sumDz           =       0.000000,  0.000000
 makedX          =       0.000000,  0.000000
 symmetriseDx    =       0.000000,  0.000000
 makedXdZ        =       0.000000,  0.000000
 xMatTime        =       0.000000,  0.000000
 zMatTime        =       0.000000,  0.000000
 invzMatTime     =       0.000000,  0.000000
 xMatzMatTime    =       0.000000,  0.000000
 EigxMatTime     =       0.020000,  18.181818
 EigzMatTime     =       0.020000,  18.181818
 EigxMatzMatTime =       0.000000,  0.000000
 updateRes       =       0.010000,  9.090909
 EigTime         =       0.040000,  36.363636
 sub_total_bMat  =       0.070000,  63.636364
 Main Loop       =       0.110000,  100.000000
 File Check      =       0.000000,  0.000000
 File Change     =       0.000000,  0.000000
 File Read       =       0.000000,  0.000000
 Total           =       0.110000,  100.000000

xVec = 
{+1.033756081916e-05,+7.612885140853e-01,+6.497368712788e-01,+5.695762099904e-01,+5.080159702585e-01,+4.618681430557e-01,+4.316442282257e-01,+4.213079061161e-01}
xMat = 
{
{ {+9.999896624392e-01,+7.612885140853e-01,+6.497368712788e-01,+5.695762099904e-01,+5.080159702585e-01,+4.618681430557e-01 },
  {+7.612885140853e-01,+6.497265337180e-01,+5.695762099904e-01,+5.080159702585e-01,+4.618681430557e-01,+4.316442282257e-01 },
  {+6.497368712788e-01,+5.695762099904e-01,+5.080056326976e-01,+4.618681430557e-01,+4.316442282257e-01,+4.213079061161e-01 },
  {+5.695762099904e-01,+5.080159702585e-01,+4.618681430557e-01,+4.316338906649e-01,+4.213079061161e-01,+4.401766771052e-01 },
  {+5.080159702585e-01,+4.618681430557e-01,+4.316442282257e-01,+4.213079061161e-01,+4.401663395443e-01,+5.077936510497e-01 },
  {+4.618681430557e-01,+4.316442282257e-01,+4.213079061161e-01,+4.401766771052e-01,+5.077936510497e-01,+6.665512253169e-01 }   }
{ {+7.612781765245e-01,+6.497368712788e-01,+5.695762099904e-01,+5.080159702585e-01,+4.618681430557e-01,+4.316442282257e-01 },
  {+6.497368712788e-01,+5.695658724295e-01,+5.080159702585e-01,+4.618681430557e-01,+4.316442282257e-01,+4.213079061161e-01 },
  {+5.695762099904e-01,+5.080159702585e-01,+4.618578054948e-01,+4.316442282257e-01,+4.213079061161e-01,+4.401766771052e-01 },
  {+5.080159702585e-01,+4.618681430557e-01,+4.316442282257e-01,+4.212975685552e-01,+4.401766771052e-01,+5.077936510497e-01 },
  {+4.618681430557e-01,+4.316442282257e-01,+4.213079061161e-01,+4.401766771052e-01,+5.077833134889e-01,+6.665615628777e-01 },
  {+4.316442282257e-01,+4.213079061161e-01,+4.401766771052e-01,+5.077936510497e-01,+6.665615628777e-01,+1.043048958218e+00 }   }
}
yMat = 
{
{ {+3.488259645397e-05,-6.769527392454e-04,+2.370688564203e-03,-3.004138886111e-03,+1.509550541384e-03,-2.503731963491e-04 },
  {-6.769527392454e-04,+1.313735380268e-02,-4.600701440194e-02,+5.830013401410e-02,-2.929524972053e-02,+4.858893497960e-03 },
  {+2.370688564203e-03,-4.600701440194e-02,+1.611165692858e-01,-2.041670754635e-01,+1.025919676097e-01,-1.701584554209e-02 },
  {-3.004138886111e-03,+5.830013401410e-02,-2.041670754635e-01,+2.587207193407e-01,-1.300046425129e-01,+2.156249624895e-02 },
  {+1.509550541384e-03,-2.929524972053e-02,+1.025919676097e-01,-1.300046425129e-01,+6.532606711202e-02,-1.083494442840e-02 },
  {-2.503731963491e-04,+4.858893497960e-03,-1.701584554209e-02,+2.156249624895e-02,-1.083494442840e-02,+1.797077735678e-03 }   }
{ {+1.268704886695e-03,-8.876468274320e-03,+1.801904265299e-02,-1.448575887349e-02,+4.378992423303e-03,-2.900696495990e-04 },
  {-8.876468274320e-03,+6.210403211285e-02,-1.260698702435e-01,+1.013493212003e-01,-3.063753259452e-02,+2.029466481142e-03 },
  {+1.801904265299e-02,-1.260698702435e-01,+2.559191672827e-01,-2.057369761398e-01,+6.219354247006e-02,-4.119773986273e-03 },
  {-1.448575887349e-02,+1.013493212003e-01,-2.057369761398e-01,+1.653948150918e-01,-4.999825335116e-02,+3.311943577009e-03 },
  {+4.378992423303e-03,-3.063753259452e-02,+6.219354247006e-02,-4.999825335116e-02,+1.511429083662e-02,-1.001188543644e-03 },
  {-2.900696495990e-04,+2.029466481142e-03,-4.119773986273e-03,+3.311943577009e-03,-1.001188543644e-03,+6.631991608205e-05 }   }
}
    main loop time = 0.110000
        total time = 0.110000
  file   read time = 0.000000
