SDPA-GMP start at Wed Jun  5 23:35:12 2024
*SDP Scan Problem: V = x^2 - 2*x^4 + x^8
* K = 6; eval = 1.2562814070351767; Domain = R+ with BCs: Neumann
data      is /Users/gorg/qmBoot/data/K=6_BC-Neumann_V_0.0_0.0_1.0_0.0_-2.0_0.0_0.0_0.0_1.0/e=1.2562814070351767_K=6_D=R+.dat
parameter is ./param.sdpa
out       is /Users/gorg/qmBoot/data/K=6_BC-Neumann_V_0.0_0.0_1.0_0.0_-2.0_0.0_0.0_0.0_1.0/e=1.2562814070351767_K=6_D=R+.out
DENSE computation
   mu      thetaP  thetaD  objP      objD      alphaP  alphaD  beta 
 0 1.0e+20 1.0e+00 1.0e+00 +0.00e+00 -1.47e+10 1.0e+00 9.0e-01 3.00e-01
 1 1.6e+19 8.6e-88 1.0e-01 +1.60e+10 -1.47e+09 9.0e-01 9.0e-01 3.00e-01
 2 2.5e+18 1.7e-87 1.0e-02 +2.46e+10 -1.47e+08 9.0e-01 9.0e-01 3.00e-01
 3 3.8e+17 8.6e-88 1.0e-03 +3.79e+10 -1.47e+07 9.0e-01 9.0e-01 3.00e-01
 4 5.8e+16 1.7e-87 1.0e-04 +5.84e+10 -1.47e+06 9.0e-01 9.0e-01 3.00e-01
 5 9.0e+15 2.6e-87 1.0e-05 +9.00e+10 -1.47e+05 9.0e-01 9.0e-01 3.00e-01
 6 1.4e+15 2.6e-87 1.0e-06 +1.39e+11 -1.47e+04 9.0e-01 9.0e-01 3.00e-01
 7 2.1e+14 4.3e-87 1.0e-07 +2.13e+11 -1.47e+03 9.0e-01 9.0e-01 3.00e-01
 8 3.3e+13 5.2e-87 1.0e-08 +3.29e+11 -1.47e+02 9.0e-01 9.0e-01 3.00e-01
 9 5.1e+12 6.0e-87 1.0e-09 +5.05e+11 -1.48e+01 9.0e-01 9.0e-01 3.00e-01
10 8.4e+11 6.9e-87 1.0e-10 +7.67e+11 -1.60e+00 9.0e-01 9.0e-01 3.00e-01
11 2.0e+11 6.9e-87 1.0e-11 +1.03e+12 -2.81e-01 1.5e+00 9.6e-01 3.00e-01
12 5.0e+10 7.8e-87 4.3e-13 +5.48e+11 -1.66e-01 1.1e+00 1.0e+00 3.00e-01
13 1.2e+10 8.6e-87 1.8e-94 +1.43e+11 -2.20e-01 9.7e-01 9.7e-01 1.00e-01
14 1.5e+09 7.8e-87 5.8e-94 +1.80e+10 -2.22e-01 9.9e-01 9.9e-01 1.00e-01
15 1.6e+08 7.8e-87 1.3e-93 +1.90e+09 -2.25e-01 1.0e+00 1.0e+00 1.00e-01
16 1.6e+07 7.8e-87 3.0e-93 +1.90e+08 -2.27e-01 1.0e+00 1.0e+00 1.00e-01
17 1.6e+06 7.8e-87 7.6e-93 +1.90e+07 -2.29e-01 1.0e+00 1.0e+00 1.00e-01
18 1.6e+05 7.8e-87 3.9e-92 +1.90e+06 -2.31e-01 1.0e+00 1.0e+00 1.00e-01
19 1.6e+04 8.6e-87 1.4e-91 +1.90e+05 -2.32e-01 1.0e+00 1.0e+00 1.00e-01
20 1.6e+03 1.0e-86 5.1e-91 +1.90e+04 -2.34e-01 1.0e+00 1.0e+00 1.00e-01
21 1.6e+02 1.0e-86 7.5e-91 +1.90e+03 -2.35e-01 1.0e+00 1.0e+00 1.00e-01
22 1.6e+01 1.3e-86 5.1e-90 +1.90e+02 -2.36e-01 1.0e+00 9.0e+01 1.00e-01
23 1.6e+00 1.4e-86 2.6e-87 +1.91e+01 -2.22e-01 9.9e-01 1.3e+01 1.00e-01
24 1.7e-01 1.6e-86 3.0e-86 +1.97e+00 -1.05e-01 9.5e-01 2.5e+00 1.00e-01
25 2.2e-02 1.5e-86 4.7e-86 +2.14e-01 -4.45e-02 9.3e-01 1.1e+00 1.00e-01
26 3.2e-03 1.4e-86 5.2e-87 +2.34e-02 -1.49e-02 8.9e-01 1.0e+00 1.00e-01
27 5.4e-04 1.4e-86 1.2e-88 +2.72e-03 -3.72e-03 8.9e-01 9.5e-01 1.00e-01
28 9.1e-05 1.4e-86 2.1e-89 +3.04e-04 -7.87e-04 8.8e-01 9.6e-01 1.00e-01
29 1.4e-05 1.4e-86 1.8e-89 +2.14e-05 -1.51e-04 1.0e+00 9.4e-01 1.00e-01
30 2.1e-06 1.4e-86 6.1e-90 -9.73e-06 -3.46e-05 1.0e+00 9.8e-01 1.00e-01
31 2.4e-07 1.4e-86 7.2e-89 -1.29e-05 -1.58e-05 1.0e+00 9.9e-01 1.00e-01
32 2.5e-08 1.4e-86 1.2e-85 -1.33e-05 -1.36e-05 1.0e+00 9.9e-01 1.00e-01
33 2.5e-09 1.4e-86 7.6e-88 -1.33e-05 -1.33e-05 1.0e+00 9.9e-01 1.00e-01
34 2.5e-10 1.4e-86 5.5e-89 -1.33e-05 -1.33e-05 1.0e+00 9.9e-01 1.00e-01
35 2.5e-11 1.4e-86 8.3e-91 -1.33e-05 -1.33e-05 1.0e+00 9.9e-01 1.00e-01
36 2.5e-12 1.4e-86 1.0e-90 -1.33e-05 -1.33e-05 1.0e+00 9.9e-01 1.00e-01
37 2.5e-13 1.4e-86 1.2e-90 -1.33e-05 -1.33e-05 1.0e+00 9.9e-01 1.00e-01
38 2.5e-14 1.4e-86 8.2e-91 -1.33e-05 -1.33e-05 1.0e+00 9.9e-01 1.00e-01
39 2.5e-15 1.4e-86 3.7e-91 -1.33e-05 -1.33e-05 1.0e+00 9.9e-01 1.00e-01
40 2.5e-16 1.4e-86 2.7e-89 -1.33e-05 -1.33e-05 1.0e+00 9.9e-01 1.00e-01
41 2.5e-17 1.4e-86 1.5e-89 -1.33e-05 -1.33e-05 1.0e+00 9.9e-01 1.00e-01
42 2.5e-18 1.4e-86 3.2e-90 -1.33e-05 -1.33e-05 1.0e+00 9.9e-01 1.00e-01
43 2.5e-19 1.4e-86 5.6e-90 -1.33e-05 -1.33e-05 1.0e+00 9.9e-01 1.00e-01
44 2.5e-20 1.4e-86 1.4e-89 -1.33e-05 -1.33e-05 1.0e+00 9.9e-01 1.00e-01
45 2.5e-21 1.4e-86 6.1e-80 -1.33e-05 -1.33e-05 1.0e+00 9.9e-01 1.00e-01
46 2.5e-22 1.4e-86 3.6e-80 -1.33e-05 -1.33e-05 1.0e+00 9.9e-01 1.00e-01
47 2.5e-23 1.4e-86 2.6e-80 -1.33e-05 -1.33e-05 1.0e+00 9.9e-01 1.00e-01
48 2.5e-24 1.4e-86 5.1e-81 -1.33e-05 -1.33e-05 1.0e+00 9.9e-01 1.00e-01
49 2.5e-25 1.4e-86 1.5e-81 -1.33e-05 -1.33e-05 1.0e+00 9.9e-01 1.00e-01
50 2.5e-26 1.4e-86 6.7e-82 -1.33e-05 -1.33e-05 1.0e+00 9.9e-01 1.00e-01
51 2.5e-27 1.4e-86 1.7e-82 -1.33e-05 -1.33e-05 1.0e+00 9.9e-01 1.00e-01
52 2.5e-28 1.4e-86 5.7e-82 -1.33e-05 -1.33e-05 1.0e+00 9.9e-01 1.00e-01
53 2.5e-29 1.4e-86 1.0e-80 -1.33e-05 -1.33e-05 1.0e+00 9.9e-01 1.00e-01
54 2.5e-30 1.4e-86 5.5e-80 -1.33e-05 -1.33e-05 1.0e+00 9.9e-01 1.00e-01
55 2.5e-31 1.4e-86 6.9e-79 -1.33e-05 -1.33e-05 1.0e+00 9.9e-01 1.00e-01
56 2.5e-32 1.4e-86 7.0e-78 -1.33e-05 -1.33e-05 1.0e+00 9.9e-01 1.00e-01

phase.value = pdOPT     
   Iteration = 56
          mu = 2.5239035871076601e-32
relative gap = 3.0286843045291921e-31
         gap = 3.0286843045291921e-31
      digits = 2.5642337204956750e+01
objValPrimal = -1.3292026911117615e-05
objValDual   = -1.3292026911117615e-05
p.feas.error = 1.4305277584247955e-76
d.feas.error = 8.3625586748195595e-67
relative eps = 8.6361685550944446e-78
total time   = 0.110


Parameters are
maxIteration =    200
epsilonStar  = 1.000e-30
lambdaStar   = 1.000e+10
omegaStar    = 2.000e+00
lowerBound   = -1.000e+05
upperBound   = 1.000e+05
betaStar     = 1.000e-01
betaBar      = 3.000e-01
gammaStar    = 9.000e-01
epsilonDash  = 1.000e-30
precision    =    200

                         Time(sec)  Ratio(% : MainLoop) 
 Predictor time  =       0.020000,  18.181818
 Corrector time  =       0.010000,  9.090909
 Make bMat time  =       0.020000,  18.181818
 Make bDia time  =       0.000000,  0.000000
 Make bF1  time  =       0.020000,  18.181818
 Make bF2  time  =       0.000000,  0.000000
 Make bF3  time  =       0.000000,  0.000000
 Make bPRE time  =       0.010000,  9.090909
 Make rMat time  =       0.000000,  0.000000
 Make gVec Mul   =       0.000000,  0.000000
 Make gVec time  =       0.000000,  0.000000
 Cholesky bMat   =       0.000000,  0.000000
 Ste Pre time    =       0.000000,  0.000000
 Ste Cor time    =       0.080000,  72.727273
 solve           =       0.000000,  0.000000
 sumDz           =       0.000000,  0.000000
 makedX          =       0.010000,  9.090909
 symmetriseDx    =       0.000000,  0.000000
 makedXdZ        =       0.010000,  9.090909
 xMatTime        =       0.000000,  0.000000
 zMatTime        =       0.000000,  0.000000
 invzMatTime     =       0.000000,  0.000000
 xMatzMatTime    =       0.000000,  0.000000
 EigxMatTime     =       0.040000,  36.363636
 EigzMatTime     =       0.040000,  36.363636
 EigxMatzMatTime =       0.000000,  0.000000
 updateRes       =       0.000000,  0.000000
 EigTime         =       0.080000,  72.727273
 sub_total_bMat  =       0.090000,  81.818182
 Main Loop       =       0.110000,  100.000000
 File Check      =       0.000000,  0.000000
 File Change     =       0.000000,  0.000000
 File Read       =       0.000000,  0.000000
 Total           =       0.110000,  100.000000

xVec = 
{+1.329202691112e-05,+5.682518284636e-01,+4.493070329271e-01,+3.913310424884e-01,+3.656996067415e-01,+3.647013995099e-01,+3.867268369365e-01,+4.336068825824e-01}
xMat = 
{
{ {+9.999867079731e-01,+5.682518284636e-01,+4.493070329271e-01,+3.913310424884e-01,+3.656996067415e-01,+3.647013995099e-01 },
  {+5.682518284636e-01,+4.492937409001e-01,+3.913310424884e-01,+3.656996067415e-01,+3.647013995099e-01,+3.867268369365e-01 },
  {+4.493070329271e-01,+3.913310424884e-01,+3.656863147146e-01,+3.647013995099e-01,+3.867268369365e-01,+4.336068825824e-01 },
  {+3.913310424884e-01,+3.656996067415e-01,+3.647013995099e-01,+3.867135449096e-01,+4.336068825824e-01,+5.103729963260e-01 },
  {+3.656996067415e-01,+3.647013995099e-01,+3.867268369365e-01,+4.336068825824e-01,+5.103597042991e-01,+6.263868686925e-01 },
  {+3.647013995099e-01,+3.867268369365e-01,+4.336068825824e-01,+5.103729963260e-01,+6.263868686925e-01,+7.996778732514e-01 }   }
{ {+5.682385364367e-01,+4.493070329271e-01,+3.913310424884e-01,+3.656996067415e-01,+3.647013995099e-01,+3.867268369365e-01 },
  {+4.493070329271e-01,+3.913177504615e-01,+3.656996067415e-01,+3.647013995099e-01,+3.867268369365e-01,+4.336068825824e-01 },
  {+3.913310424884e-01,+3.656996067415e-01,+3.646881074829e-01,+3.867268369365e-01,+4.336068825824e-01,+5.103729963260e-01 },
  {+3.656996067415e-01,+3.647013995099e-01,+3.867268369365e-01,+4.335935905554e-01,+5.103729963260e-01,+6.263868686925e-01 },
  {+3.647013995099e-01,+3.867268369365e-01,+4.336068825824e-01,+5.103729963260e-01,+6.263735766655e-01,+7.996911652783e-01 },
  {+3.867268369365e-01,+4.336068825824e-01,+5.103729963260e-01,+6.263868686925e-01,+7.996911652783e-01,+1.094458484838e+00 }   }
}
yMat = 
{
{ {+1.427891798410e-05,-3.490135149142e-04,+1.384361080551e-03,-1.963457959048e-03,+1.099212850841e-03,-1.962536671361e-04 },
  {-3.490135149142e-04,+8.530788798452e-03,-3.383734868227e-02,+4.799196720903e-02,-2.686759186782e-02,+4.796944856624e-03 },
  {+1.384361080551e-03,-3.383734868227e-02,+1.342157440416e-01,-1.903599968030e-01,+1.065702241333e-01,-1.902706766726e-02 },
  {-1.963457959048e-03,+4.799196720903e-02,-1.903599968030e-01,+2.699901463990e-01,-1.511499837085e-01,+2.698634624554e-02 },
  {+1.099212850841e-03,-2.686759186782e-02,+1.065702241333e-01,-1.511499837085e-01,+8.461907917669e-02,-1.510790615794e-02 },
  {-1.962536671361e-04,+4.796944856624e-03,-1.902706766726e-02,+2.698634624554e-02,-1.510790615794e-02,+2.697368379541e-03 }   }
{ {+6.816501145340e-04,-5.592406765130e-03,+1.278185648275e-02,-1.143695956986e-02,+3.846647379970e-03,-2.507078687905e-04 },
  {-5.592406765130e-03,+4.588132937974e-02,-1.048651487632e-01,+9.383132006770e-02,-3.155873720570e-02,+2.056862240027e-03 },
  {+1.278185648275e-02,-1.048651487632e-01,+2.396770009453e-01,-2.144583749112e-01,+7.212981220450e-02,-4.701109747727e-03 },
  {-1.143695956986e-02,+9.383132006770e-02,-2.144583749112e-01,+1.918932329265e-01,-6.454036994377e-02,+4.206462667674e-03 },
  {+3.846647379970e-03,-3.155873720570e-02,+7.212981220450e-02,-6.454036994377e-02,+2.170717168579e-02,-1.414779732385e-03 },
  {-2.507078687905e-04,+2.056862240027e-03,-4.701109747727e-03,+4.206462667674e-03,-1.414779732385e-03,+9.220923481604e-05 }   }
}
    main loop time = 0.110000
        total time = 0.110000
  file   read time = 0.000000
