SDPA-GMP start at Wed Jun  5 23:35:12 2024
*SDP Scan Problem: V = x^2 - 2*x^4 + x^8
* K = 6; eval = 1.859296482412061; Domain = R+ with BCs: Neumann
data      is /Users/gorg/qmBoot/data/K=6_BC-Neumann_V_0.0_0.0_1.0_0.0_-2.0_0.0_0.0_0.0_1.0/e=1.859296482412061_K=6_D=R+.dat
parameter is ./param.sdpa
out       is /Users/gorg/qmBoot/data/K=6_BC-Neumann_V_0.0_0.0_1.0_0.0_-2.0_0.0_0.0_0.0_1.0/e=1.859296482412061_K=6_D=R+.out
DENSE computation
   mu      thetaP  thetaD  objP      objD      alphaP  alphaD  beta 
 0 1.0e+20 1.0e+00 1.0e+00 +0.00e+00 -1.59e+10 1.0e+00 9.0e-01 3.00e-01
 1 1.6e+19 8.6e-88 1.0e-01 +1.60e+10 -1.59e+09 9.0e-01 9.0e-01 3.00e-01
 2 2.5e+18 2.6e-87 1.0e-02 +2.46e+10 -1.59e+08 9.0e-01 9.0e-01 3.00e-01
 3 3.8e+17 3.5e-87 1.0e-03 +3.79e+10 -1.59e+07 9.0e-01 9.0e-01 3.00e-01
 4 5.8e+16 2.6e-87 1.0e-04 +5.84e+10 -1.59e+06 9.0e-01 9.0e-01 3.00e-01
 5 9.0e+15 3.5e-87 1.0e-05 +9.00e+10 -1.59e+05 9.0e-01 9.0e-01 3.00e-01
 6 1.4e+15 3.5e-87 1.0e-06 +1.39e+11 -1.59e+04 9.0e-01 9.0e-01 3.00e-01
 7 2.1e+14 4.3e-87 1.0e-07 +2.13e+11 -1.59e+03 9.0e-01 9.0e-01 3.00e-01
 8 3.3e+13 5.2e-87 1.0e-08 +3.29e+11 -1.59e+02 9.0e-01 9.0e-01 3.00e-01
 9 5.1e+12 6.0e-87 1.0e-09 +5.05e+11 -1.60e+01 9.0e-01 9.0e-01 3.00e-01
10 8.4e+11 7.8e-87 1.0e-10 +7.67e+11 -1.73e+00 9.0e-01 9.0e-01 3.00e-01
11 2.0e+11 6.9e-87 1.1e-11 +1.03e+12 -2.99e-01 1.5e+00 9.5e-01 3.00e-01
12 5.0e+10 8.6e-87 5.3e-13 +5.40e+11 -1.73e-01 1.1e+00 1.0e+00 3.00e-01
13 1.2e+10 8.6e-87 1.7e-94 +1.46e+11 -2.37e-01 9.7e-01 9.7e-01 1.00e-01
14 1.5e+09 7.8e-87 7.0e-94 +1.83e+10 -2.40e-01 9.9e-01 9.9e-01 1.00e-01
15 1.6e+08 6.9e-87 1.4e-93 +1.93e+09 -2.42e-01 1.0e+00 1.0e+00 1.00e-01
16 1.6e+07 6.9e-87 3.6e-93 +1.94e+08 -2.44e-01 1.0e+00 1.0e+00 1.00e-01
17 1.6e+06 6.9e-87 1.3e-92 +1.94e+07 -2.46e-01 1.0e+00 1.0e+00 1.00e-01
18 1.6e+05 8.6e-87 3.8e-92 +1.94e+06 -2.48e-01 1.0e+00 1.0e+00 1.00e-01
19 1.6e+04 1.0e-86 1.0e-91 +1.94e+05 -2.50e-01 1.0e+00 1.0e+00 1.00e-01
20 1.6e+03 1.2e-86 4.2e-91 +1.94e+04 -2.51e-01 1.0e+00 1.0e+00 1.00e-01
21 1.6e+02 1.4e-86 1.7e-90 +1.94e+03 -2.52e-01 1.0e+00 1.0e+00 1.00e-01
22 1.6e+01 1.5e-86 6.8e-90 +1.94e+02 -2.53e-01 1.0e+00 9.0e+01 1.00e-01
23 1.6e+00 1.6e-86 2.0e-87 +1.95e+01 -2.26e-01 9.9e-01 1.4e+01 1.00e-01
24 1.8e-01 2.1e-86 2.4e-86 +2.01e+00 -1.07e-01 9.5e-01 2.2e+00 1.00e-01
25 2.2e-02 1.8e-86 3.0e-86 +2.18e-01 -4.80e-02 9.1e-01 1.1e+00 1.00e-01
26 3.6e-03 1.7e-86 2.4e-87 +2.55e-02 -1.77e-02 9.1e-01 9.4e-01 1.00e-01
27 6.2e-04 1.7e-86 1.4e-88 +2.66e-03 -4.77e-03 9.2e-01 9.6e-01 1.00e-01
28 9.5e-05 1.7e-86 1.6e-89 +2.69e-04 -8.73e-04 9.2e-01 9.7e-01 1.00e-01
29 1.3e-05 1.7e-86 1.9e-89 +1.41e-05 -1.40e-04 1.0e+00 9.5e-01 1.00e-01
30 1.7e-06 1.7e-86 1.7e-89 -1.32e-05 -3.40e-05 1.0e+00 9.8e-01 1.00e-01
31 2.0e-07 1.7e-86 9.2e-89 -1.61e-05 -1.85e-05 1.0e+00 9.8e-01 1.00e-01
32 2.2e-08 1.7e-86 1.3e-85 -1.64e-05 -1.66e-05 1.0e+00 9.9e-01 1.00e-01
33 2.2e-09 1.7e-86 8.6e-88 -1.64e-05 -1.64e-05 1.0e+00 9.9e-01 1.00e-01
34 2.2e-10 1.7e-86 5.4e-90 -1.64e-05 -1.64e-05 1.0e+00 9.9e-01 1.00e-01
35 2.2e-11 1.7e-86 4.2e-90 -1.64e-05 -1.64e-05 1.0e+00 9.9e-01 1.00e-01
36 2.2e-12 1.7e-86 7.8e-91 -1.64e-05 -1.64e-05 1.0e+00 9.9e-01 1.00e-01
37 2.2e-13 1.7e-86 4.7e-90 -1.64e-05 -1.64e-05 1.0e+00 9.9e-01 1.00e-01
38 2.2e-14 1.7e-86 2.5e-89 -1.64e-05 -1.64e-05 1.0e+00 9.9e-01 1.00e-01
39 2.2e-15 1.7e-86 1.6e-89 -1.64e-05 -1.64e-05 1.0e+00 9.9e-01 1.00e-01
40 2.2e-16 1.7e-86 6.9e-90 -1.64e-05 -1.64e-05 1.0e+00 9.9e-01 1.00e-01
41 2.2e-17 1.7e-86 1.4e-89 -1.64e-05 -1.64e-05 1.0e+00 9.9e-01 1.00e-01
42 2.2e-18 1.7e-86 9.1e-90 -1.64e-05 -1.64e-05 1.0e+00 9.9e-01 1.00e-01
43 2.2e-19 1.7e-86 8.8e-90 -1.64e-05 -1.64e-05 1.0e+00 9.9e-01 1.00e-01
44 2.2e-20 1.7e-86 1.3e-89 -1.64e-05 -1.64e-05 1.0e+00 9.9e-01 1.00e-01
45 2.2e-21 1.7e-86 2.8e-80 -1.64e-05 -1.64e-05 1.0e+00 9.9e-01 1.00e-01
46 2.2e-22 1.7e-86 1.2e-80 -1.64e-05 -1.64e-05 1.0e+00 9.9e-01 1.00e-01
47 2.2e-23 1.7e-86 1.3e-80 -1.64e-05 -1.64e-05 1.0e+00 9.9e-01 1.00e-01
48 2.2e-24 1.7e-86 3.3e-81 -1.64e-05 -1.64e-05 1.0e+00 9.9e-01 1.00e-01
49 2.2e-25 1.7e-86 1.1e-81 -1.64e-05 -1.64e-05 1.0e+00 9.9e-01 1.00e-01
50 2.2e-26 1.7e-86 4.2e-82 -1.64e-05 -1.64e-05 1.0e+00 9.9e-01 1.00e-01
51 2.2e-27 1.7e-86 8.3e-83 -1.64e-05 -1.64e-05 1.0e+00 9.9e-01 1.00e-01
52 2.2e-28 1.7e-86 8.9e-82 -1.64e-05 -1.64e-05 1.0e+00 9.9e-01 1.00e-01
53 2.2e-29 1.7e-86 1.5e-80 -1.64e-05 -1.64e-05 1.0e+00 9.9e-01 1.00e-01
54 2.2e-30 1.7e-86 5.9e-80 -1.64e-05 -1.64e-05 1.0e+00 9.9e-01 1.00e-01
55 2.2e-31 1.7e-86 8.3e-79 -1.64e-05 -1.64e-05 1.0e+00 9.9e-01 1.00e-01
56 2.2e-32 1.7e-86 4.8e-78 -1.64e-05 -1.64e-05 1.0e+00 9.9e-01 1.00e-01

phase.value = pdOPT     
   Iteration = 56
          mu = 2.2391399715787315e-32
relative gap = 2.6869679658944777e-31
         gap = 2.6869679658944777e-31
      digits = 2.5785398715249347e+01
objValPrimal = -1.6393104374933559e-05
objValDual   = -1.6393104374933559e-05
p.feas.error = 1.7468846188561939e-76
d.feas.error = 5.7397278055231870e-67
relative eps = 8.6361685550944446e-78
total time   = 0.110


Parameters are
maxIteration =    200
epsilonStar  = 1.000e-30
lambdaStar   = 1.000e+10
omegaStar    = 2.000e+00
lowerBound   = -1.000e+05
upperBound   = 1.000e+05
betaStar     = 1.000e-01
betaBar      = 3.000e-01
gammaStar    = 9.000e-01
epsilonDash  = 1.000e-30
precision    =    200

                         Time(sec)  Ratio(% : MainLoop) 
 Predictor time  =       0.020000,  18.181818
 Corrector time  =       0.020000,  18.181818
 Make bMat time  =       0.020000,  18.181818
 Make bDia time  =       0.000000,  0.000000
 Make bF1  time  =       0.000000,  0.000000
 Make bF2  time  =       0.020000,  18.181818
 Make bF3  time  =       0.000000,  0.000000
 Make bPRE time  =       0.020000,  18.181818
 Make rMat time  =       0.010000,  9.090909
 Make gVec Mul   =       0.000000,  0.000000
 Make gVec time  =       0.000000,  0.000000
 Cholesky bMat   =       0.000000,  0.000000
 Ste Pre time    =       0.000000,  0.000000
 Ste Cor time    =       0.060000,  54.545455
 solve           =       0.000000,  0.000000
 sumDz           =       0.000000,  0.000000
 makedX          =       0.000000,  0.000000
 symmetriseDx    =       0.000000,  0.000000
 makedXdZ        =       0.000000,  0.000000
 xMatTime        =       0.000000,  0.000000
 zMatTime        =       0.010000,  9.090909
 invzMatTime     =       0.000000,  0.000000
 xMatzMatTime    =       0.000000,  0.000000
 EigxMatTime     =       0.020000,  18.181818
 EigzMatTime     =       0.030000,  27.272727
 EigxMatzMatTime =       0.000000,  0.000000
 updateRes       =       0.000000,  0.000000
 EigTime         =       0.050000,  45.454545
 sub_total_bMat  =       0.090000,  81.818182
 Main Loop       =       0.110000,  100.000000
 File Check      =       0.000000,  0.000000
 File Change     =       0.000000,  0.000000
 File Read       =       0.000000,  0.000000
 Total           =       0.110000,  100.000000

xVec = 
{+1.639310437493e-05,+5.496064802365e-01,+4.549557532781e-01,+4.310717674451e-01,+4.403102134850e-01,+4.732434657465e-01,+5.283939180595e-01,+6.081660321124e-01}
xMat = 
{
{ {+9.999836068956e-01,+5.496064802365e-01,+4.549557532781e-01,+4.310717674451e-01,+4.403102134850e-01,+4.732434657465e-01 },
  {+5.496064802365e-01,+4.549393601737e-01,+4.310717674451e-01,+4.403102134850e-01,+4.732434657465e-01,+5.283939180595e-01 },
  {+4.549557532781e-01,+4.310717674451e-01,+4.402938203807e-01,+4.732434657465e-01,+5.283939180595e-01,+6.081660321124e-01 },
  {+4.310717674451e-01,+4.403102134850e-01,+4.732434657465e-01,+5.283775249551e-01,+6.081660321124e-01,+7.182492513532e-01 },
  {+4.403102134850e-01,+4.732434657465e-01,+5.283939180595e-01,+6.081660321124e-01,+7.182328582489e-01,+8.688477268445e-01 },
  {+4.732434657465e-01,+5.283939180595e-01,+6.081660321124e-01,+7.182492513532e-01,+8.688477268445e-01,+1.080039495728e+00 }   }
{ {+5.495900871322e-01,+4.549557532781e-01,+4.310717674451e-01,+4.403102134850e-01,+4.732434657465e-01,+5.283939180595e-01 },
  {+4.549557532781e-01,+4.310553743407e-01,+4.403102134850e-01,+4.732434657465e-01,+5.283939180595e-01,+6.081660321124e-01 },
  {+4.310717674451e-01,+4.403102134850e-01,+4.732270726421e-01,+5.283939180595e-01,+6.081660321124e-01,+7.182492513532e-01 },
  {+4.403102134850e-01,+4.732434657465e-01,+5.283939180595e-01,+6.081496390081e-01,+7.182492513532e-01,+8.688477268445e-01 },
  {+4.732434657465e-01,+5.283939180595e-01,+6.081660321124e-01,+7.182492513532e-01,+8.688313337401e-01,+1.080055888832e+00 },
  {+5.283939180595e-01,+6.081660321124e-01,+7.182492513532e-01,+8.688477268445e-01,+1.080055888832e+00,+1.429405459589e+00 }   }
}
yMat = 
{
{ {+1.997032661488e-05,-4.221742886943e-04,+1.651131561120e-03,-2.316923556559e-03,+1.289238741191e-03,-2.282899567762e-04 },
  {-4.221742886943e-04,+8.924797950063e-03,-3.490505217061e-02,+4.897994776512e-02,-2.725460925180e-02,+4.826067794317e-03 },
  {+1.651131561120e-03,-3.490505217061e-02,+1.365143136965e-01,-1.915614943466e-01,+1.065932879541e-01,-1.887484165827e-02 },
  {-2.316923556559e-03,+4.897994776512e-02,-1.915614943466e-01,+2.688055568874e-01,-1.495753007498e-01,+2.648581511864e-02 },
  {+1.289238741191e-03,-2.725460925180e-02,+1.065932879541e-01,-1.495753007498e-01,+8.323031284567e-02,-1.473787896295e-02 },
  {-2.282899567762e-04,+4.826067794317e-03,-1.887484165827e-02,+2.648581511864e-02,-1.473787896295e-02,+2.609687130808e-03 }   }
{ {+7.710035859215e-04,-6.026551742989e-03,+1.362896380941e-02,-1.209902671344e-02,+4.037529794204e-03,-2.656968801907e-04 },
  {-6.026551742989e-03,+4.710655900195e-02,-1.065308347464e-01,+9.457207704316e-02,-3.155936322858e-02,+2.076820426855e-03 },
  {+1.362896380941e-02,-1.065308347464e-01,+2.409180163489e-01,-2.138734504190e-01,+7.137106551694e-02,-4.696700807251e-03 },
  {-1.209902671344e-02,+9.457207704316e-02,-2.138734504190e-01,+1.898648074865e-01,-6.335921353463e-02,+4.169466536607e-03 },
  {+4.037529794204e-03,-3.155936322858e-02,+7.137106551694e-02,-6.335921353463e-02,+2.114341247791e-02,-1.391380130502e-03 },
  {-2.656968801907e-04,+2.076820426855e-03,-4.696700807251e-03,+4.169466536607e-03,-1.391380130502e-03,+9.156226174838e-05 }   }
}
    main loop time = 0.110000
        total time = 0.110000
  file   read time = 0.000000
