SDPA-GMP start at Wed Jun  5 23:35:12 2024
*SDP Scan Problem: V = x^2 - 2*x^4 + x^8
* K = 6; eval = 1.1557788944723626; Domain = R+ with BCs: Neumann
data      is /Users/gorg/qmBoot/data/K=6_BC-Neumann_V_0.0_0.0_1.0_0.0_-2.0_0.0_0.0_0.0_1.0/e=1.1557788944723626_K=6_D=R+.dat
parameter is ./param.sdpa
out       is /Users/gorg/qmBoot/data/K=6_BC-Neumann_V_0.0_0.0_1.0_0.0_-2.0_0.0_0.0_0.0_1.0/e=1.1557788944723626_K=6_D=R+.out
DENSE computation
   mu      thetaP  thetaD  objP      objD      alphaP  alphaD  beta 
 0 1.0e+20 1.0e+00 1.0e+00 +0.00e+00 -1.45e+10 1.0e+00 9.0e-01 3.00e-01
 1 1.6e+19 8.6e-88 1.0e-01 +1.60e+10 -1.45e+09 9.0e-01 9.0e-01 3.00e-01
 2 2.5e+18 2.6e-87 1.0e-02 +2.46e+10 -1.45e+08 9.0e-01 9.0e-01 3.00e-01
 3 3.8e+17 1.7e-87 1.0e-03 +3.79e+10 -1.45e+07 9.0e-01 9.0e-01 3.00e-01
 4 5.8e+16 1.7e-87 1.0e-04 +5.84e+10 -1.45e+06 9.0e-01 9.0e-01 3.00e-01
 5 9.0e+15 4.3e-87 1.0e-05 +9.00e+10 -1.45e+05 9.0e-01 9.0e-01 3.00e-01
 6 1.4e+15 5.2e-87 1.0e-06 +1.39e+11 -1.45e+04 9.0e-01 9.0e-01 3.00e-01
 7 2.1e+14 6.0e-87 1.0e-07 +2.13e+11 -1.45e+03 9.0e-01 9.0e-01 3.00e-01
 8 3.3e+13 7.8e-87 1.0e-08 +3.29e+11 -1.45e+02 9.0e-01 9.0e-01 3.00e-01
 9 5.1e+12 7.8e-87 1.0e-09 +5.05e+11 -1.46e+01 9.0e-01 9.0e-01 3.00e-01
10 8.4e+11 8.6e-87 1.0e-10 +7.67e+11 -1.58e+00 9.0e-01 9.0e-01 3.00e-01
11 2.0e+11 1.0e-86 1.0e-11 +1.03e+12 -2.77e-01 1.5e+00 9.6e-01 3.00e-01
12 5.0e+10 1.1e-86 4.1e-13 +5.49e+11 -1.65e-01 1.1e+00 1.0e+00 3.00e-01
13 1.2e+10 9.5e-87 1.8e-94 +1.42e+11 -2.16e-01 9.7e-01 9.7e-01 1.00e-01
14 1.5e+09 1.0e-86 8.3e-94 +1.79e+10 -2.19e-01 9.9e-01 9.9e-01 1.00e-01
15 1.6e+08 9.5e-87 1.1e-93 +1.89e+09 -2.22e-01 1.0e+00 1.0e+00 1.00e-01
16 1.6e+07 8.6e-87 3.8e-93 +1.89e+08 -2.24e-01 1.0e+00 1.0e+00 1.00e-01
17 1.6e+06 8.6e-87 1.2e-92 +1.89e+07 -2.26e-01 1.0e+00 1.0e+00 1.00e-01
18 1.6e+05 7.8e-87 4.9e-92 +1.89e+06 -2.27e-01 1.0e+00 1.0e+00 1.00e-01
19 1.6e+04 7.8e-87 8.6e-92 +1.89e+05 -2.29e-01 1.0e+00 1.0e+00 1.00e-01
20 1.6e+03 7.8e-87 5.1e-91 +1.89e+04 -2.31e-01 1.0e+00 1.0e+00 1.00e-01
21 1.6e+02 1.0e-86 1.6e-90 +1.89e+03 -2.32e-01 1.0e+00 1.0e+00 1.00e-01
22 1.6e+01 1.2e-86 3.5e-90 +1.89e+02 -2.33e-01 1.0e+00 9.0e+01 1.00e-01
23 1.6e+00 1.4e-86 2.9e-87 +1.90e+01 -2.20e-01 9.9e-01 1.3e+01 1.00e-01
24 1.7e-01 1.6e-86 3.3e-86 +1.96e+00 -1.04e-01 9.5e-01 2.6e+00 1.00e-01
25 2.1e-02 1.5e-86 5.4e-86 +2.13e-01 -4.36e-02 9.3e-01 1.1e+00 1.00e-01
26 3.1e-03 1.4e-86 6.6e-87 +2.31e-02 -1.44e-02 8.9e-01 1.0e+00 1.00e-01
27 5.2e-04 1.4e-86 1.4e-88 +2.68e-03 -3.55e-03 8.9e-01 9.5e-01 1.00e-01
28 8.9e-05 1.4e-86 2.1e-89 +3.01e-04 -7.68e-04 8.8e-01 9.6e-01 1.00e-01
29 1.4e-05 1.4e-86 1.5e-89 +2.13e-05 -1.49e-04 1.0e+00 9.4e-01 1.00e-01
30 2.0e-06 1.4e-86 5.1e-90 -9.49e-06 -3.39e-05 1.0e+00 9.8e-01 1.00e-01
31 2.3e-07 1.4e-86 1.5e-89 -1.26e-05 -1.55e-05 1.0e+00 9.9e-01 1.00e-01
32 2.4e-08 1.4e-86 5.8e-86 -1.30e-05 -1.32e-05 1.0e+00 9.9e-01 1.00e-01
33 2.4e-09 1.4e-86 3.7e-88 -1.30e-05 -1.30e-05 1.0e+00 9.9e-01 1.00e-01
34 2.4e-10 1.4e-86 2.6e-90 -1.30e-05 -1.30e-05 1.0e+00 9.9e-01 1.00e-01
35 2.4e-11 1.4e-86 7.3e-91 -1.30e-05 -1.30e-05 1.0e+00 9.9e-01 1.00e-01
36 2.4e-12 1.4e-86 2.2e-91 -1.30e-05 -1.30e-05 1.0e+00 9.9e-01 1.00e-01
37 2.4e-13 1.4e-86 1.0e-90 -1.30e-05 -1.30e-05 1.0e+00 9.9e-01 1.00e-01
38 2.4e-14 1.4e-86 2.2e-91 -1.30e-05 -1.30e-05 1.0e+00 9.9e-01 1.00e-01
39 2.4e-15 1.4e-86 5.3e-90 -1.30e-05 -1.30e-05 1.0e+00 9.9e-01 1.00e-01
40 2.4e-16 1.4e-86 8.0e-90 -1.30e-05 -1.30e-05 1.0e+00 9.9e-01 1.00e-01
41 2.4e-17 1.4e-86 5.6e-90 -1.30e-05 -1.30e-05 1.0e+00 9.9e-01 1.00e-01
42 2.4e-18 1.4e-86 1.2e-89 -1.30e-05 -1.30e-05 1.0e+00 9.9e-01 1.00e-01
43 2.4e-19 1.4e-86 1.0e-90 -1.30e-05 -1.30e-05 1.0e+00 9.9e-01 1.00e-01
44 2.4e-20 1.4e-86 2.0e-89 -1.30e-05 -1.30e-05 1.0e+00 9.9e-01 1.00e-01
45 2.4e-21 1.4e-86 4.8e-80 -1.30e-05 -1.30e-05 1.0e+00 9.9e-01 1.00e-01
46 2.4e-22 1.4e-86 2.8e-80 -1.30e-05 -1.30e-05 1.0e+00 9.9e-01 1.00e-01
47 2.4e-23 1.4e-86 2.7e-80 -1.30e-05 -1.30e-05 1.0e+00 9.9e-01 1.00e-01
48 2.4e-24 1.4e-86 4.4e-81 -1.30e-05 -1.30e-05 1.0e+00 9.9e-01 1.00e-01
49 2.4e-25 1.4e-86 1.9e-81 -1.30e-05 -1.30e-05 1.0e+00 9.9e-01 1.00e-01
50 2.4e-26 1.4e-86 4.8e-82 -1.30e-05 -1.30e-05 1.0e+00 9.9e-01 1.00e-01
51 2.4e-27 1.4e-86 9.0e-83 -1.30e-05 -1.30e-05 1.0e+00 9.9e-01 1.00e-01
52 2.4e-28 1.4e-86 2.3e-82 -1.30e-05 -1.30e-05 1.0e+00 9.9e-01 1.00e-01
53 2.4e-29 1.4e-86 5.2e-81 -1.30e-05 -1.30e-05 1.0e+00 9.9e-01 1.00e-01
54 2.4e-30 1.4e-86 7.5e-80 -1.30e-05 -1.30e-05 1.0e+00 9.9e-01 1.00e-01
55 2.4e-31 1.4e-86 3.3e-79 -1.30e-05 -1.30e-05 1.0e+00 9.9e-01 1.00e-01
56 2.4e-32 1.4e-86 8.1e-78 -1.30e-05 -1.30e-05 1.0e+00 9.9e-01 1.00e-01

phase.value = pdOPT     
   Iteration = 56
          mu = 2.4468515583564046e-32
relative gap = 2.9362218700276855e-31
         gap = 2.9362218700276855e-31
      digits = 2.5645902118256025e+01
objValPrimal = -1.2992448001998022e-05
objValDual   = -1.2992448001998022e-05
p.feas.error = 1.4496299631407288e-76
d.feas.error = 9.7439121716730273e-67
relative eps = 8.6361685550944446e-78
total time   = 0.100


Parameters are
maxIteration =    200
epsilonStar  = 1.000e-30
lambdaStar   = 1.000e+10
omegaStar    = 2.000e+00
lowerBound   = -1.000e+05
upperBound   = 1.000e+05
betaStar     = 1.000e-01
betaBar      = 3.000e-01
gammaStar    = 9.000e-01
epsilonDash  = 1.000e-30
precision    =    200

                         Time(sec)  Ratio(% : MainLoop) 
 Predictor time  =       0.030000,  30.000000
 Corrector time  =       0.020000,  20.000000
 Make bMat time  =       0.020000,  20.000000
 Make bDia time  =       0.000000,  0.000000
 Make bF1  time  =       0.020000,  20.000000
 Make bF2  time  =       0.000000,  0.000000
 Make bF3  time  =       0.000000,  0.000000
 Make bPRE time  =       0.020000,  20.000000
 Make rMat time  =       0.000000,  0.000000
 Make gVec Mul   =       0.000000,  0.000000
 Make gVec time  =       0.000000,  0.000000
 Cholesky bMat   =       0.000000,  0.000000
 Ste Pre time    =       0.000000,  0.000000
 Ste Cor time    =       0.050000,  50.000000
 solve           =       0.000000,  0.000000
 sumDz           =       0.010000,  10.000000
 makedX          =       0.010000,  10.000000
 symmetriseDx    =       0.000000,  0.000000
 makedXdZ        =       0.020000,  20.000000
 xMatTime        =       0.000000,  0.000000
 zMatTime        =       0.000000,  0.000000
 invzMatTime     =       0.000000,  0.000000
 xMatzMatTime    =       0.000000,  0.000000
 EigxMatTime     =       0.020000,  20.000000
 EigzMatTime     =       0.030000,  30.000000
 EigxMatzMatTime =       0.000000,  0.000000
 updateRes       =       0.000000,  0.000000
 EigTime         =       0.050000,  50.000000
 sub_total_bMat  =       0.080000,  80.000000
 Main Loop       =       0.100000,  100.000000
 File Check      =       0.000000,  0.000000
 File Change     =       0.000000,  0.000000
 File Read       =       0.000000,  0.000000
 Total           =       0.100000,  100.000000

xVec = 
{+1.299244800200e-05,+5.825522651935e-01,+4.573389752052e-01,+3.917540225732e-01,+3.588810393433e-01,+3.511457659635e-01,+3.668396175667e-01,+4.077207154889e-01}
xMat = 
{
{ {+9.999870075520e-01,+5.825522651935e-01,+4.573389752052e-01,+3.917540225732e-01,+3.588810393433e-01,+3.511457659635e-01 },
  {+5.825522651935e-01,+4.573259827572e-01,+3.917540225732e-01,+3.588810393433e-01,+3.511457659635e-01,+3.668396175667e-01 },
  {+4.573389752052e-01,+3.917540225732e-01,+3.588680468953e-01,+3.511457659635e-01,+3.668396175667e-01,+4.077207154889e-01 },
  {+3.917540225732e-01,+3.588810393433e-01,+3.511457659635e-01,+3.668266251187e-01,+4.077207154889e-01,+4.788774360243e-01 },
  {+3.588810393433e-01,+3.511457659635e-01,+3.668396175667e-01,+4.077207154889e-01,+4.788644435763e-01,+5.899667131369e-01 },
  {+3.511457659635e-01,+3.668396175667e-01,+4.077207154889e-01,+4.788774360243e-01,+5.899667131369e-01,+7.597898966633e-01 }   }
{ {+5.825392727455e-01,+4.573389752052e-01,+3.917540225732e-01,+3.588810393433e-01,+3.511457659635e-01,+3.668396175667e-01 },
  {+4.573389752052e-01,+3.917410301252e-01,+3.588810393433e-01,+3.511457659635e-01,+3.668396175667e-01,+4.077207154889e-01 },
  {+3.917540225732e-01,+3.588810393433e-01,+3.511327735155e-01,+3.668396175667e-01,+4.077207154889e-01,+4.788774360243e-01 },
  {+3.588810393433e-01,+3.511457659635e-01,+3.668396175667e-01,+4.077077230409e-01,+4.788774360243e-01,+5.899667131369e-01 },
  {+3.511457659635e-01,+3.668396175667e-01,+4.077207154889e-01,+4.788774360243e-01,+5.899537206889e-01,+7.598028891113e-01 },
  {+3.668396175667e-01,+4.077207154889e-01,+4.788774360243e-01,+5.899667131369e-01,+7.598028891113e-01,+1.055406691511e+00 }   }
}
yMat = 
{
{ {+1.486644718150e-05,-3.632682644034e-04,+1.424441841106e-03,-2.001197542671e-03,+1.108944815478e-03,-1.956405655051e-04 },
  {-3.632682644034e-04,+8.876621987189e-03,-3.480687140948e-02,+4.890015409729e-02,-2.709756093838e-02,+4.780564435488e-03 },
  {+1.424441841106e-03,-3.480687140948e-02,+1.364841601980e-01,-1.917465200191e-01,+1.062545324622e-01,-1.874547455225e-02 },
  {-2.001197542671e-03,+4.890015409729e-02,-1.917465200191e-01,+2.693845782990e-01,-1.492769329887e-01,+2.633550667188e-02 },
  {+1.108944815478e-03,-2.709756093838e-02,+1.062545324622e-01,-1.492769329887e-01,+8.272040984383e-02,-1.459357357984e-02 },
  {-1.956405655051e-04,+4.780564435488e-03,-1.874547455225e-02,+2.633550667188e-02,-1.459357357984e-02,+2.574605109335e-03 }   }
{ {+7.167323019328e-04,-5.812919803088e-03,+1.315488444811e-02,-1.165618044222e-02,+3.878576530944e-03,-2.488618944618e-04 },
  {-5.812919803088e-03,+4.714457063818e-02,-1.066901660628e-01,+9.453521480504e-02,-3.145645070513e-02,+2.018346641626e-03 },
  {+1.315488444811e-02,-1.066901660628e-01,+2.414443780146e-01,-2.139372069742e-01,+7.118728422053e-02,-4.567604189674e-03 },
  {-1.165618044222e-02,+9.453521480504e-02,-2.139372069742e-01,+1.895638610610e-01,-6.307708998425e-02,+4.047228148105e-03 },
  {+3.878576530944e-03,-3.145645070513e-02,+7.118728422053e-02,-6.307708998425e-02,+2.098880693088e-02,-1.346709086088e-03 },
  {-2.488618944618e-04,+2.018346641626e-03,-4.567604189674e-03,+4.047228148105e-03,-1.346709086088e-03,+8.640916887392e-05 }   }
}
    main loop time = 0.100000
        total time = 0.100000
  file   read time = 0.000000
