SDPA-GMP start at Wed Jun  5 23:35:12 2024
*SDP Scan Problem: V = x^2 - 2*x^4 + x^8
* K = 6; eval = 1.0552763819095485; Domain = R+ with BCs: Neumann
data      is /Users/gorg/qmBoot/data/K=6_BC-Neumann_V_0.0_0.0_1.0_0.0_-2.0_0.0_0.0_0.0_1.0/e=1.0552763819095485_K=6_D=R+.dat
parameter is ./param.sdpa
out       is /Users/gorg/qmBoot/data/K=6_BC-Neumann_V_0.0_0.0_1.0_0.0_-2.0_0.0_0.0_0.0_1.0/e=1.0552763819095485_K=6_D=R+.out
DENSE computation
   mu      thetaP  thetaD  objP      objD      alphaP  alphaD  beta 
 0 1.0e+20 1.0e+00 1.0e+00 +0.00e+00 -1.43e+10 1.0e+00 9.0e-01 3.00e-01
 1 1.6e+19 8.6e-88 1.0e-01 +1.60e+10 -1.43e+09 9.0e-01 9.0e-01 3.00e-01
 2 2.5e+18 8.6e-88 1.0e-02 +2.46e+10 -1.43e+08 9.0e-01 9.0e-01 3.00e-01
 3 3.8e+17 2.6e-87 1.0e-03 +3.79e+10 -1.43e+07 9.0e-01 9.0e-01 3.00e-01
 4 5.8e+16 3.5e-87 1.0e-04 +5.84e+10 -1.43e+06 9.0e-01 9.0e-01 3.00e-01
 5 9.0e+15 3.5e-87 1.0e-05 +9.00e+10 -1.43e+05 9.0e-01 9.0e-01 3.00e-01
 6 1.4e+15 3.5e-87 1.0e-06 +1.39e+11 -1.43e+04 9.0e-01 9.0e-01 3.00e-01
 7 2.1e+14 7.8e-87 1.0e-07 +2.13e+11 -1.43e+03 9.0e-01 9.0e-01 3.00e-01
 8 3.3e+13 7.8e-87 1.0e-08 +3.29e+11 -1.43e+02 9.0e-01 9.0e-01 3.00e-01
 9 5.1e+12 7.8e-87 1.0e-09 +5.05e+11 -1.44e+01 9.0e-01 9.0e-01 3.00e-01
10 8.4e+11 9.5e-87 1.0e-10 +7.67e+11 -1.56e+00 9.0e-01 9.0e-01 3.00e-01
11 2.0e+11 9.5e-87 1.0e-11 +1.03e+12 -2.74e-01 1.5e+00 9.6e-01 3.00e-01
12 4.9e+10 7.8e-87 3.9e-13 +5.49e+11 -1.64e-01 1.1e+00 1.0e+00 3.00e-01
13 1.2e+10 6.9e-87 1.9e-94 +1.41e+11 -2.13e-01 9.7e-01 9.7e-01 1.00e-01
14 1.5e+09 6.9e-87 6.3e-94 +1.77e+10 -2.16e-01 9.9e-01 9.9e-01 1.00e-01
15 1.6e+08 6.0e-87 1.3e-93 +1.88e+09 -2.18e-01 1.0e+00 1.0e+00 1.00e-01
16 1.6e+07 7.8e-87 4.6e-93 +1.88e+08 -2.21e-01 1.0e+00 1.0e+00 1.00e-01
17 1.6e+06 9.5e-87 1.5e-92 +1.88e+07 -2.23e-01 1.0e+00 1.0e+00 1.00e-01
18 1.6e+05 1.0e-86 3.8e-92 +1.88e+06 -2.24e-01 1.0e+00 1.0e+00 1.00e-01
19 1.6e+04 1.0e-86 1.3e-91 +1.88e+05 -2.26e-01 1.0e+00 1.0e+00 1.00e-01
20 1.6e+03 1.2e-86 4.9e-91 +1.88e+04 -2.27e-01 1.0e+00 1.0e+00 1.00e-01
21 1.6e+02 1.4e-86 1.2e-90 +1.88e+03 -2.29e-01 1.0e+00 1.0e+00 1.00e-01
22 1.6e+01 1.5e-86 2.8e-90 +1.88e+02 -2.30e-01 1.0e+00 9.0e+01 1.00e-01
23 1.6e+00 1.6e-86 2.2e-87 +1.89e+01 -2.18e-01 9.9e-01 1.3e+01 1.00e-01
24 1.7e-01 1.8e-86 2.5e-86 +1.95e+00 -1.03e-01 9.5e-01 2.7e+00 1.00e-01
25 2.1e-02 1.6e-86 4.3e-86 +2.11e-01 -4.25e-02 9.3e-01 1.1e+00 1.00e-01
26 3.1e-03 1.5e-86 5.9e-87 +2.29e-02 -1.40e-02 8.9e-01 1.0e+00 1.00e-01
27 5.1e-04 1.5e-86 1.5e-88 +2.63e-03 -3.51e-03 8.9e-01 9.5e-01 1.00e-01
28 8.7e-05 1.5e-86 2.2e-89 +2.94e-04 -7.55e-04 8.8e-01 9.6e-01 1.00e-01
29 1.4e-05 1.5e-86 9.0e-90 +2.08e-05 -1.46e-04 1.0e+00 9.4e-01 1.00e-01
30 2.0e-06 1.5e-86 3.0e-90 -9.42e-06 -3.31e-05 1.0e+00 9.8e-01 1.00e-01
31 2.3e-07 1.5e-86 1.5e-89 -1.25e-05 -1.52e-05 1.0e+00 9.9e-01 1.00e-01
32 2.3e-08 1.5e-86 1.0e-85 -1.28e-05 -1.31e-05 1.0e+00 9.9e-01 1.00e-01
33 2.3e-09 1.5e-86 6.3e-88 -1.28e-05 -1.29e-05 1.0e+00 9.9e-01 1.00e-01
34 2.3e-10 1.5e-86 4.9e-89 -1.28e-05 -1.28e-05 1.0e+00 9.9e-01 1.00e-01
35 2.4e-11 1.5e-86 3.4e-89 -1.28e-05 -1.28e-05 1.0e+00 9.9e-01 1.00e-01
36 2.4e-12 1.5e-86 1.9e-91 -1.28e-05 -1.28e-05 1.0e+00 9.9e-01 1.00e-01
37 2.4e-13 1.5e-86 1.3e-89 -1.28e-05 -1.28e-05 1.0e+00 9.9e-01 1.00e-01
38 2.4e-14 1.5e-86 2.5e-89 -1.28e-05 -1.28e-05 1.0e+00 9.9e-01 1.00e-01
39 2.4e-15 1.5e-86 9.5e-90 -1.28e-05 -1.28e-05 1.0e+00 9.9e-01 1.00e-01
40 2.4e-16 1.5e-86 1.3e-89 -1.28e-05 -1.28e-05 1.0e+00 9.9e-01 1.00e-01
41 2.4e-17 1.5e-86 5.7e-90 -1.28e-05 -1.28e-05 1.0e+00 9.9e-01 1.00e-01
42 2.4e-18 1.5e-86 2.7e-90 -1.28e-05 -1.28e-05 1.0e+00 9.9e-01 1.00e-01
43 2.4e-19 1.5e-86 2.1e-90 -1.28e-05 -1.28e-05 1.0e+00 9.9e-01 1.00e-01
44 2.4e-20 1.5e-86 4.2e-90 -1.28e-05 -1.28e-05 1.0e+00 9.9e-01 1.00e-01
45 2.4e-21 1.5e-86 4.7e-80 -1.28e-05 -1.28e-05 1.0e+00 9.9e-01 1.00e-01
46 2.4e-22 1.5e-86 1.6e-80 -1.28e-05 -1.28e-05 1.0e+00 9.9e-01 1.00e-01
47 2.4e-23 1.5e-86 1.2e-80 -1.28e-05 -1.28e-05 1.0e+00 9.9e-01 1.00e-01
48 2.4e-24 1.5e-86 3.8e-81 -1.28e-05 -1.28e-05 1.0e+00 9.9e-01 1.00e-01
49 2.4e-25 1.5e-86 8.8e-82 -1.28e-05 -1.28e-05 1.0e+00 9.9e-01 1.00e-01
50 2.4e-26 1.5e-86 2.7e-82 -1.28e-05 -1.28e-05 1.0e+00 9.9e-01 1.00e-01
51 2.4e-27 1.5e-86 1.4e-82 -1.28e-05 -1.28e-05 1.0e+00 9.9e-01 1.00e-01
52 2.4e-28 1.5e-86 1.0e-81 -1.28e-05 -1.28e-05 1.0e+00 9.9e-01 1.00e-01
53 2.4e-29 1.5e-86 1.2e-80 -1.28e-05 -1.28e-05 1.0e+00 9.9e-01 1.00e-01
54 2.4e-30 1.5e-86 8.6e-80 -1.28e-05 -1.28e-05 1.0e+00 9.9e-01 1.00e-01
55 2.4e-31 1.5e-86 3.5e-79 -1.28e-05 -1.28e-05 1.0e+00 9.9e-01 1.00e-01
56 2.4e-32 1.5e-86 7.9e-78 -1.28e-05 -1.28e-05 1.0e+00 9.9e-01 1.00e-01

phase.value = pdOPT     
   Iteration = 56
          mu = 2.3509082914504046e-32
relative gap = 2.8210899497404856e-31
         gap = 2.8210899497404856e-31
      digits = 2.5658120561436238e+01
objValPrimal = -1.2839186138893777e-05
objValDual   = -1.2839186138893777e-05
p.feas.error = 1.5153798977066070e-76
d.feas.error = 9.5186273384319918e-67
relative eps = 8.6361685550944446e-78
total time   = 0.110


Parameters are
maxIteration =    200
epsilonStar  = 1.000e-30
lambdaStar   = 1.000e+10
omegaStar    = 2.000e+00
lowerBound   = -1.000e+05
upperBound   = 1.000e+05
betaStar     = 1.000e-01
betaBar      = 3.000e-01
gammaStar    = 9.000e-01
epsilonDash  = 1.000e-30
precision    =    200

                         Time(sec)  Ratio(% : MainLoop) 
 Predictor time  =       0.020000,  18.181818
 Corrector time  =       0.020000,  18.181818
 Make bMat time  =       0.010000,  9.090909
 Make bDia time  =       0.000000,  0.000000
 Make bF1  time  =       0.010000,  9.090909
 Make bF2  time  =       0.000000,  0.000000
 Make bF3  time  =       0.000000,  0.000000
 Make bPRE time  =       0.010000,  9.090909
 Make rMat time  =       0.000000,  0.000000
 Make gVec Mul   =       0.000000,  0.000000
 Make gVec time  =       0.000000,  0.000000
 Cholesky bMat   =       0.000000,  0.000000
 Ste Pre time    =       0.000000,  0.000000
 Ste Cor time    =       0.060000,  54.545455
 solve           =       0.000000,  0.000000
 sumDz           =       0.000000,  0.000000
 makedX          =       0.030000,  27.272727
 symmetriseDx    =       0.000000,  0.000000
 makedXdZ        =       0.030000,  27.272727
 xMatTime        =       0.000000,  0.000000
 zMatTime        =       0.010000,  9.090909
 invzMatTime     =       0.000000,  0.000000
 xMatzMatTime    =       0.000000,  0.000000
 EigxMatTime     =       0.040000,  36.363636
 EigzMatTime     =       0.020000,  18.181818
 EigxMatzMatTime =       0.000000,  0.000000
 updateRes       =       0.000000,  0.000000
 EigTime         =       0.060000,  54.545455
 sub_total_bMat  =       0.100000,  90.909091
 Main Loop       =       0.110000,  100.000000
 File Check      =       0.000000,  0.000000
 File Change     =       0.000000,  0.000000
 File Read       =       0.000000,  0.000000
 Total           =       0.110000,  100.000000

xVec = 
{+1.283918613889e-05,+6.018417065413e-01,+4.702830285549e-01,+3.970865404673e-01,+3.569079054933e-01,+3.422606983845e-01,+3.513507940190e-01,+3.859189188919e-01}
xMat = 
{
{ {+9.999871608139e-01,+6.018417065413e-01,+4.702830285549e-01,+3.970865404673e-01,+3.569079054933e-01,+3.422606983845e-01 },
  {+6.018417065413e-01,+4.702701893687e-01,+3.970865404673e-01,+3.569079054933e-01,+3.422606983845e-01,+3.513507940190e-01 },
  {+4.702830285549e-01,+3.970865404673e-01,+3.568950663072e-01,+3.422606983845e-01,+3.513507940190e-01,+3.859189188919e-01 },
  {+3.970865404673e-01,+3.569079054933e-01,+3.422606983845e-01,+3.513379548328e-01,+3.859189188919e-01,+4.512315515520e-01 },
  {+3.569079054933e-01,+3.422606983845e-01,+3.513507940190e-01,+3.859189188919e-01,+4.512187123658e-01,+5.575051173135e-01 },
  {+3.422606983845e-01,+3.513507940190e-01,+3.859189188919e-01,+4.512315515520e-01,+5.575051173135e-01,+7.249460232077e-01 }   }
{ {+6.018288673551e-01,+4.702830285549e-01,+3.970865404673e-01,+3.569079054933e-01,+3.422606983845e-01,+3.513507940190e-01 },
  {+4.702830285549e-01,+3.970737012811e-01,+3.569079054933e-01,+3.422606983845e-01,+3.513507940190e-01,+3.859189188919e-01 },
  {+3.970865404673e-01,+3.569079054933e-01,+3.422478591984e-01,+3.513507940190e-01,+3.859189188919e-01,+4.512315515520e-01 },
  {+3.569079054933e-01,+3.422606983845e-01,+3.513507940190e-01,+3.859060797058e-01,+4.512315515520e-01,+5.575051173135e-01 },
  {+3.422606983845e-01,+3.513507940190e-01,+3.859189188919e-01,+4.512315515520e-01,+5.574922781273e-01,+7.249588623939e-01 },
  {+3.513507940190e-01,+3.859189188919e-01,+4.512315515520e-01,+5.575051173135e-01,+7.249588623939e-01,+1.025851906432e+00 }   }
}
yMat = 
{
{ {+1.670504072078e-05,-3.973850599975e-04,+1.528924855788e-03,-2.116608105667e-03,+1.156324002424e-03,-2.009986045392e-04 },
  {-3.973850599975e-04,+9.453127864145e-03,-3.637057255378e-02,+5.035057699774e-02,-2.750701963321e-02,+4.781421599582e-03 },
  {+1.528924855788e-03,-3.637057255378e-02,+1.399344816764e-01,-1.937220505360e-01,+1.058322777059e-01,-1.839634919754e-02 },
  {-2.116608105667e-03,+5.035057699774e-02,-1.937220505360e-01,+2.681843132178e-01,-1.465117503883e-01,+2.546747911044e-02 },
  {+1.156324002424e-03,-2.750701963321e-02,+1.058322777059e-01,-1.465117503883e-01,+8.004082246383e-02,-1.391313644590e-02 },
  {-2.009986045392e-04,+4.781421599582e-03,-1.839634919754e-02,+2.546747911044e-02,-1.391313644590e-02,+2.418457979360e-03 }   }
{ {+7.849028174068e-04,-6.211235503334e-03,+1.383451657069e-02,-1.208525293293e-02,+3.963374100788e-03,-2.505294755106e-04 },
  {-6.211235503334e-03,+4.915187666842e-02,-1.094778087040e-01,+9.563521804111e-02,-3.136369163401e-02,+1.982535338660e-03 },
  {+1.383451657069e-02,-1.094778087040e-01,+2.438440078187e-01,-2.130118891839e-01,+6.985752051999e-02,-4.415774925931e-03 },
  {-1.208525293293e-02,+9.563521804111e-02,-2.130118891839e-01,+1.860782446105e-01,-6.102459745793e-02,+3.857435610568e-03 },
  {+3.963374100788e-03,-3.136369163401e-02,+6.985752051999e-02,-6.102459745793e-02,+2.001309450601e-02,-1.265050924398e-03 },
  {-2.505294755106e-04,+1.982535338660e-03,-4.415774925931e-03,+3.857435610568e-03,-1.265050924398e-03,+7.996533673683e-05 }   }
}
    main loop time = 0.110000
        total time = 0.110000
  file   read time = 0.000000
