SDPA-GMP start at Wed Jun  5 23:35:12 2024
*SDP Scan Problem: V = x^2 - 2*x^4 + x^8
* K = 6; eval = 1.3567839195979907; Domain = R+ with BCs: Neumann
data      is /Users/gorg/qmBoot/data/K=6_BC-Neumann_V_0.0_0.0_1.0_0.0_-2.0_0.0_0.0_0.0_1.0/e=1.3567839195979907_K=6_D=R+.dat
parameter is ./param.sdpa
out       is /Users/gorg/qmBoot/data/K=6_BC-Neumann_V_0.0_0.0_1.0_0.0_-2.0_0.0_0.0_0.0_1.0/e=1.3567839195979907_K=6_D=R+.out
DENSE computation
   mu      thetaP  thetaD  objP      objD      alphaP  alphaD  beta 
 0 1.0e+20 1.0e+00 1.0e+00 +0.00e+00 -1.49e+10 1.0e+00 9.0e-01 3.00e-01
 1 1.6e+19 8.6e-88 1.0e-01 +1.60e+10 -1.49e+09 9.0e-01 9.0e-01 3.00e-01
 2 2.5e+18 1.7e-87 1.0e-02 +2.46e+10 -1.49e+08 9.0e-01 9.0e-01 3.00e-01
 3 3.8e+17 1.7e-87 1.0e-03 +3.79e+10 -1.49e+07 9.0e-01 9.0e-01 3.00e-01
 4 5.8e+16 1.7e-87 1.0e-04 +5.84e+10 -1.49e+06 9.0e-01 9.0e-01 3.00e-01
 5 9.0e+15 2.6e-87 1.0e-05 +9.00e+10 -1.49e+05 9.0e-01 9.0e-01 3.00e-01
 6 1.4e+15 2.6e-87 1.0e-06 +1.39e+11 -1.49e+04 9.0e-01 9.0e-01 3.00e-01
 7 2.1e+14 4.3e-87 1.0e-07 +2.13e+11 -1.49e+03 9.0e-01 9.0e-01 3.00e-01
 8 3.3e+13 5.2e-87 1.0e-08 +3.29e+11 -1.49e+02 9.0e-01 9.0e-01 3.00e-01
 9 5.1e+12 6.0e-87 1.0e-09 +5.05e+11 -1.50e+01 9.0e-01 9.0e-01 3.00e-01
10 8.4e+11 7.8e-87 1.0e-10 +7.67e+11 -1.62e+00 9.0e-01 9.0e-01 3.00e-01
11 2.0e+11 9.5e-87 1.0e-11 +1.03e+12 -2.84e-01 1.5e+00 9.6e-01 3.00e-01
12 5.0e+10 8.6e-87 4.5e-13 +5.47e+11 -1.68e-01 1.1e+00 1.0e+00 3.00e-01
13 1.2e+10 5.2e-87 2.0e-94 +1.44e+11 -2.23e-01 9.7e-01 9.7e-01 1.00e-01
14 1.5e+09 6.0e-87 8.2e-94 +1.81e+10 -2.25e-01 9.9e-01 9.9e-01 1.00e-01
15 1.6e+08 5.2e-87 1.3e-93 +1.91e+09 -2.28e-01 1.0e+00 1.0e+00 1.00e-01
16 1.6e+07 6.9e-87 9.3e-93 +1.91e+08 -2.30e-01 1.0e+00 1.0e+00 1.00e-01
17 1.6e+06 7.8e-87 1.9e-92 +1.91e+07 -2.32e-01 1.0e+00 1.0e+00 1.00e-01
18 1.6e+05 7.8e-87 7.2e-92 +1.91e+06 -2.34e-01 1.0e+00 1.0e+00 1.00e-01
19 1.6e+04 1.0e-86 2.5e-91 +1.91e+05 -2.35e-01 1.0e+00 1.0e+00 1.00e-01
20 1.6e+03 1.1e-86 8.5e-91 +1.91e+04 -2.37e-01 1.0e+00 1.0e+00 1.00e-01
21 1.6e+02 1.1e-86 2.5e-90 +1.91e+03 -2.38e-01 1.0e+00 1.0e+00 1.00e-01
22 1.6e+01 1.3e-86 9.8e-90 +1.91e+02 -2.39e-01 1.0e+00 9.0e+01 1.00e-01
23 1.6e+00 1.5e-86 1.5e-87 +1.92e+01 -2.23e-01 9.9e-01 1.3e+01 1.00e-01
24 1.7e-01 1.6e-86 1.7e-86 +1.98e+00 -1.05e-01 9.5e-01 2.5e+00 1.00e-01
25 2.2e-02 1.6e-86 2.6e-86 +2.15e-01 -4.52e-02 9.2e-01 1.1e+00 1.00e-01
26 3.3e-03 1.6e-86 2.6e-87 +2.36e-02 -1.55e-02 8.9e-01 9.9e-01 1.00e-01
27 5.5e-04 1.6e-86 8.7e-89 +2.73e-03 -3.92e-03 8.9e-01 9.5e-01 1.00e-01
28 9.2e-05 1.6e-86 1.8e-89 +3.04e-04 -8.04e-04 8.8e-01 9.6e-01 1.00e-01
29 1.4e-05 1.6e-86 1.6e-89 +2.10e-05 -1.52e-04 1.0e+00 9.4e-01 1.00e-01
30 2.1e-06 1.6e-86 8.3e-90 -1.01e-05 -3.49e-05 1.0e+00 9.8e-01 1.00e-01
31 2.4e-07 1.6e-86 4.6e-89 -1.34e-05 -1.63e-05 1.0e+00 9.9e-01 1.00e-01
32 2.5e-08 1.6e-86 6.0e-86 -1.37e-05 -1.40e-05 1.0e+00 9.9e-01 1.00e-01
33 2.5e-09 1.6e-86 4.1e-88 -1.37e-05 -1.37e-05 1.0e+00 9.9e-01 1.00e-01
34 2.6e-10 1.6e-86 9.3e-89 -1.37e-05 -1.37e-05 1.0e+00 9.9e-01 1.00e-01
35 2.6e-11 1.6e-86 1.4e-88 -1.37e-05 -1.37e-05 1.0e+00 9.9e-01 1.00e-01
36 2.6e-12 1.6e-86 2.9e-88 -1.37e-05 -1.37e-05 1.0e+00 9.9e-01 1.00e-01
37 2.6e-13 1.6e-86 5.1e-88 -1.37e-05 -1.37e-05 1.0e+00 9.9e-01 1.00e-01
38 2.6e-14 1.6e-86 5.8e-88 -1.37e-05 -1.37e-05 1.0e+00 9.9e-01 1.00e-01
39 2.6e-15 1.6e-86 5.3e-88 -1.37e-05 -1.37e-05 1.0e+00 9.9e-01 1.00e-01
40 2.6e-16 1.6e-86 5.3e-88 -1.37e-05 -1.37e-05 1.0e+00 9.9e-01 1.00e-01
41 2.6e-17 1.6e-86 6.1e-88 -1.37e-05 -1.37e-05 1.0e+00 9.9e-01 1.00e-01
42 2.6e-18 1.6e-86 6.4e-88 -1.37e-05 -1.37e-05 1.0e+00 9.9e-01 1.00e-01
43 2.6e-19 1.6e-86 6.2e-88 -1.37e-05 -1.37e-05 1.0e+00 9.9e-01 1.00e-01
44 2.6e-20 1.6e-86 5.4e-88 -1.37e-05 -1.37e-05 1.0e+00 9.9e-01 1.00e-01
45 2.6e-21 1.6e-86 1.0e-79 -1.37e-05 -1.37e-05 1.0e+00 9.9e-01 1.00e-01
46 2.6e-22 1.6e-86 6.8e-80 -1.37e-05 -1.37e-05 1.0e+00 9.9e-01 1.00e-01
47 2.6e-23 1.6e-86 3.1e-80 -1.37e-05 -1.37e-05 1.0e+00 9.9e-01 1.00e-01
48 2.6e-24 1.6e-86 8.2e-81 -1.37e-05 -1.37e-05 1.0e+00 9.9e-01 1.00e-01
49 2.6e-25 1.6e-86 2.4e-81 -1.37e-05 -1.37e-05 1.0e+00 9.9e-01 1.00e-01
50 2.6e-26 1.6e-86 1.0e-81 -1.37e-05 -1.37e-05 1.0e+00 9.9e-01 1.00e-01
51 2.6e-27 1.6e-86 2.3e-82 -1.37e-05 -1.37e-05 1.0e+00 9.9e-01 1.00e-01
52 2.6e-28 1.6e-86 1.3e-81 -1.37e-05 -1.37e-05 1.0e+00 9.9e-01 1.00e-01
53 2.6e-29 1.6e-86 5.8e-81 -1.37e-05 -1.37e-05 1.0e+00 9.9e-01 1.00e-01
54 2.6e-30 1.6e-86 7.9e-80 -1.37e-05 -1.37e-05 1.0e+00 9.9e-01 1.00e-01
55 2.6e-31 1.6e-86 1.1e-78 -1.37e-05 -1.37e-05 1.0e+00 9.9e-01 1.00e-01
56 2.6e-32 1.6e-86 9.4e-78 -1.37e-05 -1.37e-05 1.0e+00 9.9e-01 1.00e-01

phase.value = pdOPT     
   Iteration = 56
          mu = 2.5529038644083125e-32
relative gap = 3.0634846372899749e-31
         gap = 3.0634846372899749e-31
      digits = 2.5651100643593054e+01
objValPrimal = -1.3718807126559319e-05
objValDual   = -1.3718807126559319e-05
p.feas.error = 1.5849721757992937e-76
d.feas.error = 1.1244624743095382e-66
relative eps = 8.6361685550944446e-78
total time   = 0.110


Parameters are
maxIteration =    200
epsilonStar  = 1.000e-30
lambdaStar   = 1.000e+10
omegaStar    = 2.000e+00
lowerBound   = -1.000e+05
upperBound   = 1.000e+05
betaStar     = 1.000e-01
betaBar      = 3.000e-01
gammaStar    = 9.000e-01
epsilonDash  = 1.000e-30
precision    =    200

                         Time(sec)  Ratio(% : MainLoop) 
 Predictor time  =       0.050000,  45.454545
 Corrector time  =       0.010000,  9.090909
 Make bMat time  =       0.040000,  36.363636
 Make bDia time  =       0.000000,  0.000000
 Make bF1  time  =       0.030000,  27.272727
 Make bF2  time  =       0.010000,  9.090909
 Make bF3  time  =       0.000000,  0.000000
 Make bPRE time  =       0.030000,  27.272727
 Make rMat time  =       0.000000,  0.000000
 Make gVec Mul   =       0.000000,  0.000000
 Make gVec time  =       0.000000,  0.000000
 Cholesky bMat   =       0.000000,  0.000000
 Ste Pre time    =       0.000000,  0.000000
 Ste Cor time    =       0.050000,  45.454545
 solve           =       0.000000,  0.000000
 sumDz           =       0.000000,  0.000000
 makedX          =       0.020000,  18.181818
 symmetriseDx    =       0.000000,  0.000000
 makedXdZ        =       0.020000,  18.181818
 xMatTime        =       0.000000,  0.000000
 zMatTime        =       0.000000,  0.000000
 invzMatTime     =       0.000000,  0.000000
 xMatzMatTime    =       0.000000,  0.000000
 EigxMatTime     =       0.030000,  27.272727
 EigzMatTime     =       0.020000,  18.181818
 EigxMatzMatTime =       0.000000,  0.000000
 updateRes       =       0.000000,  0.000000
 EigTime         =       0.050000,  45.454545
 sub_total_bMat  =       0.070000,  63.636364
 Main Loop       =       0.110000,  100.000000
 File Check      =       0.000000,  0.000000
 File Change     =       0.000000,  0.000000
 File Read       =       0.000000,  0.000000
 Total           =       0.110000,  100.000000

xVec = 
{+1.371880712656e-05,+5.580218298218e-01,+4.445671656522e-01,+3.937502512752e-01,+3.750706804181e-01,+3.805689572387e-01,+4.086955883025e-01,+4.613636000600e-01}
xMat = 
{
{ {+9.999862811929e-01,+5.580218298218e-01,+4.445671656522e-01,+3.937502512752e-01,+3.750706804181e-01,+3.805689572387e-01 },
  {+5.580218298218e-01,+4.445534468451e-01,+3.937502512752e-01,+3.750706804181e-01,+3.805689572387e-01,+4.086955883025e-01 },
  {+4.445671656522e-01,+3.937502512752e-01,+3.750569616110e-01,+3.805689572387e-01,+4.086955883025e-01,+4.613636000600e-01 },
  {+3.937502512752e-01,+3.750706804181e-01,+3.805689572387e-01,+4.086818694954e-01,+4.613636000600e-01,+5.436147341604e-01 },
  {+3.750706804181e-01,+3.805689572387e-01,+4.086955883025e-01,+4.613636000600e-01,+5.436010153533e-01,+6.646913200203e-01 },
  {+3.805689572387e-01,+4.086955883025e-01,+4.613636000600e-01,+5.436147341604e-01,+6.646913200203e-01,+8.423031249025e-01 }   }
{ {+5.580081110146e-01,+4.445671656522e-01,+3.937502512752e-01,+3.750706804181e-01,+3.805689572387e-01,+4.086955883025e-01 },
  {+4.445671656522e-01,+3.937365324680e-01,+3.750706804181e-01,+3.805689572387e-01,+4.086955883025e-01,+4.613636000600e-01 },
  {+3.937502512752e-01,+3.750706804181e-01,+3.805552384316e-01,+4.086955883025e-01,+4.613636000600e-01,+5.436147341604e-01 },
  {+3.750706804181e-01,+3.805689572387e-01,+4.086955883025e-01,+4.613498812529e-01,+5.436147341604e-01,+6.646913200203e-01 },
  {+3.805689572387e-01,+4.086955883025e-01,+4.613636000600e-01,+5.436147341604e-01,+6.646776012131e-01,+8.423168437097e-01 },
  {+4.086955883025e-01,+4.613636000600e-01,+5.436147341604e-01,+6.646913200203e-01,+8.423168437097e-01,+1.139809460009e+00 }   }
}
yMat = 
{
{ {+1.451570927495e-05,-3.485135652025e-04,+1.389527152586e-03,-1.980401686155e-03,+1.115477845252e-03,-2.006859781766e-04 },
  {-3.485135652025e-04,+8.367603871741e-03,-3.336172230515e-02,+4.754826919591e-02,-2.678196107330e-02,+4.818351236972e-03 },
  {+1.389527152586e-03,-3.336172230515e-02,+1.330135283919e-01,-1.895754360889e-01,+1.067799529961e-01,-1.921081571266e-02 },
  {-1.980401686155e-03,+4.754826919591e-02,-1.895754360889e-01,+2.701894040613e-01,-1.521864459918e-01,+2.737991248244e-02 },
  {+1.115477845252e-03,-2.678196107330e-02,+1.067799529961e-01,-1.521864459918e-01,+8.572029100879e-02,-1.542196514607e-02 },
  {-2.006859781766e-04,+4.818351236972e-03,-1.921081571266e-02,+2.737991248244e-02,-1.542196514607e-02,+2.774570713276e-03 }   }
{ {+6.706643388111e-04,-5.508186815883e-03,+1.265040807270e-02,-1.138182696882e-02,+3.852949516649e-03,-2.542280728851e-04 },
  {-5.508186815883e-03,+4.523890751737e-02,-1.038981900918e-01,+9.347929451785e-02,-3.164439273377e-02,+2.087982971893e-03 },
  {+1.265040807270e-02,-1.038981900918e-01,+2.386183596545e-01,-2.146897448338e-01,+7.267627164363e-02,-4.795377776063e-03 },
  {-1.138182696882e-02,+9.347929451785e-02,-2.146897448338e-01,+1.931606880692e-01,-6.538830556557e-02,+4.314497981696e-03 },
  {+3.852949516649e-03,-3.164439273377e-02,+7.267627164363e-02,-6.538830556557e-02,+2.213509667766e-02,-1.460533792922e-03 },
  {-2.542280728851e-04,+2.087982971893e-03,-4.795377776063e-03,+4.314497981696e-03,-1.460533792922e-03,+9.636998615051e-05 }   }
}
    main loop time = 0.110000
        total time = 0.110000
  file   read time = 0.000000
