SDPA-GMP start at Wed Jun  5 23:35:12 2024
*SDP Scan Problem: V = x^2 - 2*x^4 + x^8
* K = 6; eval = 1.959798994974875; Domain = R+ with BCs: Neumann
data      is /Users/gorg/qmBoot/data/K=6_BC-Neumann_V_0.0_0.0_1.0_0.0_-2.0_0.0_0.0_0.0_1.0/e=1.959798994974875_K=6_D=R+.dat
parameter is ./param.sdpa
out       is /Users/gorg/qmBoot/data/K=6_BC-Neumann_V_0.0_0.0_1.0_0.0_-2.0_0.0_0.0_0.0_1.0/e=1.959798994974875_K=6_D=R+.out
DENSE computation
   mu      thetaP  thetaD  objP      objD      alphaP  alphaD  beta 
 0 1.0e+20 1.0e+00 1.0e+00 +0.00e+00 -1.61e+10 1.0e+00 9.0e-01 3.00e-01
 1 1.6e+19 8.6e-88 1.0e-01 +1.60e+10 -1.61e+09 9.0e-01 9.0e-01 3.00e-01
 2 2.5e+18 1.7e-87 1.0e-02 +2.46e+10 -1.61e+08 9.0e-01 9.0e-01 3.00e-01
 3 3.8e+17 1.7e-87 1.0e-03 +3.79e+10 -1.61e+07 9.0e-01 9.0e-01 3.00e-01
 4 5.8e+16 2.6e-87 1.0e-04 +5.84e+10 -1.61e+06 9.0e-01 9.0e-01 3.00e-01
 5 9.0e+15 2.6e-87 1.0e-05 +9.00e+10 -1.61e+05 9.0e-01 9.0e-01 3.00e-01
 6 1.4e+15 4.3e-87 1.0e-06 +1.39e+11 -1.61e+04 9.0e-01 9.0e-01 3.00e-01
 7 2.1e+14 5.2e-87 1.0e-07 +2.13e+11 -1.61e+03 9.0e-01 9.0e-01 3.00e-01
 8 3.3e+13 6.0e-87 1.0e-08 +3.29e+11 -1.61e+02 9.0e-01 9.0e-01 3.00e-01
 9 5.1e+12 9.5e-87 1.0e-09 +5.05e+11 -1.62e+01 9.0e-01 9.0e-01 3.00e-01
10 8.4e+11 8.6e-87 1.0e-10 +7.67e+11 -1.75e+00 8.9e-01 8.9e-01 3.00e-01
11 2.0e+11 8.6e-87 1.1e-11 +1.03e+12 -3.03e-01 1.5e+00 9.5e-01 3.00e-01
12 5.0e+10 9.5e-87 5.5e-13 +5.38e+11 -1.74e-01 1.1e+00 1.0e+00 3.00e-01
13 1.2e+10 8.6e-87 2.3e-94 +1.46e+11 -2.40e-01 9.7e-01 9.7e-01 1.00e-01
14 1.5e+09 6.9e-87 4.0e-94 +1.83e+10 -2.43e-01 9.9e-01 9.9e-01 1.00e-01
15 1.6e+08 6.9e-87 9.1e-94 +1.94e+09 -2.45e-01 1.0e+00 1.0e+00 1.00e-01
16 1.6e+07 6.9e-87 4.4e-93 +1.94e+08 -2.47e-01 1.0e+00 1.0e+00 1.00e-01
17 1.6e+06 7.8e-87 1.6e-92 +1.94e+07 -2.49e-01 1.0e+00 1.0e+00 1.00e-01
18 1.6e+05 7.8e-87 4.0e-92 +1.94e+06 -2.51e-01 1.0e+00 1.0e+00 1.00e-01
19 1.6e+04 9.5e-87 1.3e-91 +1.94e+05 -2.52e-01 1.0e+00 1.0e+00 1.00e-01
20 1.6e+03 1.0e-86 4.1e-91 +1.94e+04 -2.54e-01 1.0e+00 1.0e+00 1.00e-01
21 1.6e+02 1.4e-86 1.2e-90 +1.94e+03 -2.55e-01 1.0e+00 1.0e+00 1.00e-01
22 1.6e+01 1.3e-86 3.9e-90 +1.94e+02 -2.56e-01 1.0e+00 9.0e+01 1.00e-01
23 1.6e+00 1.6e-86 2.3e-87 +1.95e+01 -2.26e-01 9.9e-01 1.5e+01 1.00e-01
24 1.8e-01 1.7e-86 2.8e-86 +2.02e+00 -1.08e-01 9.5e-01 2.2e+00 1.00e-01
25 2.2e-02 1.7e-86 3.4e-86 +2.18e-01 -4.84e-02 9.1e-01 1.1e+00 1.00e-01
26 3.6e-03 1.8e-86 2.9e-87 +2.59e-02 -1.79e-02 9.1e-01 9.4e-01 1.00e-01
27 6.3e-04 1.8e-86 2.2e-88 +2.70e-03 -4.89e-03 9.2e-01 9.5e-01 1.00e-01
28 9.7e-05 1.7e-86 1.4e-89 +2.67e-04 -8.95e-04 9.3e-01 9.8e-01 1.00e-01
29 1.3e-05 1.7e-86 1.8e-89 +1.32e-05 -1.41e-04 1.0e+00 9.5e-01 1.00e-01
30 1.7e-06 1.7e-86 7.2e-89 -1.37e-05 -3.44e-05 1.0e+00 9.8e-01 1.00e-01
31 2.0e-07 1.7e-86 8.3e-89 -1.65e-05 -1.89e-05 1.0e+00 9.8e-01 1.00e-01
32 2.2e-08 1.8e-86 1.5e-85 -1.68e-05 -1.71e-05 1.0e+00 9.9e-01 1.00e-01
33 2.2e-09 1.8e-86 1.1e-87 -1.69e-05 -1.69e-05 1.0e+00 9.9e-01 1.00e-01
34 2.2e-10 1.7e-86 7.4e-90 -1.69e-05 -1.69e-05 1.0e+00 9.9e-01 1.00e-01
35 2.2e-11 1.7e-86 3.3e-90 -1.69e-05 -1.69e-05 1.0e+00 9.9e-01 1.00e-01
36 2.2e-12 1.7e-86 5.9e-91 -1.69e-05 -1.69e-05 1.0e+00 9.9e-01 1.00e-01
37 2.2e-13 1.7e-86 7.7e-91 -1.69e-05 -1.69e-05 1.0e+00 9.9e-01 1.00e-01
38 2.2e-14 1.7e-86 8.5e-90 -1.69e-05 -1.69e-05 1.0e+00 9.9e-01 1.00e-01
39 2.2e-15 1.7e-86 2.6e-89 -1.69e-05 -1.69e-05 1.0e+00 9.9e-01 1.00e-01
40 2.2e-16 1.7e-86 1.9e-89 -1.69e-05 -1.69e-05 1.0e+00 9.9e-01 1.00e-01
41 2.2e-17 1.7e-86 7.9e-90 -1.69e-05 -1.69e-05 1.0e+00 9.9e-01 1.00e-01
42 2.2e-18 1.7e-86 1.2e-89 -1.69e-05 -1.69e-05 1.0e+00 9.9e-01 1.00e-01
43 2.2e-19 1.7e-86 1.1e-89 -1.69e-05 -1.69e-05 1.0e+00 9.9e-01 1.00e-01
44 2.2e-20 1.7e-86 1.8e-89 -1.69e-05 -1.69e-05 1.0e+00 9.9e-01 1.00e-01
45 2.2e-21 1.7e-86 3.2e-80 -1.69e-05 -1.69e-05 1.0e+00 9.9e-01 1.00e-01
46 2.2e-22 1.7e-86 1.2e-80 -1.69e-05 -1.69e-05 1.0e+00 9.9e-01 1.00e-01
47 2.2e-23 1.7e-86 2.1e-80 -1.69e-05 -1.69e-05 1.0e+00 9.9e-01 1.00e-01
48 2.2e-24 1.8e-86 4.8e-81 -1.69e-05 -1.69e-05 1.0e+00 9.9e-01 1.00e-01
49 2.2e-25 1.7e-86 1.8e-81 -1.69e-05 -1.69e-05 1.0e+00 9.9e-01 1.00e-01
50 2.2e-26 1.7e-86 4.3e-82 -1.69e-05 -1.69e-05 1.0e+00 9.9e-01 1.00e-01
51 2.2e-27 1.7e-86 1.4e-82 -1.69e-05 -1.69e-05 1.0e+00 9.9e-01 1.00e-01
52 2.2e-28 1.7e-86 1.2e-81 -1.69e-05 -1.69e-05 1.0e+00 9.9e-01 1.00e-01
53 2.2e-29 1.7e-86 6.4e-81 -1.69e-05 -1.69e-05 1.0e+00 9.9e-01 1.00e-01
54 2.2e-30 1.7e-86 2.2e-80 -1.69e-05 -1.69e-05 1.0e+00 9.9e-01 1.00e-01
55 2.2e-31 1.8e-86 6.4e-80 -1.69e-05 -1.69e-05 1.0e+00 9.9e-01 1.00e-01
56 2.2e-32 1.7e-86 6.0e-78 -1.69e-05 -1.69e-05 1.0e+00 9.9e-01 1.00e-01

phase.value = pdOPT     
   Iteration = 56
          mu = 2.2390095725091947e-32
relative gap = 2.6868114870110336e-31
         gap = 2.6868114870110336e-31
      digits = 2.5797520044056828e+01
objValPrimal = -1.6856105486172430e-05
objValDual   = -1.6856105486172430e-05
p.feas.error = 1.7272337110188889e-76
d.feas.error = 7.1559061672155975e-67
relative eps = 8.6361685550944446e-78
total time   = 0.110


Parameters are
maxIteration =    200
epsilonStar  = 1.000e-30
lambdaStar   = 1.000e+10
omegaStar    = 2.000e+00
lowerBound   = -1.000e+05
upperBound   = 1.000e+05
betaStar     = 1.000e-01
betaBar      = 3.000e-01
gammaStar    = 9.000e-01
epsilonDash  = 1.000e-30
precision    =    200

                         Time(sec)  Ratio(% : MainLoop) 
 Predictor time  =       0.030000,  27.272727
 Corrector time  =       0.020000,  18.181818
 Make bMat time  =       0.020000,  18.181818
 Make bDia time  =       0.000000,  0.000000
 Make bF1  time  =       0.010000,  9.090909
 Make bF2  time  =       0.010000,  9.090909
 Make bF3  time  =       0.000000,  0.000000
 Make bPRE time  =       0.000000,  0.000000
 Make rMat time  =       0.020000,  18.181818
 Make gVec Mul   =       0.000000,  0.000000
 Make gVec time  =       0.000000,  0.000000
 Cholesky bMat   =       0.000000,  0.000000
 Ste Pre time    =       0.000000,  0.000000
 Ste Cor time    =       0.050000,  45.454545
 solve           =       0.000000,  0.000000
 sumDz           =       0.000000,  0.000000
 makedX          =       0.000000,  0.000000
 symmetriseDx    =       0.000000,  0.000000
 makedXdZ        =       0.000000,  0.000000
 xMatTime        =       0.000000,  0.000000
 zMatTime        =       0.000000,  0.000000
 invzMatTime     =       0.000000,  0.000000
 xMatzMatTime    =       0.000000,  0.000000
 EigxMatTime     =       0.030000,  27.272727
 EigzMatTime     =       0.020000,  18.181818
 EigxMatzMatTime =       0.000000,  0.000000
 updateRes       =       0.000000,  0.000000
 EigTime         =       0.050000,  45.454545
 sub_total_bMat  =       0.090000,  81.818182
 Main Loop       =       0.110000,  100.000000
 File Check      =       0.000000,  0.000000
 File Change     =       0.000000,  0.000000
 File Read       =       0.000000,  0.000000
 Total           =       0.110000,  100.000000

xVec = 
{+1.685610548617e-05,+5.535598686056e-01,+4.619458466739e-01,+4.419018704195e-01,+4.553155837175e-01,+4.926704631390e-01,+5.525629656338e-01,+6.375513148303e-01}
xMat = 
{
{ {+9.999831438945e-01,+5.535598686056e-01,+4.619458466739e-01,+4.419018704195e-01,+4.553155837175e-01,+4.926704631390e-01 },
  {+5.535598686056e-01,+4.619289905684e-01,+4.419018704195e-01,+4.553155837175e-01,+4.926704631390e-01,+5.525629656338e-01 },
  {+4.619458466739e-01,+4.419018704195e-01,+4.552987276120e-01,+4.926704631390e-01,+5.525629656338e-01,+6.375513148303e-01 },
  {+4.419018704195e-01,+4.553155837175e-01,+4.926704631390e-01,+5.525461095283e-01,+6.375513148303e-01,+7.535601607864e-01 },
  {+4.553155837175e-01,+4.926704631390e-01,+5.525629656338e-01,+6.375513148303e-01,+7.535433046809e-01,+9.111955410447e-01 },
  {+4.926704631390e-01,+5.525629656338e-01,+6.375513148303e-01,+7.535601607864e-01,+9.111955410447e-01,+1.131458906695e+00 }   }
{ {+5.535430125002e-01,+4.619458466739e-01,+4.419018704195e-01,+4.553155837175e-01,+4.926704631390e-01,+5.525629656338e-01 },
  {+4.619458466739e-01,+4.418850143140e-01,+4.553155837175e-01,+4.926704631390e-01,+5.525629656338e-01,+6.375513148303e-01 },
  {+4.419018704195e-01,+4.553155837175e-01,+4.926536070335e-01,+5.525629656338e-01,+6.375513148303e-01,+7.535601607864e-01 },
  {+4.553155837175e-01,+4.926704631390e-01,+5.525629656338e-01,+6.375344587248e-01,+7.535601607864e-01,+9.111955410447e-01 },
  {+4.926704631390e-01,+5.525629656338e-01,+6.375513148303e-01,+7.535601607864e-01,+9.111786849392e-01,+1.131475762800e+00 },
  {+5.525629656338e-01,+6.375513148303e-01,+7.535601607864e-01,+9.111955410447e-01,+1.131475762800e+00,+1.496580398895e+00 }   }
}
yMat = 
{
{ {+2.112615834072e-05,-4.392041290499e-04,+1.706973684217e-03,-2.381129485007e-03,+1.317132681880e-03,-2.314222129230e-04 },
  {-4.392041290499e-04,+9.130872914208e-03,-3.548727971251e-02,+4.950270109461e-02,-2.738264586767e-02,+4.811172473027e-03 },
  {+1.706973684217e-03,-3.548727971251e-02,+1.379218649987e-01,-1.923930183647e-01,+1.064230794038e-01,-1.869869670728e-02 },
  {-2.381129485007e-03,+4.950270109461e-02,-1.923930183647e-01,+2.683771243655e-01,-1.484540356988e-01,+2.608359957308e-02 },
  {+1.317132681880e-03,-2.738264586767e-02,+1.064230794038e-01,-1.484540356988e-01,+8.211802987070e-02,-1.442826258508e-02 },
  {-2.314222129230e-04,+4.811172473027e-03,-1.869869670728e-02,+2.608359957308e-02,-1.442826258508e-02,+2.535067652644e-03 }   }
{ {+7.990947857128e-04,-6.183869585881e-03,+1.390525242385e-02,-1.227232783805e-02,+4.068007697661e-03,-2.658206405111e-04 },
  {-6.183869585881e-03,+4.785445198604e-02,-1.076070937832e-01,+9.497055446053e-02,-3.148065727178e-02,+2.057077838006e-03 },
  {+1.390525242385e-02,-1.076070937832e-01,+2.419688482869e-01,-2.135539105840e-01,+7.078844075760e-02,-4.625612845765e-03 },
  {-1.227232783805e-02,+9.497055446053e-02,-2.135539105840e-01,+1.884758019415e-01,-6.247559739594e-02,+4.082416885704e-03 },
  {+4.068007697661e-03,-3.148065727178e-02,+7.078844075760e-02,-6.247559739594e-02,+2.070929121814e-02,-1.353231720605e-03 },
  {-2.658206405111e-04,+2.057077838006e-03,-4.625612845765e-03,+4.082416885704e-03,-1.353231720605e-03,+8.842582154845e-05 }   }
}
    main loop time = 0.110000
        total time = 0.110000
  file   read time = 0.000000
