SDPA-GMP start at Wed Jun  5 23:35:12 2024
*SDP Scan Problem: V = x^2 - 2*x^4 + x^8
* K = 6; eval = 1.5577889447236188; Domain = R+ with BCs: Neumann
data      is /Users/gorg/qmBoot/data/K=6_BC-Neumann_V_0.0_0.0_1.0_0.0_-2.0_0.0_0.0_0.0_1.0/e=1.5577889447236188_K=6_D=R+.dat
parameter is ./param.sdpa
out       is /Users/gorg/qmBoot/data/K=6_BC-Neumann_V_0.0_0.0_1.0_0.0_-2.0_0.0_0.0_0.0_1.0/e=1.5577889447236188_K=6_D=R+.out
DENSE computation
   mu      thetaP  thetaD  objP      objD      alphaP  alphaD  beta 
 0 1.0e+20 1.0e+00 1.0e+00 +0.00e+00 -1.53e+10 1.0e+00 9.0e-01 3.00e-01
 1 1.6e+19 8.6e-88 1.0e-01 +1.60e+10 -1.53e+09 9.0e-01 9.0e-01 3.00e-01
 2 2.5e+18 8.6e-88 1.0e-02 +2.46e+10 -1.53e+08 9.0e-01 9.0e-01 3.00e-01
 3 3.8e+17 2.6e-87 1.0e-03 +3.79e+10 -1.53e+07 9.0e-01 9.0e-01 3.00e-01
 4 5.8e+16 2.6e-87 1.0e-04 +5.84e+10 -1.53e+06 9.0e-01 9.0e-01 3.00e-01
 5 9.0e+15 2.6e-87 1.0e-05 +9.00e+10 -1.53e+05 9.0e-01 9.0e-01 3.00e-01
 6 1.4e+15 3.5e-87 1.0e-06 +1.39e+11 -1.53e+04 9.0e-01 9.0e-01 3.00e-01
 7 2.1e+14 4.3e-87 1.0e-07 +2.13e+11 -1.53e+03 9.0e-01 9.0e-01 3.00e-01
 8 3.3e+13 5.2e-87 1.0e-08 +3.29e+11 -1.53e+02 9.0e-01 9.0e-01 3.00e-01
 9 5.1e+12 5.2e-87 1.0e-09 +5.05e+11 -1.54e+01 9.0e-01 9.0e-01 3.00e-01
10 8.4e+11 8.6e-87 1.0e-10 +7.67e+11 -1.66e+00 9.0e-01 9.0e-01 3.00e-01
11 2.0e+11 8.6e-87 1.0e-11 +1.03e+12 -2.90e-01 1.5e+00 9.5e-01 3.00e-01
12 5.0e+10 7.8e-87 4.9e-13 +5.45e+11 -1.70e-01 1.1e+00 1.0e+00 3.00e-01
13 1.2e+10 6.0e-87 1.8e-94 +1.45e+11 -2.29e-01 9.7e-01 9.7e-01 1.00e-01
14 1.5e+09 6.0e-87 4.1e-94 +1.82e+10 -2.31e-01 9.9e-01 9.9e-01 1.00e-01
15 1.6e+08 6.9e-87 9.8e-94 +1.92e+09 -2.34e-01 1.0e+00 1.0e+00 1.00e-01
16 1.6e+07 9.5e-87 2.7e-93 +1.92e+08 -2.36e-01 1.0e+00 1.0e+00 1.00e-01
17 1.6e+06 9.5e-87 1.6e-92 +1.92e+07 -2.38e-01 1.0e+00 1.0e+00 1.00e-01
18 1.6e+05 1.1e-86 4.1e-92 +1.92e+06 -2.40e-01 1.0e+00 1.0e+00 1.00e-01
19 1.6e+04 9.5e-87 9.0e-92 +1.92e+05 -2.41e-01 1.0e+00 1.0e+00 1.00e-01
20 1.6e+03 1.3e-86 4.0e-91 +1.92e+04 -2.43e-01 1.0e+00 1.0e+00 1.00e-01
21 1.6e+02 1.4e-86 1.1e-90 +1.92e+03 -2.44e-01 1.0e+00 1.0e+00 1.00e-01
22 1.6e+01 1.5e-86 3.3e-90 +1.93e+02 -2.45e-01 1.0e+00 9.0e+01 1.00e-01
23 1.6e+00 1.6e-86 2.5e-87 +1.93e+01 -2.25e-01 9.9e-01 1.4e+01 1.00e-01
24 1.8e-01 1.7e-86 3.0e-86 +2.00e+00 -1.06e-01 9.5e-01 2.4e+00 1.00e-01
25 2.2e-02 1.7e-86 4.2e-86 +2.17e-01 -4.65e-02 9.2e-01 1.1e+00 1.00e-01
26 3.4e-03 1.6e-86 3.5e-87 +2.43e-02 -1.65e-02 9.0e-01 9.7e-01 1.00e-01
27 5.9e-04 1.6e-86 1.4e-88 +2.72e-03 -4.31e-03 9.0e-01 9.6e-01 1.00e-01
28 9.4e-05 1.6e-86 1.4e-89 +2.95e-04 -8.29e-04 9.0e-01 9.7e-01 1.00e-01
29 1.4e-05 1.6e-86 1.7e-89 +1.88e-05 -1.48e-04 1.0e+00 9.4e-01 1.00e-01
30 2.0e-06 1.6e-86 1.2e-89 -1.13e-05 -3.48e-05 1.0e+00 9.8e-01 1.00e-01
31 2.3e-07 1.6e-86 1.4e-88 -1.44e-05 -1.72e-05 1.0e+00 9.9e-01 1.00e-01
32 2.4e-08 1.6e-86 7.3e-86 -1.48e-05 -1.50e-05 1.0e+00 9.9e-01 1.00e-01
33 2.5e-09 1.6e-86 4.0e-88 -1.48e-05 -1.48e-05 1.0e+00 9.9e-01 1.00e-01
34 2.5e-10 1.6e-86 1.9e-88 -1.48e-05 -1.48e-05 1.0e+00 9.9e-01 1.00e-01
35 2.5e-11 1.6e-86 1.5e-88 -1.48e-05 -1.48e-05 1.0e+00 9.9e-01 1.00e-01
36 2.5e-12 1.6e-86 1.5e-88 -1.48e-05 -1.48e-05 1.0e+00 9.9e-01 1.00e-01
37 2.5e-13 1.6e-86 2.0e-88 -1.48e-05 -1.48e-05 1.0e+00 9.9e-01 1.00e-01
38 2.5e-14 1.6e-86 2.4e-88 -1.48e-05 -1.48e-05 1.0e+00 9.9e-01 1.00e-01
39 2.5e-15 1.6e-86 1.8e-88 -1.48e-05 -1.48e-05 1.0e+00 9.9e-01 1.00e-01
40 2.5e-16 1.6e-86 2.2e-88 -1.48e-05 -1.48e-05 1.0e+00 9.9e-01 1.00e-01
41 2.5e-17 1.6e-86 1.1e-88 -1.48e-05 -1.48e-05 1.0e+00 9.9e-01 1.00e-01
42 2.5e-18 1.6e-86 1.6e-88 -1.48e-05 -1.48e-05 1.0e+00 9.9e-01 1.00e-01
43 2.5e-19 1.6e-86 1.4e-88 -1.48e-05 -1.48e-05 1.0e+00 9.9e-01 1.00e-01
44 2.5e-20 1.6e-86 4.1e-88 -1.48e-05 -1.48e-05 1.0e+00 9.9e-01 1.00e-01
45 2.5e-21 1.6e-86 6.0e-80 -1.48e-05 -1.48e-05 1.0e+00 9.9e-01 1.00e-01
46 2.5e-22 1.6e-86 2.6e-80 -1.48e-05 -1.48e-05 1.0e+00 9.9e-01 1.00e-01
47 2.5e-23 1.6e-86 3.1e-80 -1.48e-05 -1.48e-05 1.0e+00 9.9e-01 1.00e-01
48 2.5e-24 1.6e-86 6.7e-81 -1.48e-05 -1.48e-05 1.0e+00 9.9e-01 1.00e-01
49 2.5e-25 1.6e-86 1.9e-81 -1.48e-05 -1.48e-05 1.0e+00 9.9e-01 1.00e-01
50 2.5e-26 1.6e-86 7.3e-82 -1.48e-05 -1.48e-05 1.0e+00 9.9e-01 1.00e-01
51 2.5e-27 1.6e-86 2.2e-82 -1.48e-05 -1.48e-05 1.0e+00 9.9e-01 1.00e-01
52 2.5e-28 1.6e-86 1.1e-81 -1.48e-05 -1.48e-05 1.0e+00 9.9e-01 1.00e-01
53 2.5e-29 1.6e-86 1.2e-80 -1.48e-05 -1.48e-05 1.0e+00 9.9e-01 1.00e-01
54 2.5e-30 1.6e-86 1.1e-79 -1.48e-05 -1.48e-05 1.0e+00 9.9e-01 1.00e-01
55 2.5e-31 1.6e-86 3.3e-79 -1.48e-05 -1.48e-05 1.0e+00 9.9e-01 1.00e-01
56 2.5e-32 1.6e-86 4.2e-78 -1.48e-05 -1.48e-05 1.0e+00 9.9e-01 1.00e-01

phase.value = pdOPT     
   Iteration = 56
          mu = 2.4625465085360856e-32
relative gap = 2.9550558102433027e-31
         gap = 2.9550558102433027e-31
      digits = 2.5699313776866816e+01
objValPrimal = -1.4786979282575954e-05
objValDual   = -1.4786979282575954e-05
p.feas.error = 1.6070805113274561e-76
d.feas.error = 5.0340538082349268e-67
relative eps = 8.6361685550944446e-78
total time   = 0.110


Parameters are
maxIteration =    200
epsilonStar  = 1.000e-30
lambdaStar   = 1.000e+10
omegaStar    = 2.000e+00
lowerBound   = -1.000e+05
upperBound   = 1.000e+05
betaStar     = 1.000e-01
betaBar      = 3.000e-01
gammaStar    = 9.000e-01
epsilonDash  = 1.000e-30
precision    =    200

                         Time(sec)  Ratio(% : MainLoop) 
 Predictor time  =       0.050000,  45.454545
 Corrector time  =       0.000000,  0.000000
 Make bMat time  =       0.030000,  27.272727
 Make bDia time  =       0.000000,  0.000000
 Make bF1  time  =       0.010000,  9.090909
 Make bF2  time  =       0.020000,  18.181818
 Make bF3  time  =       0.000000,  0.000000
 Make bPRE time  =       0.010000,  9.090909
 Make rMat time  =       0.000000,  0.000000
 Make gVec Mul   =       0.000000,  0.000000
 Make gVec time  =       0.000000,  0.000000
 Cholesky bMat   =       0.000000,  0.000000
 Ste Pre time    =       0.000000,  0.000000
 Ste Cor time    =       0.040000,  36.363636
 solve           =       0.000000,  0.000000
 sumDz           =       0.010000,  9.090909
 makedX          =       0.010000,  9.090909
 symmetriseDx    =       0.000000,  0.000000
 makedXdZ        =       0.020000,  18.181818
 xMatTime        =       0.010000,  9.090909
 zMatTime        =       0.000000,  0.000000
 invzMatTime     =       0.000000,  0.000000
 xMatzMatTime    =       0.000000,  0.000000
 EigxMatTime     =       0.010000,  9.090909
 EigzMatTime     =       0.030000,  27.272727
 EigxMatzMatTime =       0.000000,  0.000000
 updateRes       =       0.010000,  9.090909
 EigTime         =       0.040000,  36.363636
 sub_total_bMat  =       0.080000,  72.727273
 Main Loop       =       0.110000,  100.000000
 File Check      =       0.000000,  0.000000
 File Change     =       0.000000,  0.000000
 File Read       =       0.000000,  0.000000
 Total           =       0.110000,  100.000000

xVec = 
{+1.478697928258e-05,+5.471920197886e-01,+4.424154232905e-01,+4.041419988424e-01,+3.981402697071e-01,+4.157436468472e-01,+4.554145889149e-01,+5.192243890054e-01}
xMat = 
{
{ {+9.999852130207e-01,+5.471920197886e-01,+4.424154232905e-01,+4.041419988424e-01,+3.981402697071e-01,+4.157436468472e-01 },
  {+5.471920197886e-01,+4.424006363113e-01,+4.041419988424e-01,+3.981402697071e-01,+4.157436468472e-01,+4.554145889149e-01 },
  {+4.424154232905e-01,+4.041419988424e-01,+3.981254827278e-01,+4.157436468472e-01,+4.554145889149e-01,+5.192243890054e-01 },
  {+4.041419988424e-01,+3.981402697071e-01,+4.157436468472e-01,+4.553998019357e-01,+5.192243890054e-01,+6.123599432771e-01 },
  {+3.981402697071e-01,+4.157436468472e-01,+4.554145889149e-01,+5.192243890054e-01,+6.123451562978e-01,+7.441843982727e-01 },
  {+4.157436468472e-01,+4.554145889149e-01,+5.192243890054e-01,+6.123599432771e-01,+7.441843982727e-01,+9.327215525140e-01 }   }
{ {+5.471772328093e-01,+4.424154232905e-01,+4.041419988424e-01,+3.981402697071e-01,+4.157436468472e-01,+4.554145889149e-01 },
  {+4.424154232905e-01,+4.041272118631e-01,+3.981402697071e-01,+4.157436468472e-01,+4.554145889149e-01,+5.192243890054e-01 },
  {+4.041419988424e-01,+3.981402697071e-01,+4.157288598679e-01,+4.554145889149e-01,+5.192243890054e-01,+6.123599432771e-01 },
  {+3.981402697071e-01,+4.157436468472e-01,+4.554145889149e-01,+5.192096020262e-01,+6.123599432771e-01,+7.441843982727e-01 },
  {+4.157436468472e-01,+4.554145889149e-01,+5.192243890054e-01,+6.123599432771e-01,+7.441696112934e-01,+9.327363394932e-01 },
  {+4.554145889149e-01,+5.192243890054e-01,+6.123599432771e-01,+7.441843982727e-01,+9.327363394932e-01,+1.244160001038e+00 }   }
}
yMat = 
{
{ {+1.633090484751e-05,-3.706198941183e-04,+1.474168820640e-03,-2.099498409665e-03,+1.184379963718e-03,-2.135434004260e-04 },
  {-3.706198941183e-04,+8.410991748397e-03,-3.345535947455e-02,+4.764683191516e-02,-2.687877866216e-02,+4.846236824877e-03 },
  {+1.474168820640e-03,-3.345535947455e-02,+1.330712371445e-01,-1.895188982736e-01,+1.069123867053e-01,-1.927627560757e-02 },
  {-2.099498409665e-03,+4.764683191516e-02,-1.895188982736e-01,+2.699111661813e-01,-1.522636910498e-01,+2.745310402426e-02 },
  {+1.184379963718e-03,-2.687877866216e-02,+1.069123867053e-01,-1.522636910498e-01,+8.589578541760e-02,-1.548698784363e-02 },
  {-2.135434004260e-04,+4.846236824877e-03,-1.927627560757e-02,+2.745310402426e-02,-1.548698784363e-02,+2.792299893443e-03 }   }
{ {+6.928929725880e-04,-5.601870218509e-03,+1.285259848031e-02,-1.157047158699e-02,+3.922273797705e-03,-2.614014851291e-04 },
  {-5.601870218509e-03,+4.528975063465e-02,-1.039101152785e-01,+9.354443292327e-02,-3.171062436112e-02,+2.113367074787e-03 },
  {+1.285259848031e-02,-1.039101152785e-01,+2.384051999821e-01,-2.146227937339e-01,+7.275497406684e-02,-4.848783958613e-03 },
  {-1.157047158699e-02,+9.354443292327e-02,-2.146227937339e-01,+1.932128309013e-01,-6.549721144268e-02,+4.365087504332e-03 },
  {+3.922273797705e-03,-3.171062436112e-02,+7.275497406684e-02,-6.549721144268e-02,+2.220289763757e-02,-1.479720875178e-03 },
  {-2.614014851291e-04,+2.113367074787e-03,-4.848783958613e-03,+4.365087504332e-03,-1.479720875178e-03,+9.861658168140e-05 }   }
}
    main loop time = 0.110000
        total time = 0.110000
  file   read time = 0.000000
