SDPA-GMP start at Wed Jun  5 23:35:12 2024
*SDP Scan Problem: V = x^2 - 2*x^4 + x^8
* K = 6; eval = 1.758793969849247; Domain = R+ with BCs: Neumann
data      is /Users/gorg/qmBoot/data/K=6_BC-Neumann_V_0.0_0.0_1.0_0.0_-2.0_0.0_0.0_0.0_1.0/e=1.758793969849247_K=6_D=R+.dat
parameter is ./param.sdpa
out       is /Users/gorg/qmBoot/data/K=6_BC-Neumann_V_0.0_0.0_1.0_0.0_-2.0_0.0_0.0_0.0_1.0/e=1.758793969849247_K=6_D=R+.out
DENSE computation
   mu      thetaP  thetaD  objP      objD      alphaP  alphaD  beta 
 0 1.0e+20 1.0e+00 1.0e+00 +0.00e+00 -1.57e+10 1.0e+00 9.0e-01 3.00e-01
 1 1.6e+19 8.6e-88 1.0e-01 +1.60e+10 -1.57e+09 9.0e-01 9.0e-01 3.00e-01
 2 2.5e+18 1.7e-87 1.0e-02 +2.46e+10 -1.57e+08 9.0e-01 9.0e-01 3.00e-01
 3 3.8e+17 2.6e-87 1.0e-03 +3.79e+10 -1.57e+07 9.0e-01 9.0e-01 3.00e-01
 4 5.8e+16 3.5e-87 1.0e-04 +5.84e+10 -1.57e+06 9.0e-01 9.0e-01 3.00e-01
 5 9.0e+15 2.6e-87 1.0e-05 +9.00e+10 -1.57e+05 9.0e-01 9.0e-01 3.00e-01
 6 1.4e+15 3.5e-87 1.0e-06 +1.39e+11 -1.57e+04 9.0e-01 9.0e-01 3.00e-01
 7 2.1e+14 4.3e-87 1.0e-07 +2.13e+11 -1.57e+03 9.0e-01 9.0e-01 3.00e-01
 8 3.3e+13 4.3e-87 1.0e-08 +3.29e+11 -1.57e+02 9.0e-01 9.0e-01 3.00e-01
 9 5.1e+12 5.2e-87 1.0e-09 +5.05e+11 -1.58e+01 9.0e-01 9.0e-01 3.00e-01
10 8.4e+11 6.0e-87 1.0e-10 +7.67e+11 -1.71e+00 9.0e-01 9.0e-01 3.00e-01
11 2.0e+11 6.9e-87 1.1e-11 +1.03e+12 -2.96e-01 1.5e+00 9.5e-01 3.00e-01
12 5.0e+10 6.9e-87 5.2e-13 +5.42e+11 -1.72e-01 1.1e+00 1.0e+00 3.00e-01
13 1.2e+10 7.8e-87 2.8e-94 +1.46e+11 -2.34e-01 9.7e-01 9.7e-01 1.00e-01
14 1.5e+09 7.8e-87 6.8e-94 +1.83e+10 -2.37e-01 9.9e-01 9.9e-01 1.00e-01
15 1.6e+08 7.8e-87 1.0e-93 +1.93e+09 -2.39e-01 1.0e+00 1.0e+00 1.00e-01
16 1.6e+07 7.8e-87 3.6e-93 +1.93e+08 -2.42e-01 1.0e+00 1.0e+00 1.00e-01
17 1.6e+06 8.6e-87 1.3e-92 +1.93e+07 -2.44e-01 1.0e+00 1.0e+00 1.00e-01
18 1.6e+05 8.6e-87 5.6e-92 +1.93e+06 -2.45e-01 1.0e+00 1.0e+00 1.00e-01
19 1.6e+04 1.0e-86 1.1e-91 +1.93e+05 -2.47e-01 1.0e+00 1.0e+00 1.00e-01
20 1.6e+03 1.3e-86 2.9e-91 +1.93e+04 -2.48e-01 1.0e+00 1.0e+00 1.00e-01
21 1.6e+02 1.4e-86 1.0e-90 +1.93e+03 -2.50e-01 1.0e+00 1.0e+00 1.00e-01
22 1.6e+01 1.6e-86 3.4e-90 +1.94e+02 -2.51e-01 1.0e+00 9.0e+01 1.00e-01
23 1.6e+00 1.8e-86 3.0e-87 +1.94e+01 -2.26e-01 9.9e-01 1.4e+01 1.00e-01
24 1.8e-01 2.1e-86 3.8e-86 +2.01e+00 -1.07e-01 9.5e-01 2.3e+00 1.00e-01
25 2.2e-02 2.2e-86 4.8e-86 +2.18e-01 -4.76e-02 9.1e-01 1.1e+00 1.00e-01
26 3.5e-03 2.0e-86 3.9e-87 +2.51e-02 -1.74e-02 9.0e-01 9.5e-01 1.00e-01
27 6.1e-04 2.0e-86 2.2e-88 +2.68e-03 -4.64e-03 9.1e-01 9.6e-01 1.00e-01
28 9.5e-05 2.0e-86 1.4e-89 +2.78e-04 -8.57e-04 9.1e-01 9.7e-01 1.00e-01
29 1.3e-05 2.0e-86 2.9e-89 +1.57e-05 -1.42e-04 1.0e+00 9.5e-01 1.00e-01
30 1.8e-06 2.0e-86 7.2e-89 -1.26e-05 -3.41e-05 1.0e+00 9.8e-01 1.00e-01
31 2.1e-07 2.0e-86 5.1e-89 -1.56e-05 -1.81e-05 1.0e+00 9.8e-01 1.00e-01
32 2.3e-08 2.0e-86 1.2e-85 -1.59e-05 -1.61e-05 1.0e+00 9.9e-01 1.00e-01
33 2.3e-09 2.0e-86 8.9e-88 -1.59e-05 -1.59e-05 1.0e+00 9.9e-01 1.00e-01
34 2.3e-10 2.0e-86 1.4e-88 -1.59e-05 -1.59e-05 1.0e+00 9.9e-01 1.00e-01
35 2.3e-11 2.0e-86 1.2e-89 -1.59e-05 -1.59e-05 1.0e+00 9.9e-01 1.00e-01
36 2.3e-12 2.0e-86 2.4e-89 -1.59e-05 -1.59e-05 1.0e+00 9.9e-01 1.00e-01
37 2.3e-13 2.0e-86 5.3e-91 -1.59e-05 -1.59e-05 1.0e+00 9.9e-01 1.00e-01
38 2.3e-14 2.0e-86 1.2e-89 -1.59e-05 -1.59e-05 1.0e+00 9.9e-01 1.00e-01
39 2.3e-15 2.0e-86 2.1e-89 -1.59e-05 -1.59e-05 1.0e+00 9.9e-01 1.00e-01
40 2.3e-16 2.0e-86 1.6e-89 -1.59e-05 -1.59e-05 1.0e+00 9.9e-01 1.00e-01
41 2.3e-17 2.0e-86 1.7e-89 -1.59e-05 -1.59e-05 1.0e+00 9.9e-01 1.00e-01
42 2.3e-18 2.0e-86 5.1e-90 -1.59e-05 -1.59e-05 1.0e+00 9.9e-01 1.00e-01
43 2.3e-19 2.0e-86 1.1e-89 -1.59e-05 -1.59e-05 1.0e+00 9.9e-01 1.00e-01
44 2.3e-20 2.0e-86 7.8e-90 -1.59e-05 -1.59e-05 1.0e+00 9.9e-01 1.00e-01
45 2.3e-21 2.0e-86 2.7e-80 -1.59e-05 -1.59e-05 1.0e+00 9.9e-01 1.00e-01
46 2.3e-22 2.0e-86 5.2e-81 -1.59e-05 -1.59e-05 1.0e+00 9.9e-01 1.00e-01
47 2.3e-23 2.0e-86 1.6e-80 -1.59e-05 -1.59e-05 1.0e+00 9.9e-01 1.00e-01
48 2.3e-24 2.0e-86 3.1e-81 -1.59e-05 -1.59e-05 1.0e+00 9.9e-01 1.00e-01
49 2.3e-25 2.0e-86 1.1e-81 -1.59e-05 -1.59e-05 1.0e+00 9.9e-01 1.00e-01
50 2.3e-26 2.0e-86 3.6e-82 -1.59e-05 -1.59e-05 1.0e+00 9.9e-01 1.00e-01
51 2.3e-27 2.0e-86 1.3e-82 -1.59e-05 -1.59e-05 1.0e+00 9.9e-01 1.00e-01
52 2.3e-28 2.0e-86 1.2e-81 -1.59e-05 -1.59e-05 1.0e+00 9.9e-01 1.00e-01
53 2.3e-29 2.0e-86 1.3e-80 -1.59e-05 -1.59e-05 1.0e+00 9.9e-01 1.00e-01
54 2.3e-30 2.0e-86 3.5e-80 -1.59e-05 -1.59e-05 1.0e+00 9.9e-01 1.00e-01
55 2.3e-31 2.0e-86 6.7e-79 -1.59e-05 -1.59e-05 1.0e+00 9.9e-01 1.00e-01
56 2.3e-32 2.0e-86 7.4e-78 -1.59e-05 -1.59e-05 1.0e+00 9.9e-01 1.00e-01

phase.value = pdOPT     
   Iteration = 56
          mu = 2.3082131340594759e-32
relative gap = 2.7698557608713711e-31
         gap = 2.7698557608713711e-31
      digits = 2.5758621010503614e+01
objValPrimal = -1.5888326814290071e-05
objValDual   = -1.5888326814290071e-05
p.feas.error = 2.0117533604520183e-76
d.feas.error = 8.8203821542061114e-67
relative eps = 8.6361685550944446e-78
total time   = 0.110


Parameters are
maxIteration =    200
epsilonStar  = 1.000e-30
lambdaStar   = 1.000e+10
omegaStar    = 2.000e+00
lowerBound   = -1.000e+05
upperBound   = 1.000e+05
betaStar     = 1.000e-01
betaBar      = 3.000e-01
gammaStar    = 9.000e-01
epsilonDash  = 1.000e-30
precision    =    200

                         Time(sec)  Ratio(% : MainLoop) 
 Predictor time  =       0.020000,  18.181818
 Corrector time  =       0.000000,  0.000000
 Make bMat time  =       0.010000,  9.090909
 Make bDia time  =       0.000000,  0.000000
 Make bF1  time  =       0.000000,  0.000000
 Make bF2  time  =       0.010000,  9.090909
 Make bF3  time  =       0.000000,  0.000000
 Make bPRE time  =       0.010000,  9.090909
 Make rMat time  =       0.000000,  0.000000
 Make gVec Mul   =       0.000000,  0.000000
 Make gVec time  =       0.000000,  0.000000
 Cholesky bMat   =       0.000000,  0.000000
 Ste Pre time    =       0.010000,  9.090909
 Ste Cor time    =       0.060000,  54.545455
 solve           =       0.000000,  0.000000
 sumDz           =       0.000000,  0.000000
 makedX          =       0.000000,  0.000000
 symmetriseDx    =       0.000000,  0.000000
 makedXdZ        =       0.000000,  0.000000
 xMatTime        =       0.010000,  9.090909
 zMatTime        =       0.000000,  0.000000
 invzMatTime     =       0.000000,  0.000000
 xMatzMatTime    =       0.000000,  0.000000
 EigxMatTime     =       0.030000,  27.272727
 EigzMatTime     =       0.030000,  27.272727
 EigxMatzMatTime =       0.000000,  0.000000
 updateRes       =       0.000000,  0.000000
 EigTime         =       0.060000,  54.545455
 sub_total_bMat  =       0.100000,  90.909091
 Main Loop       =       0.110000,  100.000000
 File Check      =       0.000000,  0.000000
 File Change     =       0.000000,  0.000000
 File Read       =       0.000000,  0.000000
 Total           =       0.110000,  100.000000

xVec = 
{+1.588832681429e-05,+5.468768026972e-01,+4.490481179898e-01,+4.208994570803e-01,+4.255560956025e-01,+4.537592476109e-01,+5.039852419351e-01,+5.785061124817e-01}
xMat = 
{
{ {+9.999841116732e-01,+5.468768026972e-01,+4.490481179898e-01,+4.208994570803e-01,+4.255560956025e-01,+4.537592476109e-01 },
  {+5.468768026972e-01,+4.490322296630e-01,+4.208994570803e-01,+4.255560956025e-01,+4.537592476109e-01,+5.039852419351e-01 },
  {+4.490481179898e-01,+4.208994570803e-01,+4.255402072757e-01,+4.537592476109e-01,+5.039852419351e-01,+5.785061124817e-01 },
  {+4.208994570803e-01,+4.255560956025e-01,+4.537592476109e-01,+5.039693536083e-01,+5.785061124817e-01,+6.828068614970e-01 },
  {+4.255560956025e-01,+4.537592476109e-01,+5.039852419351e-01,+5.785061124817e-01,+6.827909731701e-01,+8.267406575221e-01 },
  {+4.537592476109e-01,+5.039852419351e-01,+5.785061124817e-01,+6.828068614970e-01,+8.267406575221e-01,+1.029552312133e+00 }   }
{ {+5.468609143703e-01,+4.490481179898e-01,+4.208994570803e-01,+4.255560956025e-01,+4.537592476109e-01,+5.039852419351e-01 },
  {+4.490481179898e-01,+4.208835687535e-01,+4.255560956025e-01,+4.537592476109e-01,+5.039852419351e-01,+5.785061124817e-01 },
  {+4.208994570803e-01,+4.255560956025e-01,+4.537433592841e-01,+5.039852419351e-01,+5.785061124817e-01,+6.828068614970e-01 },
  {+4.255560956025e-01,+4.537592476109e-01,+5.039852419351e-01,+5.784902241548e-01,+6.828068614970e-01,+8.267406575221e-01 },
  {+4.537592476109e-01,+5.039852419351e-01,+5.785061124817e-01,+6.828068614970e-01,+8.267247691953e-01,+1.029568200460e+00 },
  {+5.039852419351e-01,+5.785061124817e-01,+6.828068614970e-01,+8.267406575221e-01,+1.029568200460e+00,+1.364439066175e+00 }   }
}
yMat = 
{
{ {+1.876442605652e-05,-4.046514299118e-04,+1.592512474550e-03,-2.247596846654e-03,+1.257751552920e-03,-2.243831402642e-04 },
  {-4.046514299118e-04,+8.726234377565e-03,-3.434224143270e-02,+4.846901659152e-02,-2.712318313547e-02,+4.838781547730e-03 },
  {+1.592512474550e-03,-3.434224143270e-02,+1.351544659004e-01,-1.907506259597e-01,+1.067437411556e-01,-1.904310576157e-02 },
  {-2.247596846654e-03,+4.846901659152e-02,-1.907506259597e-01,+2.692164188701e-01,-1.506530717062e-01,+2.687653952117e-02 },
  {+1.257751552920e-03,-2.712318313547e-02,+1.067437411556e-01,-1.506530717062e-01,+8.430521477762e-02,-1.504006795979e-02 },
  {-2.243831402642e-04,+4.838781547730e-03,-1.904310576157e-02,+2.687653952117e-02,-1.504006795979e-02,+2.683151271624e-03 }   }
{ {+7.429536384993e-04,-5.870721055951e-03,+1.335045084729e-02,-1.191861242094e-02,+4.002984244955e-03,-2.651000848494e-04 },
  {-5.870721055951e-03,+4.638965869580e-02,-1.054934908912e-01,+9.417929366184e-02,-3.163105027787e-02,+2.094785689728e-03 },
  {+1.335045084729e-02,-1.054934908912e-01,+2.398999460934e-01,-2.141706306400e-01,+7.193133142559e-02,-4.763696506746e-03 },
  {-1.191861242094e-02,+9.417929366184e-02,-2.141706306400e-01,+1.912007892277e-01,-6.421668226719e-02,+4.252789138312e-03 },
  {+4.002984244955e-03,-3.163105027787e-02,+7.193133142559e-02,-6.421668226719e-02,+2.156780993458e-02,-1.428341430741e-03 },
  {-2.651000848494e-04,+2.094785689728e-03,-4.763696506746e-03,+4.252789138312e-03,-1.428341430741e-03,+9.459278660927e-05 }   }
}
    main loop time = 0.110000
        total time = 0.110000
  file   read time = 0.000000
