SDPA-GMP start at Wed Jun  5 23:35:12 2024
*SDP Scan Problem: V = x^2 - 2*x^4 + x^8
* K = 6; eval = 1.4572864321608048; Domain = R+ with BCs: Neumann
data      is /Users/gorg/qmBoot/data/K=6_BC-Neumann_V_0.0_0.0_1.0_0.0_-2.0_0.0_0.0_0.0_1.0/e=1.4572864321608048_K=6_D=R+.dat
parameter is ./param.sdpa
out       is /Users/gorg/qmBoot/data/K=6_BC-Neumann_V_0.0_0.0_1.0_0.0_-2.0_0.0_0.0_0.0_1.0/e=1.4572864321608048_K=6_D=R+.out
DENSE computation
   mu      thetaP  thetaD  objP      objD      alphaP  alphaD  beta 
 0 1.0e+20 1.0e+00 1.0e+00 +0.00e+00 -1.51e+10 1.0e+00 9.0e-01 3.00e-01
 1 1.6e+19 8.6e-88 1.0e-01 +1.60e+10 -1.51e+09 9.0e-01 9.0e-01 3.00e-01
 2 2.5e+18 1.7e-87 1.0e-02 +2.46e+10 -1.51e+08 9.0e-01 9.0e-01 3.00e-01
 3 3.8e+17 1.7e-87 1.0e-03 +3.79e+10 -1.51e+07 9.0e-01 9.0e-01 3.00e-01
 4 5.8e+16 1.7e-87 1.0e-04 +5.84e+10 -1.51e+06 9.0e-01 9.0e-01 3.00e-01
 5 9.0e+15 2.6e-87 1.0e-05 +9.00e+10 -1.51e+05 9.0e-01 9.0e-01 3.00e-01
 6 1.4e+15 3.5e-87 1.0e-06 +1.39e+11 -1.51e+04 9.0e-01 9.0e-01 3.00e-01
 7 2.1e+14 3.5e-87 1.0e-07 +2.13e+11 -1.51e+03 9.0e-01 9.0e-01 3.00e-01
 8 3.3e+13 6.0e-87 1.0e-08 +3.29e+11 -1.51e+02 9.0e-01 9.0e-01 3.00e-01
 9 5.1e+12 5.2e-87 1.0e-09 +5.05e+11 -1.52e+01 9.0e-01 9.0e-01 3.00e-01
10 8.4e+11 6.0e-87 1.0e-10 +7.67e+11 -1.64e+00 9.0e-01 9.0e-01 3.00e-01
11 2.0e+11 6.9e-87 1.0e-11 +1.03e+12 -2.87e-01 1.5e+00 9.6e-01 3.00e-01
12 5.0e+10 6.9e-87 4.7e-13 +5.46e+11 -1.69e-01 1.1e+00 1.0e+00 3.00e-01
13 1.2e+10 7.8e-87 1.3e-94 +1.45e+11 -2.26e-01 9.7e-01 9.7e-01 1.00e-01
14 1.5e+09 7.8e-87 5.2e-94 +1.81e+10 -2.28e-01 9.9e-01 9.9e-01 1.00e-01
15 1.6e+08 7.8e-87 1.5e-93 +1.91e+09 -2.31e-01 1.0e+00 1.0e+00 1.00e-01
16 1.6e+07 7.8e-87 2.8e-93 +1.92e+08 -2.33e-01 1.0e+00 1.0e+00 1.00e-01
17 1.6e+06 9.5e-87 1.3e-92 +1.92e+07 -2.35e-01 1.0e+00 1.0e+00 1.00e-01
18 1.6e+05 1.2e-86 3.1e-92 +1.92e+06 -2.37e-01 1.0e+00 1.0e+00 1.00e-01
19 1.6e+04 1.3e-86 1.8e-91 +1.92e+05 -2.38e-01 1.0e+00 1.0e+00 1.00e-01
20 1.6e+03 1.6e-86 2.8e-91 +1.92e+04 -2.40e-01 1.0e+00 1.0e+00 1.00e-01
21 1.6e+02 1.6e-86 8.7e-91 +1.92e+03 -2.41e-01 1.0e+00 1.0e+00 1.00e-01
22 1.6e+01 1.9e-86 3.8e-90 +1.92e+02 -2.42e-01 1.0e+00 9.0e+01 1.00e-01
23 1.6e+00 2.0e-86 2.6e-87 +1.93e+01 -2.25e-01 9.9e-01 1.4e+01 1.00e-01
24 1.7e-01 2.2e-86 3.1e-86 +1.99e+00 -1.06e-01 9.5e-01 2.4e+00 1.00e-01
25 2.2e-02 2.2e-86 4.5e-86 +2.16e-01 -4.59e-02 9.2e-01 1.1e+00 1.00e-01
26 3.3e-03 2.2e-86 4.0e-87 +2.40e-02 -1.60e-02 8.9e-01 9.8e-01 1.00e-01
27 5.7e-04 2.2e-86 1.4e-88 +2.73e-03 -4.12e-03 9.0e-01 9.6e-01 1.00e-01
28 9.3e-05 2.2e-86 1.9e-89 +3.01e-04 -8.17e-04 8.9e-01 9.7e-01 1.00e-01
29 1.4e-05 2.2e-86 1.7e-89 +2.00e-05 -1.50e-04 1.0e+00 9.4e-01 1.00e-01
30 2.0e-06 2.2e-86 9.3e-90 -1.07e-05 -3.50e-05 1.0e+00 9.8e-01 1.00e-01
31 2.4e-07 2.2e-86 2.3e-88 -1.39e-05 -1.67e-05 1.0e+00 9.9e-01 1.00e-01
32 2.5e-08 2.2e-86 1.1e-85 -1.42e-05 -1.45e-05 1.0e+00 9.9e-01 1.00e-01
33 2.5e-09 2.2e-86 7.3e-88 -1.42e-05 -1.43e-05 1.0e+00 9.9e-01 1.00e-01
34 2.5e-10 2.2e-86 5.7e-90 -1.42e-05 -1.42e-05 1.0e+00 9.9e-01 1.00e-01
35 2.5e-11 2.2e-86 1.4e-90 -1.42e-05 -1.42e-05 1.0e+00 9.9e-01 1.00e-01
36 2.5e-12 2.2e-86 5.4e-91 -1.42e-05 -1.42e-05 1.0e+00 9.9e-01 1.00e-01
37 2.5e-13 2.2e-86 2.8e-89 -1.42e-05 -1.42e-05 1.0e+00 9.9e-01 1.00e-01
38 2.5e-14 2.2e-86 1.9e-89 -1.42e-05 -1.42e-05 1.0e+00 9.9e-01 1.00e-01
39 2.5e-15 2.2e-86 1.0e-89 -1.42e-05 -1.42e-05 1.0e+00 9.9e-01 1.00e-01
40 2.5e-16 2.2e-86 1.6e-89 -1.42e-05 -1.42e-05 1.0e+00 9.9e-01 1.00e-01
41 2.5e-17 2.2e-86 1.4e-90 -1.42e-05 -1.42e-05 1.0e+00 9.9e-01 1.00e-01
42 2.5e-18 2.2e-86 1.6e-89 -1.42e-05 -1.42e-05 1.0e+00 9.9e-01 1.00e-01
43 2.5e-19 2.2e-86 1.7e-89 -1.42e-05 -1.42e-05 1.0e+00 9.9e-01 1.00e-01
44 2.5e-20 2.2e-86 1.9e-89 -1.42e-05 -1.42e-05 1.0e+00 9.9e-01 1.00e-01
45 2.5e-21 2.2e-86 8.4e-80 -1.42e-05 -1.42e-05 1.0e+00 9.9e-01 1.00e-01
46 2.5e-22 2.2e-86 3.9e-80 -1.42e-05 -1.42e-05 1.0e+00 9.9e-01 1.00e-01
47 2.5e-23 2.2e-86 4.6e-80 -1.42e-05 -1.42e-05 1.0e+00 9.9e-01 1.00e-01
48 2.5e-24 2.2e-86 7.4e-81 -1.42e-05 -1.42e-05 1.0e+00 9.9e-01 1.00e-01
49 2.5e-25 2.2e-86 2.7e-81 -1.42e-05 -1.42e-05 1.0e+00 9.9e-01 1.00e-01
50 2.5e-26 2.2e-86 8.9e-82 -1.42e-05 -1.42e-05 1.0e+00 9.9e-01 1.00e-01
51 2.5e-27 2.2e-86 2.6e-82 -1.42e-05 -1.42e-05 1.0e+00 9.9e-01 1.00e-01
52 2.5e-28 2.2e-86 1.7e-81 -1.42e-05 -1.42e-05 1.0e+00 9.9e-01 1.00e-01
53 2.5e-29 2.2e-86 8.8e-81 -1.42e-05 -1.42e-05 1.0e+00 9.9e-01 1.00e-01
54 2.5e-30 2.2e-86 3.8e-80 -1.42e-05 -1.42e-05 1.0e+00 9.9e-01 1.00e-01
55 2.5e-31 2.2e-86 5.1e-79 -1.42e-05 -1.42e-05 1.0e+00 9.9e-01 1.00e-01
56 2.5e-32 2.2e-86 4.6e-78 -1.42e-05 -1.42e-05 1.0e+00 9.9e-01 1.00e-01

phase.value = pdOPT     
   Iteration = 56
          mu = 2.5285687364805086e-32
relative gap = 3.0342824837766103e-31
         gap = 3.0342824837766103e-31
      digits = 2.5671198837553703e+01
objValPrimal = -1.4231636662698164e-05
objValDual   = -1.4231636662698164e-05
p.feas.error = 2.2007879956119680e-76
d.feas.error = 5.5149231552507362e-67
relative eps = 8.6361685550944446e-78
total time   = 0.110


Parameters are
maxIteration =    200
epsilonStar  = 1.000e-30
lambdaStar   = 1.000e+10
omegaStar    = 2.000e+00
lowerBound   = -1.000e+05
upperBound   = 1.000e+05
betaStar     = 1.000e-01
betaBar      = 3.000e-01
gammaStar    = 9.000e-01
epsilonDash  = 1.000e-30
precision    =    200

                         Time(sec)  Ratio(% : MainLoop) 
 Predictor time  =       0.030000,  27.272727
 Corrector time  =       0.010000,  9.090909
 Make bMat time  =       0.010000,  9.090909
 Make bDia time  =       0.000000,  0.000000
 Make bF1  time  =       0.010000,  9.090909
 Make bF2  time  =       0.000000,  0.000000
 Make bF3  time  =       0.000000,  0.000000
 Make bPRE time  =       0.010000,  9.090909
 Make rMat time  =       0.010000,  9.090909
 Make gVec Mul   =       0.000000,  0.000000
 Make gVec time  =       0.000000,  0.000000
 Cholesky bMat   =       0.000000,  0.000000
 Ste Pre time    =       0.000000,  0.000000
 Ste Cor time    =       0.070000,  63.636364
 solve           =       0.000000,  0.000000
 sumDz           =       0.000000,  0.000000
 makedX          =       0.020000,  18.181818
 symmetriseDx    =       0.000000,  0.000000
 makedXdZ        =       0.020000,  18.181818
 xMatTime        =       0.000000,  0.000000
 zMatTime        =       0.000000,  0.000000
 invzMatTime     =       0.000000,  0.000000
 xMatzMatTime    =       0.000000,  0.000000
 EigxMatTime     =       0.040000,  36.363636
 EigzMatTime     =       0.030000,  27.272727
 EigxMatzMatTime =       0.000000,  0.000000
 updateRes       =       0.000000,  0.000000
 EigTime         =       0.070000,  63.636364
 sub_total_bMat  =       0.100000,  90.909091
 Main Loop       =       0.110000,  100.000000
 File Check      =       0.000000,  0.000000
 File Change     =       0.000000,  0.000000
 File Read       =       0.000000,  0.000000
 Total           =       0.110000,  100.000000

xVec = 
{+1.423163666270e-05,+5.511355998063e-01,+4.423411550089e-01,+3.981032604555e-01,+3.859918278718e-01,+3.977089813737e-01,+4.317227859289e-01,+4.900249310957e-01}
xMat = 
{
{ {+9.999857683633e-01,+5.511355998063e-01,+4.423411550089e-01,+3.981032604555e-01,+3.859918278718e-01,+3.977089813737e-01 },
  {+5.511355998063e-01,+4.423269233723e-01,+3.981032604555e-01,+3.859918278718e-01,+3.977089813737e-01,+4.317227859289e-01 },
  {+4.423411550089e-01,+3.981032604555e-01,+3.859775962351e-01,+3.977089813737e-01,+4.317227859289e-01,+4.900249310957e-01 },
  {+3.981032604555e-01,+3.859918278718e-01,+3.977089813737e-01,+4.317085542922e-01,+4.900249310957e-01,+5.777110178747e-01 },
  {+3.859918278718e-01,+3.977089813737e-01,+4.317227859289e-01,+4.900249310957e-01,+5.776967862381e-01,+7.040315200410e-01 },
  {+3.977089813737e-01,+4.317227859289e-01,+4.900249310957e-01,+5.777110178747e-01,+7.040315200410e-01,+8.867163167268e-01 }   }
{ {+5.511213681697e-01,+4.423411550089e-01,+3.981032604555e-01,+3.859918278718e-01,+3.977089813737e-01,+4.317227859289e-01 },
  {+4.423411550089e-01,+3.980890288188e-01,+3.859918278718e-01,+3.977089813737e-01,+4.317227859289e-01,+4.900249310957e-01 },
  {+3.981032604555e-01,+3.859918278718e-01,+3.976947497371e-01,+4.317227859289e-01,+4.900249310957e-01,+5.777110178747e-01 },
  {+3.859918278718e-01,+3.977089813737e-01,+4.317227859289e-01,+4.900106994590e-01,+5.777110178747e-01,+7.040315200410e-01 },
  {+3.977089813737e-01,+4.317227859289e-01,+4.900249310957e-01,+5.777110178747e-01,+7.040172884044e-01,+8.867305483634e-01 },
  {+4.317227859289e-01,+4.900249310957e-01,+5.777110178747e-01,+7.040315200410e-01,+8.867305483634e-01,+1.189881991533e+00 }   }
}
yMat = 
{
{ {+1.527200764389e-05,-3.568926377210e-04,+1.423553301238e-03,-2.031116949544e-03,+1.146737535766e-03,-2.069573613418e-04 },
  {-3.568926377210e-04,+8.340249548684e-03,-3.326711880074e-02,+4.746531710470e-02,-2.679819140064e-02,+4.836401363026e-03 },
  {+1.423553301238e-03,-3.326711880074e-02,+1.326940143508e-01,-1.893269900162e-01,+1.068911201956e-01,-1.929116602239e-02 },
  {-2.031116949544e-03,+4.746531710470e-02,-1.893269900162e-01,+2.701305656022e-01,-1.525115819663e-01,+2.752451506416e-02 },
  {+1.146737535766e-03,-2.679819140064e-02,+1.068911201956e-01,-1.525115819663e-01,+8.610570441009e-02,-1.553991983815e-02 },
  {-2.069573613418e-04,+4.836401363026e-03,-1.929116602239e-02,+2.752451506416e-02,-1.553991983815e-02,+2.804565739639e-03 }   }
{ {+6.762777330532e-04,-5.521532705168e-03,+1.269281139894e-02,-1.144057170215e-02,+3.882309200596e-03,-2.580860114742e-04 },
  {-5.521532705168e-03,+4.508106939525e-02,-1.036316439747e-01,+9.340761603079e-02,-3.169747601460e-02,+2.107167341837e-03 },
  {+1.269281139894e-02,-1.036316439747e-01,+2.382267718350e-01,-2.147239393138e-01,+7.286565277415e-02,-4.843922708438e-03 },
  {-1.144057170215e-02,+9.340761603079e-02,-2.147239393138e-01,+1.935398350039e-01,-6.567691734991e-02,+4.366033916658e-03 },
  {+3.882309200596e-03,-3.169747601460e-02,+7.286565277415e-02,-6.567691734991e-02,+2.228718171894e-02,-1.481594983717e-03 },
  {-2.580860114742e-04,+2.107167341837e-03,-4.843922708438e-03,+4.366033916658e-03,-1.481594983717e-03,+9.849265481201e-05 }   }
}
    main loop time = 0.110000
        total time = 0.110000
  file   read time = 0.000000
