SDPA-GMP start at Wed Jun  5 23:35:12 2024
*SDP Scan Problem: V = x^2 - 2*x^4 + x^8
* K = 6; eval = 1.658291457286433; Domain = R+ with BCs: Neumann
data      is /Users/gorg/qmBoot/data/K=6_BC-Neumann_V_0.0_0.0_1.0_0.0_-2.0_0.0_0.0_0.0_1.0/e=1.658291457286433_K=6_D=R+.dat
parameter is ./param.sdpa
out       is /Users/gorg/qmBoot/data/K=6_BC-Neumann_V_0.0_0.0_1.0_0.0_-2.0_0.0_0.0_0.0_1.0/e=1.658291457286433_K=6_D=R+.out
DENSE computation
   mu      thetaP  thetaD  objP      objD      alphaP  alphaD  beta 
 0 1.0e+20 1.0e+00 1.0e+00 +0.00e+00 -1.55e+10 1.0e+00 9.0e-01 3.00e-01
 1 1.6e+19 8.6e-88 1.0e-01 +1.60e+10 -1.55e+09 9.0e-01 9.0e-01 3.00e-01
 2 2.5e+18 1.7e-87 1.0e-02 +2.46e+10 -1.55e+08 9.0e-01 9.0e-01 3.00e-01
 3 3.8e+17 2.6e-87 1.0e-03 +3.79e+10 -1.55e+07 9.0e-01 9.0e-01 3.00e-01
 4 5.8e+16 2.6e-87 1.0e-04 +5.84e+10 -1.55e+06 9.0e-01 9.0e-01 3.00e-01
 5 9.0e+15 3.5e-87 1.0e-05 +9.00e+10 -1.55e+05 9.0e-01 9.0e-01 3.00e-01
 6 1.4e+15 3.5e-87 1.0e-06 +1.39e+11 -1.55e+04 9.0e-01 9.0e-01 3.00e-01
 7 2.1e+14 5.2e-87 1.0e-07 +2.13e+11 -1.55e+03 9.0e-01 9.0e-01 3.00e-01
 8 3.3e+13 6.9e-87 1.0e-08 +3.29e+11 -1.55e+02 9.0e-01 9.0e-01 3.00e-01
 9 5.1e+12 7.8e-87 1.0e-09 +5.05e+11 -1.56e+01 9.0e-01 9.0e-01 3.00e-01
10 8.4e+11 7.8e-87 1.0e-10 +7.67e+11 -1.68e+00 9.0e-01 9.0e-01 3.00e-01
11 2.0e+11 8.6e-87 1.1e-11 +1.03e+12 -2.93e-01 1.5e+00 9.5e-01 3.00e-01
12 5.0e+10 9.5e-87 5.0e-13 +5.43e+11 -1.71e-01 1.1e+00 1.0e+00 3.00e-01
13 1.2e+10 7.8e-87 3.3e-94 +1.46e+11 -2.31e-01 9.7e-01 9.7e-01 1.00e-01
14 1.5e+09 7.8e-87 5.4e-94 +1.82e+10 -2.34e-01 9.9e-01 9.9e-01 1.00e-01
15 1.6e+08 7.8e-87 1.1e-93 +1.93e+09 -2.37e-01 1.0e+00 1.0e+00 1.00e-01
16 1.6e+07 6.9e-87 4.4e-93 +1.93e+08 -2.39e-01 1.0e+00 1.0e+00 1.00e-01
17 1.6e+06 7.8e-87 1.4e-92 +1.93e+07 -2.41e-01 1.0e+00 1.0e+00 1.00e-01
18 1.6e+05 8.6e-87 4.2e-92 +1.93e+06 -2.42e-01 1.0e+00 1.0e+00 1.00e-01
19 1.6e+04 8.6e-87 1.5e-91 +1.93e+05 -2.44e-01 1.0e+00 1.0e+00 1.00e-01
20 1.6e+03 1.0e-86 4.0e-91 +1.93e+04 -2.45e-01 1.0e+00 1.0e+00 1.00e-01
21 1.6e+02 1.3e-86 1.6e-90 +1.93e+03 -2.47e-01 1.0e+00 1.0e+00 1.00e-01
22 1.6e+01 1.5e-86 2.3e-90 +1.93e+02 -2.48e-01 1.0e+00 9.0e+01 1.00e-01
23 1.6e+00 1.6e-86 3.2e-87 +1.94e+01 -2.26e-01 9.9e-01 1.4e+01 1.00e-01
24 1.8e-01 1.8e-86 4.0e-86 +2.00e+00 -1.07e-01 9.5e-01 2.3e+00 1.00e-01
25 2.2e-02 1.7e-86 5.3e-86 +2.17e-01 -4.71e-02 9.2e-01 1.1e+00 1.00e-01
26 3.5e-03 1.6e-86 4.3e-87 +2.47e-02 -1.70e-02 9.0e-01 9.6e-01 1.00e-01
27 6.0e-04 1.7e-86 2.2e-88 +2.70e-03 -4.48e-03 9.1e-01 9.6e-01 1.00e-01
28 9.4e-05 1.7e-86 1.8e-89 +2.87e-04 -8.42e-04 9.0e-01 9.7e-01 1.00e-01
29 1.4e-05 1.7e-86 1.7e-89 +1.73e-05 -1.45e-04 1.0e+00 9.5e-01 1.00e-01
30 1.9e-06 1.7e-86 1.6e-89 -1.20e-05 -3.45e-05 1.0e+00 9.8e-01 1.00e-01
31 2.2e-07 1.7e-86 1.4e-88 -1.50e-05 -1.76e-05 1.0e+00 9.9e-01 1.00e-01
32 2.4e-08 1.7e-86 1.3e-85 -1.53e-05 -1.56e-05 1.0e+00 9.9e-01 1.00e-01
33 2.4e-09 1.7e-86 8.6e-88 -1.53e-05 -1.54e-05 1.0e+00 9.9e-01 1.00e-01
34 2.4e-10 1.7e-86 5.8e-90 -1.53e-05 -1.54e-05 1.0e+00 9.9e-01 1.00e-01
35 2.4e-11 1.7e-86 1.6e-88 -1.53e-05 -1.53e-05 1.0e+00 9.9e-01 1.00e-01
36 2.4e-12 1.7e-86 3.5e-88 -1.53e-05 -1.53e-05 1.0e+00 9.9e-01 1.00e-01
37 2.4e-13 1.7e-86 6.2e-88 -1.53e-05 -1.53e-05 1.0e+00 9.9e-01 1.00e-01
38 2.4e-14 1.6e-86 9.1e-88 -1.53e-05 -1.53e-05 1.0e+00 9.9e-01 1.00e-01
39 2.4e-15 1.7e-86 8.1e-88 -1.53e-05 -1.53e-05 1.0e+00 9.9e-01 1.00e-01
40 2.4e-16 1.7e-86 6.0e-88 -1.53e-05 -1.53e-05 1.0e+00 9.9e-01 1.00e-01
41 2.4e-17 1.7e-86 8.7e-88 -1.53e-05 -1.53e-05 1.0e+00 9.9e-01 1.00e-01
42 2.4e-18 1.7e-86 8.6e-88 -1.53e-05 -1.53e-05 1.0e+00 9.9e-01 1.00e-01
43 2.4e-19 1.7e-86 8.6e-88 -1.53e-05 -1.53e-05 1.0e+00 9.9e-01 1.00e-01
44 2.4e-20 1.7e-86 1.1e-87 -1.53e-05 -1.53e-05 1.0e+00 9.9e-01 1.00e-01
45 2.4e-21 1.7e-86 4.5e-80 -1.53e-05 -1.53e-05 1.0e+00 9.9e-01 1.00e-01
46 2.4e-22 1.7e-86 1.7e-80 -1.53e-05 -1.53e-05 1.0e+00 9.9e-01 1.00e-01
47 2.4e-23 1.7e-86 1.9e-80 -1.53e-05 -1.53e-05 1.0e+00 9.9e-01 1.00e-01
48 2.4e-24 1.7e-86 4.6e-81 -1.53e-05 -1.53e-05 1.0e+00 9.9e-01 1.00e-01
49 2.4e-25 1.7e-86 1.6e-81 -1.53e-05 -1.53e-05 1.0e+00 9.9e-01 1.00e-01
50 2.4e-26 1.7e-86 5.3e-82 -1.53e-05 -1.53e-05 1.0e+00 9.9e-01 1.00e-01
51 2.4e-27 1.7e-86 1.5e-82 -1.53e-05 -1.53e-05 1.0e+00 9.9e-01 1.00e-01
52 2.4e-28 1.7e-86 4.2e-82 -1.53e-05 -1.53e-05 1.0e+00 9.9e-01 1.00e-01
53 2.4e-29 1.7e-86 4.2e-81 -1.53e-05 -1.53e-05 1.0e+00 9.9e-01 1.00e-01
54 2.4e-30 1.7e-86 7.4e-80 -1.53e-05 -1.53e-05 1.0e+00 9.9e-01 1.00e-01
55 2.4e-31 1.7e-86 3.9e-79 -1.53e-05 -1.53e-05 1.0e+00 9.9e-01 1.00e-01
56 2.4e-32 1.7e-86 3.2e-78 -1.53e-05 -1.53e-05 1.0e+00 9.9e-01 1.00e-01

phase.value = pdOPT     
   Iteration = 56
          mu = 2.3918637688049941e-32
relative gap = 2.8702365225659929e-31
         gap = 2.8702365225659929e-31
      digits = 2.5728132379620945e+01
objValPrimal = -1.5347939054387213e-05
objValDual   = -1.5347939054387213e-05
p.feas.error = 1.7272337110188889e-76
d.feas.error = 3.8098153184661898e-67
relative eps = 8.6361685550944446e-78
total time   = 0.110


Parameters are
maxIteration =    200
epsilonStar  = 1.000e-30
lambdaStar   = 1.000e+10
omegaStar    = 2.000e+00
lowerBound   = -1.000e+05
upperBound   = 1.000e+05
betaStar     = 1.000e-01
betaBar      = 3.000e-01
gammaStar    = 9.000e-01
epsilonDash  = 1.000e-30
precision    =    200

                         Time(sec)  Ratio(% : MainLoop) 
 Predictor time  =       0.020000,  18.181818
 Corrector time  =       0.030000,  27.272727
 Make bMat time  =       0.020000,  18.181818
 Make bDia time  =       0.000000,  0.000000
 Make bF1  time  =       0.010000,  9.090909
 Make bF2  time  =       0.000000,  0.000000
 Make bF3  time  =       0.010000,  9.090909
 Make bPRE time  =       0.000000,  0.000000
 Make rMat time  =       0.000000,  0.000000
 Make gVec Mul   =       0.000000,  0.000000
 Make gVec time  =       0.000000,  0.000000
 Cholesky bMat   =       0.000000,  0.000000
 Ste Pre time    =       0.000000,  0.000000
 Ste Cor time    =       0.050000,  45.454545
 solve           =       0.000000,  0.000000
 sumDz           =       0.000000,  0.000000
 makedX          =       0.020000,  18.181818
 symmetriseDx    =       0.000000,  0.000000
 makedXdZ        =       0.020000,  18.181818
 xMatTime        =       0.000000,  0.000000
 zMatTime        =       0.000000,  0.000000
 invzMatTime     =       0.000000,  0.000000
 xMatzMatTime    =       0.000000,  0.000000
 EigxMatTime     =       0.020000,  18.181818
 EigzMatTime     =       0.030000,  27.272727
 EigxMatzMatTime =       0.000000,  0.000000
 updateRes       =       0.010000,  9.090909
 EigTime         =       0.050000,  45.454545
 sub_total_bMat  =       0.090000,  81.818182
 Main Loop       =       0.110000,  100.000000
 File Check      =       0.000000,  0.000000
 File Change     =       0.000000,  0.000000
 File Read       =       0.000000,  0.000000
 Total           =       0.110000,  100.000000

xVec = 
{+1.534793905439e-05,+5.459013135751e-01,+4.447250955012e-01,+4.118028062752e-01,+4.113941429756e-01,+4.344980385651e-01,+4.795734279037e-01,+5.487823118458e-01}
xMat = 
{
{ {+9.999846520609e-01,+5.459013135751e-01,+4.447250955012e-01,+4.118028062752e-01,+4.113941429756e-01,+4.344980385651e-01 },
  {+5.459013135751e-01,+4.447097475621e-01,+4.118028062752e-01,+4.113941429756e-01,+4.344980385651e-01,+4.795734279037e-01 },
  {+4.447250955012e-01,+4.118028062752e-01,+4.113787950366e-01,+4.344980385651e-01,+4.795734279037e-01,+5.487823118458e-01 },
  {+4.118028062752e-01,+4.113941429756e-01,+4.344980385651e-01,+4.795580799646e-01,+5.487823118458e-01,+6.474412248275e-01 },
  {+4.113941429756e-01,+4.344980385651e-01,+4.795734279037e-01,+5.487823118458e-01,+6.474258768885e-01,+7.851181774840e-01 },
  {+4.344980385651e-01,+4.795734279037e-01,+5.487823118458e-01,+6.474412248275e-01,+7.851181774840e-01,+9.803573930990e-01 }   }
{ {+5.458859656360e-01,+4.447250955012e-01,+4.118028062752e-01,+4.113941429756e-01,+4.344980385651e-01,+4.795734279037e-01 },
  {+4.447250955012e-01,+4.117874583361e-01,+4.113941429756e-01,+4.344980385651e-01,+4.795734279037e-01,+5.487823118458e-01 },
  {+4.118028062752e-01,+4.113941429756e-01,+4.344826906261e-01,+4.795734279037e-01,+5.487823118458e-01,+6.474412248275e-01 },
  {+4.113941429756e-01,+4.344980385651e-01,+4.795734279037e-01,+5.487669639068e-01,+6.474412248275e-01,+7.851181774840e-01 },
  {+4.344980385651e-01,+4.795734279037e-01,+5.487823118458e-01,+6.474412248275e-01,+7.851028295450e-01,+9.803727410380e-01 },
  {+4.795734279037e-01,+5.487823118458e-01,+6.474412248275e-01,+7.851181774840e-01,+9.803727410380e-01,+1.302467368774e+00 }   }
}
yMat = 
{
{ {+1.753143510110e-05,-3.871241453882e-04,+1.532450718047e-03,-2.174018870479e-03,+1.222457627086e-03,-2.194801957104e-04 },
  {-3.871241453882e-04,+8.548364870206e-03,-3.383913930333e-02,+4.800606410364e-02,-2.699396035919e-02,+4.846499028976e-03 },
  {+1.532450718047e-03,-3.383913930333e-02,+1.339539626790e-01,-1.900344586682e-01,+1.068569719253e-01,-1.918511414347e-02 },
  {-2.174018870479e-03,+4.800606410364e-02,-1.900344586682e-01,+2.695933345984e-01,-1.515931773023e-01,+2.721705806851e-02 },
  {+1.222457627086e-03,-2.699396035919e-02,+1.068569719253e-01,-1.515931773023e-01,+8.524131888814e-02,-1.530423708574e-02 },
  {-2.194801957104e-04,+4.846499028976e-03,-1.918511414347e-02,+2.721705806851e-02,-1.530423708574e-02,+2.747724646117e-03 }   }
{ {+7.161956388331e-04,-5.724659803493e-03,+1.308364502253e-02,-1.173774739651e-02,+3.964074799694e-03,-2.637452240613e-04 },
  {-5.724659803493e-03,+4.575806956760e-02,-1.045795487748e-01,+9.382158597589e-02,-3.168544798852e-02,+2.108155370797e-03 },
  {+1.308364502253e-02,-1.045795487748e-01,+2.390153720489e-01,-2.144281701438e-01,+7.241673183942e-02,-4.818165178481e-03 },
  {-1.173774739651e-02,+9.382158597589e-02,-2.144281701438e-01,+1.923702218693e-01,-6.496731638225e-02,+4.322526763931e-03 },
  {+3.964074799694e-03,-3.168544798852e-02,+7.241673183942e-02,-6.496731638225e-02,+2.194077730377e-02,-1.459804751038e-03 },
  {-2.637452240613e-04,+2.108155370797e-03,-4.818165178481e-03,+4.322526763931e-03,-1.459804751038e-03,+9.712645462140e-05 }   }
}
    main loop time = 0.110000
        total time = 0.110000
  file   read time = 0.000000
