SDPA-GMP start at Wed Jun  5 23:35:12 2024
*SDP Scan Problem: V = x^2 - 2*x^4 + x^8
* K = 6; eval = 2.160804020100503; Domain = R+ with BCs: Neumann
data      is /Users/gorg/qmBoot/data/K=6_BC-Neumann_V_0.0_0.0_1.0_0.0_-2.0_0.0_0.0_0.0_1.0/e=2.160804020100503_K=6_D=R+.dat
parameter is ./param.sdpa
out       is /Users/gorg/qmBoot/data/K=6_BC-Neumann_V_0.0_0.0_1.0_0.0_-2.0_0.0_0.0_0.0_1.0/e=2.160804020100503_K=6_D=R+.out
DENSE computation
   mu      thetaP  thetaD  objP      objD      alphaP  alphaD  beta 
 0 1.0e+20 1.0e+00 1.0e+00 +0.00e+00 -1.65e+10 1.0e+00 9.0e-01 3.00e-01
 1 1.6e+19 8.6e-88 1.0e-01 +1.60e+10 -1.65e+09 9.0e-01 9.0e-01 3.00e-01
 2 2.5e+18 1.7e-87 1.0e-02 +2.46e+10 -1.65e+08 9.0e-01 9.0e-01 3.00e-01
 3 3.8e+17 2.6e-87 1.0e-03 +3.79e+10 -1.65e+07 9.0e-01 9.0e-01 3.00e-01
 4 5.8e+16 1.7e-87 1.0e-04 +5.84e+10 -1.65e+06 9.0e-01 9.0e-01 3.00e-01
 5 9.0e+15 2.6e-87 1.0e-05 +9.00e+10 -1.65e+05 9.0e-01 9.0e-01 3.00e-01
 6 1.4e+15 3.5e-87 1.0e-06 +1.39e+11 -1.65e+04 9.0e-01 9.0e-01 3.00e-01
 7 2.1e+14 4.3e-87 1.0e-07 +2.13e+11 -1.65e+03 9.0e-01 9.0e-01 3.00e-01
 8 3.3e+13 4.3e-87 1.0e-08 +3.29e+11 -1.65e+02 9.0e-01 9.0e-01 3.00e-01
 9 5.1e+12 5.2e-87 1.0e-09 +5.05e+11 -1.66e+01 9.0e-01 9.0e-01 3.00e-01
10 8.4e+11 5.2e-87 1.0e-10 +7.67e+11 -1.79e+00 8.9e-01 8.9e-01 3.00e-01
11 2.0e+11 6.9e-87 1.1e-11 +1.03e+12 -3.09e-01 1.6e+00 9.5e-01 3.00e-01
12 5.0e+10 8.6e-87 5.8e-13 +5.35e+11 -1.76e-01 1.1e+00 1.0e+00 3.00e-01
13 1.2e+10 6.9e-87 2.3e-94 +1.46e+11 -2.46e-01 9.7e-01 9.7e-01 1.00e-01
14 1.5e+09 6.0e-87 4.0e-94 +1.83e+10 -2.48e-01 9.9e-01 9.9e-01 1.00e-01
15 1.6e+08 7.8e-87 1.5e-93 +1.94e+09 -2.50e-01 1.0e+00 1.0e+00 1.00e-01
16 1.6e+07 7.8e-87 3.8e-93 +1.94e+08 -2.53e-01 1.0e+00 1.0e+00 1.00e-01
17 1.6e+06 1.0e-86 9.8e-93 +1.94e+07 -2.55e-01 1.0e+00 1.0e+00 1.00e-01
18 1.6e+05 1.2e-86 3.3e-92 +1.94e+06 -2.56e-01 1.0e+00 1.0e+00 1.00e-01
19 1.6e+04 1.3e-86 1.3e-91 +1.94e+05 -2.58e-01 1.0e+00 1.0e+00 1.00e-01
20 1.6e+03 1.6e-86 5.7e-91 +1.94e+04 -2.59e-01 1.0e+00 1.0e+00 1.00e-01
21 1.6e+02 1.7e-86 1.3e-90 +1.94e+03 -2.60e-01 1.0e+00 1.0e+00 1.00e-01
22 1.6e+01 1.7e-86 3.0e-90 +1.94e+02 -2.61e-01 1.0e+00 9.0e+01 1.00e-01
23 1.6e+00 1.9e-86 2.8e-87 +1.95e+01 -2.26e-01 9.9e-01 1.5e+01 1.00e-01
24 1.8e-01 2.0e-86 3.7e-86 +2.02e+00 -1.09e-01 9.5e-01 2.1e+00 1.00e-01
25 2.2e-02 1.8e-86 4.2e-86 +2.18e-01 -4.92e-02 9.0e-01 1.1e+00 1.00e-01
26 3.7e-03 1.8e-86 4.0e-87 +2.65e-02 -1.83e-02 9.1e-01 9.3e-01 1.00e-01
27 6.6e-04 1.8e-86 2.9e-88 +2.81e-03 -5.09e-03 9.2e-01 9.5e-01 1.00e-01
28 1.0e-04 1.8e-86 7.2e-89 +2.68e-04 -9.38e-04 9.4e-01 9.7e-01 1.00e-01
29 1.3e-05 1.9e-86 1.7e-89 +1.22e-05 -1.45e-04 1.0e+00 9.5e-01 1.00e-01
30 1.8e-06 1.7e-86 7.2e-89 -1.46e-05 -3.56e-05 1.0e+00 9.8e-01 1.00e-01
31 2.0e-07 1.8e-86 1.5e-88 -1.73e-05 -1.98e-05 1.0e+00 9.8e-01 1.00e-01
32 2.2e-08 1.8e-86 2.1e-85 -1.76e-05 -1.79e-05 1.0e+00 9.9e-01 1.00e-01
33 2.3e-09 1.9e-86 1.7e-87 -1.77e-05 -1.77e-05 1.0e+00 9.9e-01 1.00e-01
34 2.3e-10 1.8e-86 7.2e-89 -1.77e-05 -1.77e-05 1.0e+00 9.9e-01 1.00e-01
35 2.3e-11 1.7e-86 4.2e-90 -1.77e-05 -1.77e-05 1.0e+00 9.9e-01 1.00e-01
36 2.3e-12 1.9e-86 3.0e-90 -1.77e-05 -1.77e-05 1.0e+00 9.9e-01 1.00e-01
37 2.3e-13 1.8e-86 1.9e-89 -1.77e-05 -1.77e-05 1.0e+00 9.9e-01 1.00e-01
38 2.3e-14 1.8e-86 4.2e-89 -1.77e-05 -1.77e-05 1.0e+00 9.9e-01 1.00e-01
39 2.3e-15 1.8e-86 1.3e-89 -1.77e-05 -1.77e-05 1.0e+00 9.9e-01 1.00e-01
40 2.3e-16 1.8e-86 2.1e-89 -1.77e-05 -1.77e-05 1.0e+00 9.9e-01 1.00e-01
41 2.3e-17 1.8e-86 1.7e-89 -1.77e-05 -1.77e-05 1.0e+00 9.9e-01 1.00e-01
42 2.3e-18 1.8e-86 1.5e-89 -1.77e-05 -1.77e-05 1.0e+00 9.9e-01 1.00e-01
43 2.3e-19 1.8e-86 1.3e-89 -1.77e-05 -1.77e-05 1.0e+00 9.9e-01 1.00e-01
44 2.3e-20 1.8e-86 1.5e-89 -1.77e-05 -1.77e-05 1.0e+00 9.9e-01 1.00e-01
45 2.3e-21 1.8e-86 5.8e-80 -1.77e-05 -1.77e-05 1.0e+00 9.9e-01 1.00e-01
46 2.3e-22 1.8e-86 1.7e-80 -1.77e-05 -1.77e-05 1.0e+00 9.9e-01 1.00e-01
47 2.3e-23 1.8e-86 2.4e-80 -1.77e-05 -1.77e-05 1.0e+00 9.9e-01 1.00e-01
48 2.3e-24 1.8e-86 7.4e-81 -1.77e-05 -1.77e-05 1.0e+00 9.9e-01 1.00e-01
49 2.3e-25 1.8e-86 2.9e-81 -1.77e-05 -1.77e-05 1.0e+00 9.9e-01 1.00e-01
50 2.3e-26 1.8e-86 1.2e-81 -1.77e-05 -1.77e-05 1.0e+00 9.9e-01 1.00e-01
51 2.3e-27 1.8e-86 2.9e-82 -1.77e-05 -1.77e-05 1.0e+00 9.9e-01 1.00e-01
52 2.3e-28 1.8e-86 7.2e-82 -1.77e-05 -1.77e-05 1.0e+00 9.9e-01 1.00e-01
53 2.3e-29 1.8e-86 3.1e-81 -1.77e-05 -1.77e-05 1.0e+00 9.9e-01 1.00e-01
54 2.3e-30 1.8e-86 1.3e-79 -1.77e-05 -1.77e-05 1.0e+00 9.9e-01 1.00e-01
55 2.3e-31 1.8e-86 5.6e-79 -1.77e-05 -1.77e-05 1.0e+00 9.9e-01 1.00e-01
56 2.3e-32 1.8e-86 1.1e-77 -1.77e-05 -1.77e-05 1.0e+00 9.9e-01 1.00e-01

phase.value = pdOPT     
   Iteration = 56
          mu = 2.2839904859372985e-32
relative gap = 2.7407885831247582e-31
         gap = 2.7407885831247582e-31
      digits = 2.5809059588183750e+01
objValPrimal = -1.7657740282199047e-05
objValDual   = -1.7657740282199047e-05
p.feas.error = 1.8135953965698334e-76
d.feas.error = 1.2953699233336622e-66
relative eps = 8.6361685550944446e-78
total time   = 0.100


Parameters are
maxIteration =    200
epsilonStar  = 1.000e-30
lambdaStar   = 1.000e+10
omegaStar    = 2.000e+00
lowerBound   = -1.000e+05
upperBound   = 1.000e+05
betaStar     = 1.000e-01
betaBar      = 3.000e-01
gammaStar    = 9.000e-01
epsilonDash  = 1.000e-30
precision    =    200

                         Time(sec)  Ratio(% : MainLoop) 
 Predictor time  =       0.020000,  20.000000
 Corrector time  =       0.030000,  30.000000
 Make bMat time  =       0.020000,  20.000000
 Make bDia time  =       0.000000,  0.000000
 Make bF1  time  =       0.010000,  10.000000
 Make bF2  time  =       0.010000,  10.000000
 Make bF3  time  =       0.000000,  0.000000
 Make bPRE time  =       0.010000,  10.000000
 Make rMat time  =       0.020000,  20.000000
 Make gVec Mul   =       0.000000,  0.000000
 Make gVec time  =       0.000000,  0.000000
 Cholesky bMat   =       0.000000,  0.000000
 Ste Pre time    =       0.000000,  0.000000
 Ste Cor time    =       0.050000,  50.000000
 solve           =       0.000000,  0.000000
 sumDz           =       0.000000,  0.000000
 makedX          =       0.010000,  10.000000
 symmetriseDx    =       0.000000,  0.000000
 makedXdZ        =       0.010000,  10.000000
 xMatTime        =       0.000000,  0.000000
 zMatTime        =       0.000000,  0.000000
 invzMatTime     =       0.000000,  0.000000
 xMatzMatTime    =       0.000000,  0.000000
 EigxMatTime     =       0.020000,  20.000000
 EigzMatTime     =       0.030000,  30.000000
 EigxMatzMatTime =       0.000000,  0.000000
 updateRes       =       0.000000,  0.000000
 EigTime         =       0.050000,  50.000000
 sub_total_bMat  =       0.080000,  80.000000
 Main Loop       =       0.100000,  100.000000
 File Check      =       0.000000,  0.000000
 File Change     =       0.000000,  0.000000
 File Read       =       0.000000,  0.000000
 Total           =       0.100000,  100.000000

xVec = 
{+1.765774028220e-05,+5.634567597302e-01,+4.775113132956e-01,+4.641870031911e-01,+4.850476248771e-01,+5.305721447802e-01,+5.995712198672e-01,+6.949630291743e-01}
xMat = 
{
{ {+9.999823422597e-01,+5.634567597302e-01,+4.775113132956e-01,+4.641870031911e-01,+4.850476248771e-01,+5.305721447802e-01 },
  {+5.634567597302e-01,+4.774936555553e-01,+4.641870031911e-01,+4.850476248771e-01,+5.305721447802e-01,+5.995712198672e-01 },
  {+4.775113132956e-01,+4.641870031911e-01,+4.850299671369e-01,+5.305721447802e-01,+5.995712198672e-01,+6.949630291743e-01 },
  {+4.641870031911e-01,+4.850476248771e-01,+5.305721447802e-01,+5.995535621269e-01,+6.949630291743e-01,+8.232134285544e-01 },
  {+4.850476248771e-01,+5.305721447802e-01,+5.995712198672e-01,+6.949630291743e-01,+8.231957708141e-01,+9.958369918423e-01 },
  {+5.305721447802e-01,+5.995712198672e-01,+6.949630291743e-01,+8.232134285544e-01,+9.958369918423e-01,+1.235831884460e+00 }   }
{ {+5.634391019899e-01,+4.775113132956e-01,+4.641870031911e-01,+4.850476248771e-01,+5.305721447802e-01,+5.995712198672e-01 },
  {+4.775113132956e-01,+4.641693454508e-01,+4.850476248771e-01,+5.305721447802e-01,+5.995712198672e-01,+6.949630291743e-01 },
  {+4.641870031911e-01,+4.850476248771e-01,+5.305544870399e-01,+5.995712198672e-01,+6.949630291743e-01,+8.232134285544e-01 },
  {+4.850476248771e-01,+5.305721447802e-01,+5.995712198672e-01,+6.949453714340e-01,+8.232134285544e-01,+9.958369918423e-01 },
  {+5.305721447802e-01,+5.995712198672e-01,+6.949630291743e-01,+8.232134285544e-01,+9.958193341021e-01,+1.235849542200e+00 },
  {+5.995712198672e-01,+6.949630291743e-01,+8.232134285544e-01,+9.958369918423e-01,+1.235849542200e+00,+1.634920436618e+00 }   }
}
yMat = 
{
{ {+2.328339216046e-05,-4.712523529790e-04,+1.809610175606e-03,-2.495690417522e-03,+1.364723398300e-03,-2.362558553086e-04 },
  {-4.712523529790e-04,+9.538076696806e-03,-3.662623759254e-02,+5.051239842801e-02,-2.762179617912e-02,+4.781782952929e-03 },
  {+1.809610175606e-03,-3.662623759254e-02,+1.406448409704e-01,-1.939677321753e-01,+1.060677641571e-01,-1.836205810848e-02 },
  {-2.495690417522e-03,+5.051239842801e-02,-1.939677321753e-01,+2.675070117442e-01,-1.462813959510e-01,+2.532369296165e-02 },
  {+1.364723398300e-03,-2.762179617912e-02,+1.060677641571e-01,-1.462813959510e-01,+7.999134924299e-02,-1.384780583100e-02 },
  {-2.362558553086e-04,+4.781782952929e-03,-1.836205810848e-02,+2.532369296165e-02,-1.384780583100e-02,+2.397280807836e-03 }   }
{ {+8.532650641291e-04,-6.487573585554e-03,+1.442787021389e-02,-1.259044615287e-02,+4.120158297700e-03,-2.654866887345e-04 },
  {-6.487573585554e-03,+4.932653731808e-02,-1.096984672530e-01,+9.572810293721e-02,-3.132652591108e-02,+2.018557305998e-03 },
  {+1.442787021389e-02,-1.096984672530e-01,+2.439610475807e-01,-2.128920199188e-01,+6.966781095227e-02,-4.489117918461e-03 },
  {-1.259044615287e-02,+9.572810293721e-02,-2.128920199188e-01,+1.857797078450e-01,-6.079544724057e-02,+3.917417927132e-03 },
  {+4.120158297700e-03,-3.132652591108e-02,+6.966781095227e-02,-6.079544724057e-02,+1.989499525031e-02,-1.281954728376e-03 },
  {-2.654866887345e-04,+2.018557305998e-03,-4.489117918461e-03,+3.917417927132e-03,-1.281954728376e-03,+8.260408735610e-05 }   }
}
    main loop time = 0.100000
        total time = 0.100000
  file   read time = 0.000000
