SDPA-GMP start at Wed Jun  5 23:35:12 2024
*SDP Scan Problem: V = x^2 - 2*x^4 + x^8
* K = 6; eval = 2.5628140703517595; Domain = R+ with BCs: Neumann
data      is /Users/gorg/qmBoot/data/K=6_BC-Neumann_V_0.0_0.0_1.0_0.0_-2.0_0.0_0.0_0.0_1.0/e=2.5628140703517595_K=6_D=R+.dat
parameter is ./param.sdpa
out       is /Users/gorg/qmBoot/data/K=6_BC-Neumann_V_0.0_0.0_1.0_0.0_-2.0_0.0_0.0_0.0_1.0/e=2.5628140703517595_K=6_D=R+.out
DENSE computation
   mu      thetaP  thetaD  objP      objD      alphaP  alphaD  beta 
 0 1.0e+20 1.0e+00 1.0e+00 +0.00e+00 -1.73e+10 1.0e+00 9.0e-01 3.00e-01
 1 1.6e+19 8.6e-88 1.0e-01 +1.60e+10 -1.73e+09 9.0e-01 9.0e-01 3.00e-01
 2 2.5e+18 1.7e-87 1.0e-02 +2.46e+10 -1.73e+08 9.0e-01 9.0e-01 3.00e-01
 3 3.8e+17 1.7e-87 1.0e-03 +3.79e+10 -1.73e+07 9.0e-01 9.0e-01 3.00e-01
 4 5.8e+16 1.7e-87 1.0e-04 +5.84e+10 -1.73e+06 9.0e-01 9.0e-01 3.00e-01
 5 9.0e+15 3.5e-87 1.0e-05 +9.00e+10 -1.73e+05 9.0e-01 9.0e-01 3.00e-01
 6 1.4e+15 5.2e-87 1.0e-06 +1.39e+11 -1.73e+04 9.0e-01 9.0e-01 3.00e-01
 7 2.1e+14 5.2e-87 1.0e-07 +2.13e+11 -1.73e+03 9.0e-01 9.0e-01 3.00e-01
 8 3.3e+13 6.0e-87 1.0e-08 +3.29e+11 -1.73e+02 9.0e-01 9.0e-01 3.00e-01
 9 5.1e+12 6.9e-87 1.0e-09 +5.05e+11 -1.74e+01 9.0e-01 9.0e-01 3.00e-01
10 8.4e+11 6.9e-87 1.0e-10 +7.66e+11 -1.88e+00 8.9e-01 8.9e-01 3.00e-01
11 2.0e+11 6.9e-87 1.1e-11 +1.03e+12 -3.21e-01 1.6e+00 9.4e-01 3.00e-01
12 5.0e+10 7.8e-87 6.3e-13 +5.27e+11 -1.80e-01 1.1e+00 1.0e+00 3.00e-01
13 1.2e+10 7.8e-87 2.5e-94 +1.46e+11 -2.57e-01 9.7e-01 9.7e-01 1.00e-01
14 1.5e+09 7.8e-87 3.8e-94 +1.83e+10 -2.59e-01 9.9e-01 9.9e-01 1.00e-01
15 1.6e+08 8.6e-87 1.1e-93 +1.94e+09 -2.61e-01 1.0e+00 1.0e+00 1.00e-01
16 1.6e+07 9.5e-87 2.7e-93 +1.94e+08 -2.64e-01 1.0e+00 1.0e+00 1.00e-01
17 1.6e+06 1.1e-86 6.6e-93 +1.94e+07 -2.65e-01 1.0e+00 1.0e+00 1.00e-01
18 1.6e+05 1.1e-86 5.0e-92 +1.94e+06 -2.67e-01 1.0e+00 1.0e+00 1.00e-01
19 1.6e+04 1.4e-86 1.2e-91 +1.94e+05 -2.69e-01 1.0e+00 1.0e+00 1.00e-01
20 1.6e+03 1.6e-86 4.6e-91 +1.94e+04 -2.70e-01 1.0e+00 1.0e+00 1.00e-01
21 1.6e+02 1.5e-86 1.5e-90 +1.94e+03 -2.71e-01 1.0e+00 1.0e+00 1.00e-01
22 1.6e+01 1.6e-86 3.2e-90 +1.94e+02 -2.72e-01 1.0e+00 9.0e+01 1.00e-01
23 1.6e+00 1.8e-86 2.3e-87 +1.95e+01 -2.23e-01 9.9e-01 1.6e+01 1.00e-01
24 1.8e-01 2.1e-86 3.3e-86 +2.02e+00 -1.13e-01 9.5e-01 2.0e+00 1.00e-01
25 2.2e-02 2.0e-86 3.3e-86 +2.17e-01 -5.05e-02 8.9e-01 1.1e+00 1.00e-01
26 3.8e-03 1.9e-86 3.7e-87 +2.73e-02 -1.86e-02 9.0e-01 9.2e-01 1.00e-01
27 7.0e-04 1.9e-86 3.6e-88 +3.00e-03 -5.36e-03 9.2e-01 9.5e-01 1.00e-01
28 1.1e-04 1.9e-86 1.6e-89 +2.94e-04 -1.01e-03 9.4e-01 9.8e-01 1.00e-01
29 1.4e-05 1.9e-86 1.5e-89 +1.31e-05 -1.57e-04 1.0e+00 9.5e-01 1.00e-01
30 1.9e-06 1.9e-86 2.1e-89 -1.55e-05 -3.89e-05 1.0e+00 9.8e-01 1.00e-01
31 2.2e-07 1.9e-86 2.2e-88 -1.85e-05 -2.12e-05 1.0e+00 9.8e-01 1.00e-01
32 2.5e-08 1.9e-86 4.0e-89 -1.88e-05 -1.91e-05 1.1e+00 9.9e-01 1.00e-01
33 2.6e-09 1.9e-86 7.2e-89 -1.89e-05 -1.89e-05 1.1e+00 9.9e-01 1.00e-01
34 2.6e-10 1.9e-86 9.5e-89 -1.89e-05 -1.89e-05 1.1e+00 9.9e-01 1.00e-01
35 2.6e-11 1.9e-86 2.8e-90 -1.89e-05 -1.89e-05 1.1e+00 9.9e-01 1.00e-01
36 2.6e-12 1.9e-86 3.9e-90 -1.89e-05 -1.89e-05 1.1e+00 9.9e-01 1.00e-01
37 2.6e-13 1.8e-86 9.9e-91 -1.89e-05 -1.89e-05 1.1e+00 9.9e-01 1.00e-01
38 2.6e-14 1.9e-86 3.1e-89 -1.89e-05 -1.89e-05 1.1e+00 9.9e-01 1.00e-01
39 2.6e-15 1.8e-86 4.3e-89 -1.89e-05 -1.89e-05 1.1e+00 9.9e-01 1.00e-01
40 2.6e-16 1.9e-86 4.6e-89 -1.89e-05 -1.89e-05 1.1e+00 9.9e-01 1.00e-01
41 2.6e-17 1.9e-86 2.5e-89 -1.89e-05 -1.89e-05 1.1e+00 9.9e-01 1.00e-01
42 2.6e-18 1.9e-86 2.1e-89 -1.89e-05 -1.89e-05 1.1e+00 9.9e-01 1.00e-01
43 2.6e-19 1.9e-86 2.2e-89 -1.89e-05 -1.89e-05 1.1e+00 9.9e-01 1.00e-01
44 2.6e-20 1.9e-86 6.2e-90 -1.89e-05 -1.89e-05 1.1e+00 9.9e-01 1.00e-01
45 2.6e-21 1.9e-86 1.4e-79 -1.89e-05 -1.89e-05 1.1e+00 9.9e-01 1.00e-01
46 2.6e-22 1.9e-86 6.9e-80 -1.89e-05 -1.89e-05 1.1e+00 9.9e-01 1.00e-01
47 2.6e-23 1.9e-86 7.3e-80 -1.89e-05 -1.89e-05 1.1e+00 9.9e-01 1.00e-01
48 2.6e-24 1.9e-86 1.8e-80 -1.89e-05 -1.89e-05 1.1e+00 9.9e-01 1.00e-01
49 2.6e-25 1.8e-86 6.6e-81 -1.89e-05 -1.89e-05 1.1e+00 9.9e-01 1.00e-01
50 2.6e-26 1.9e-86 2.3e-81 -1.89e-05 -1.89e-05 1.1e+00 9.9e-01 1.00e-01
51 2.6e-27 1.9e-86 1.2e-81 -1.89e-05 -1.89e-05 1.1e+00 9.9e-01 1.00e-01
52 2.6e-28 1.9e-86 7.2e-82 -1.89e-05 -1.89e-05 1.1e+00 9.9e-01 1.00e-01
53 2.6e-29 1.9e-86 8.7e-81 -1.89e-05 -1.89e-05 1.1e+00 9.9e-01 1.00e-01
54 2.6e-30 1.8e-86 9.8e-80 -1.89e-05 -1.89e-05 1.1e+00 9.9e-01 1.00e-01
55 2.6e-31 1.8e-86 4.7e-79 -1.89e-05 -1.89e-05 1.1e+00 9.9e-01 1.00e-01
56 2.6e-32 1.9e-86 4.3e-78 -1.89e-05 -1.89e-05 1.1e+00 9.9e-01 1.00e-01

phase.value = pdOPT     
   Iteration = 56
          mu = 2.5687919081562426e-32
relative gap = 3.0825502897874911e-31
         gap = 3.0825502897874911e-31
      digits = 2.5786619987552982e+01
objValPrimal = -1.8859499283441413e-05
objValDual   = -1.8859499283441413e-05
p.feas.error = 1.8999570821207778e-76
d.feas.error = 5.1287619218469409e-67
relative eps = 8.6361685550944446e-78
total time   = 0.120


Parameters are
maxIteration =    200
epsilonStar  = 1.000e-30
lambdaStar   = 1.000e+10
omegaStar    = 2.000e+00
lowerBound   = -1.000e+05
upperBound   = 1.000e+05
betaStar     = 1.000e-01
betaBar      = 3.000e-01
gammaStar    = 9.000e-01
epsilonDash  = 1.000e-30
precision    =    200

                         Time(sec)  Ratio(% : MainLoop) 
 Predictor time  =       0.020000,  16.666667
 Corrector time  =       0.030000,  25.000000
 Make bMat time  =       0.020000,  16.666667
 Make bDia time  =       0.000000,  0.000000
 Make bF1  time  =       0.010000,  8.333333
 Make bF2  time  =       0.010000,  8.333333
 Make bF3  time  =       0.000000,  0.000000
 Make bPRE time  =       0.000000,  0.000000
 Make rMat time  =       0.030000,  25.000000
 Make gVec Mul   =       0.000000,  0.000000
 Make gVec time  =       0.000000,  0.000000
 Cholesky bMat   =       0.000000,  0.000000
 Ste Pre time    =       0.000000,  0.000000
 Ste Cor time    =       0.050000,  41.666667
 solve           =       0.000000,  0.000000
 sumDz           =       0.000000,  0.000000
 makedX          =       0.000000,  0.000000
 symmetriseDx    =       0.000000,  0.000000
 makedXdZ        =       0.000000,  0.000000
 xMatTime        =       0.000000,  0.000000
 zMatTime        =       0.000000,  0.000000
 invzMatTime     =       0.000000,  0.000000
 xMatzMatTime    =       0.000000,  0.000000
 EigxMatTime     =       0.010000,  8.333333
 EigzMatTime     =       0.040000,  33.333333
 EigxMatzMatTime =       0.000000,  0.000000
 updateRes       =       0.020000,  16.666667
 EigTime         =       0.050000,  41.666667
 sub_total_bMat  =       0.100000,  83.333333
 Main Loop       =       0.120000,  100.000000
 File Check      =       0.000000,  0.000000
 File Change     =       0.000000,  0.000000
 File Read       =       0.000000,  0.000000
 Total           =       0.120000,  100.000000

xVec = 
{+1.885949928344e-05,+5.849794881406e-01,+5.088744895438e-01,+5.066189857654e-01,+5.402518192257e-01,+6.005924043570e-01,+6.870372390615e-01,+8.033671315931e-01}
xMat = 
{
{ {+9.999811405007e-01,+5.849794881406e-01,+5.088744895438e-01,+5.066189857654e-01,+5.402518192257e-01,+6.005924043570e-01 },
  {+5.849794881406e-01,+5.088556300445e-01,+5.066189857654e-01,+5.402518192257e-01,+6.005924043570e-01,+6.870372390615e-01 },
  {+5.088744895438e-01,+5.066189857654e-01,+5.402329597265e-01,+6.005924043570e-01,+6.870372390615e-01,+8.033671315931e-01 },
  {+5.066189857654e-01,+5.402518192257e-01,+6.005924043570e-01,+6.870183795622e-01,+8.033671315931e-01,+9.573152013237e-01 },
  {+5.402518192257e-01,+6.005924043570e-01,+6.870372390615e-01,+8.033671315931e-01,+9.572963418244e-01,+1.162447692846e+00 },
  {+6.005924043570e-01,+6.870372390615e-01,+8.033671315931e-01,+9.573152013237e-01,+1.162447692846e+00,+1.445955028965e+00 }   }
{ {+5.849606286413e-01,+5.088744895438e-01,+5.066189857654e-01,+5.402518192257e-01,+6.005924043570e-01,+6.870372390615e-01 },
  {+5.088744895438e-01,+5.066001262661e-01,+5.402518192257e-01,+6.005924043570e-01,+6.870372390615e-01,+8.033671315931e-01 },
  {+5.066189857654e-01,+5.402518192257e-01,+6.005735448577e-01,+6.870372390615e-01,+8.033671315931e-01,+9.573152013237e-01 },
  {+5.402518192257e-01,+6.005924043570e-01,+6.870372390615e-01,+8.033482720938e-01,+9.573152013237e-01,+1.162447692846e+00 },
  {+6.005924043570e-01,+6.870372390615e-01,+8.033671315931e-01,+9.573152013237e-01,+1.162428833347e+00,+1.445973888464e+00 },
  {+6.870372390615e-01,+8.033671315931e-01,+9.573152013237e-01,+1.162447692846e+00,+1.445973888464e+00,+1.917581333786e+00 }   }
}
yMat = 
{
{ {+2.714846376655e-05,-5.281602832686e-04,+1.985993882496e-03,-2.686469796937e-03,+1.441022693857e-03,-2.436014338786e-04 },
  {-5.281602832686e-04,+1.027510385932e-02,-3.863655419211e-02,+5.226397563943e-02,-2.803440226779e-02,+4.739148536297e-03 },
  {+1.985993882496e-03,-3.863655419211e-02,+1.452815796587e-01,-1.965235538963e-01,+1.054152558740e-01,-1.782019644317e-02 },
  {-2.686469796937e-03,+5.226397563943e-02,-1.965235538963e-01,+2.658389819739e-01,-1.425960591007e-01,+2.410552214788e-02 },
  {+1.441022693857e-03,-2.803440226779e-02,+1.054152558740e-01,-1.425960591007e-01,+7.648854174831e-02,-1.293020472516e-02 },
  {-2.436014338786e-04,+4.739148536297e-03,-1.782019644317e-02,+2.410552214788e-02,-1.293020472516e-02,+2.185820129566e-03 }   }
{ {+9.509086603230e-04,-7.027226589199e-03,+1.533080584035e-02,-1.312565680733e-02,+4.205846703313e-03,-2.648833205798e-04 },
  {-7.027226589199e-03,+5.193129014007e-02,-1.132948420078e-01,+9.699876377805e-02,-3.108125839718e-02,+1.957490967409e-03 },
  {+1.533080584035e-02,-1.132948420078e-01,+2.471673858082e-01,-2.116153784653e-01,+6.780779468435e-02,-4.270520321873e-03 },
  {-1.312565680733e-02,+9.699876377805e-02,-2.116153784653e-01,+1.811770928296e-01,-5.805447222784e-02,+3.656258171773e-03 },
  {+4.205846703313e-03,-3.108125839718e-02,+6.780779468435e-02,-5.805447222784e-02,+1.860236133065e-02,-1.171572714717e-03 },
  {-2.648833205798e-04,+1.957490967409e-03,-4.270520321873e-03,+3.656258171773e-03,-1.171572714717e-03,+7.378539753495e-05 }   }
}
    main loop time = 0.120000
        total time = 0.120000
  file   read time = 0.000000
