SDPA-GMP start at Wed Jun  5 23:35:12 2024
*SDP Scan Problem: V = x^2 - 2*x^4 + x^8
* K = 6; eval = 2.060301507537689; Domain = R+ with BCs: Neumann
data      is /Users/gorg/qmBoot/data/K=6_BC-Neumann_V_0.0_0.0_1.0_0.0_-2.0_0.0_0.0_0.0_1.0/e=2.060301507537689_K=6_D=R+.dat
parameter is ./param.sdpa
out       is /Users/gorg/qmBoot/data/K=6_BC-Neumann_V_0.0_0.0_1.0_0.0_-2.0_0.0_0.0_0.0_1.0/e=2.060301507537689_K=6_D=R+.out
DENSE computation
   mu      thetaP  thetaD  objP      objD      alphaP  alphaD  beta 
 0 1.0e+20 1.0e+00 1.0e+00 +0.00e+00 -1.63e+10 1.0e+00 9.0e-01 3.00e-01
 1 1.6e+19 8.6e-88 1.0e-01 +1.60e+10 -1.63e+09 9.0e-01 9.0e-01 3.00e-01
 2 2.5e+18 2.6e-87 1.0e-02 +2.46e+10 -1.63e+08 9.0e-01 9.0e-01 3.00e-01
 3 3.8e+17 2.6e-87 1.0e-03 +3.79e+10 -1.63e+07 9.0e-01 9.0e-01 3.00e-01
 4 5.8e+16 3.5e-87 1.0e-04 +5.84e+10 -1.63e+06 9.0e-01 9.0e-01 3.00e-01
 5 9.0e+15 6.0e-87 1.0e-05 +9.00e+10 -1.63e+05 9.0e-01 9.0e-01 3.00e-01
 6 1.4e+15 6.0e-87 1.0e-06 +1.39e+11 -1.63e+04 9.0e-01 9.0e-01 3.00e-01
 7 2.1e+14 6.9e-87 1.0e-07 +2.13e+11 -1.63e+03 9.0e-01 9.0e-01 3.00e-01
 8 3.3e+13 9.5e-87 1.0e-08 +3.29e+11 -1.63e+02 9.0e-01 9.0e-01 3.00e-01
 9 5.1e+12 9.5e-87 1.0e-09 +5.05e+11 -1.64e+01 9.0e-01 9.0e-01 3.00e-01
10 8.4e+11 1.2e-86 1.0e-10 +7.67e+11 -1.77e+00 8.9e-01 8.9e-01 3.00e-01
11 2.0e+11 1.2e-86 1.1e-11 +1.03e+12 -3.06e-01 1.6e+00 9.5e-01 3.00e-01
12 5.0e+10 9.5e-87 5.6e-13 +5.37e+11 -1.75e-01 1.1e+00 1.0e+00 3.00e-01
13 1.2e+10 1.0e-86 2.1e-94 +1.46e+11 -2.43e-01 9.7e-01 9.7e-01 1.00e-01
14 1.5e+09 8.6e-87 5.3e-94 +1.83e+10 -2.45e-01 9.9e-01 9.9e-01 1.00e-01
15 1.6e+08 6.9e-87 1.5e-93 +1.94e+09 -2.48e-01 1.0e+00 1.0e+00 1.00e-01
16 1.6e+07 7.8e-87 3.1e-93 +1.94e+08 -2.50e-01 1.0e+00 1.0e+00 1.00e-01
17 1.6e+06 9.5e-87 1.4e-92 +1.94e+07 -2.52e-01 1.0e+00 1.0e+00 1.00e-01
18 1.6e+05 1.1e-86 3.4e-92 +1.94e+06 -2.54e-01 1.0e+00 1.0e+00 1.00e-01
19 1.6e+04 1.1e-86 1.4e-91 +1.94e+05 -2.55e-01 1.0e+00 1.0e+00 1.00e-01
20 1.6e+03 1.3e-86 4.2e-91 +1.94e+04 -2.57e-01 1.0e+00 1.0e+00 1.00e-01
21 1.6e+02 1.3e-86 1.2e-90 +1.94e+03 -2.58e-01 1.0e+00 1.0e+00 1.00e-01
22 1.6e+01 1.5e-86 4.8e-90 +1.94e+02 -2.59e-01 1.0e+00 9.0e+01 1.00e-01
23 1.6e+00 1.5e-86 2.9e-87 +1.95e+01 -2.26e-01 9.9e-01 1.5e+01 1.00e-01
24 1.8e-01 1.6e-86 3.8e-86 +2.02e+00 -1.08e-01 9.5e-01 2.2e+00 1.00e-01
25 2.2e-02 1.8e-86 4.4e-86 +2.18e-01 -4.88e-02 9.1e-01 1.1e+00 1.00e-01
26 3.7e-03 1.8e-86 3.9e-87 +2.62e-02 -1.81e-02 9.1e-01 9.3e-01 1.00e-01
27 6.5e-04 1.7e-86 2.9e-88 +2.75e-03 -5.00e-03 9.2e-01 9.5e-01 1.00e-01
28 9.9e-05 1.7e-86 1.6e-89 +2.67e-04 -9.17e-04 9.4e-01 9.8e-01 1.00e-01
29 1.3e-05 1.6e-86 2.6e-89 +1.26e-05 -1.43e-04 1.0e+00 9.5e-01 1.00e-01
30 1.7e-06 1.7e-86 1.9e-89 -1.42e-05 -3.50e-05 1.0e+00 9.8e-01 1.00e-01
31 2.0e-07 1.6e-86 3.3e-88 -1.70e-05 -1.94e-05 1.0e+00 9.8e-01 1.00e-01
32 2.2e-08 1.6e-86 1.3e-85 -1.72e-05 -1.75e-05 1.0e+00 9.9e-01 1.00e-01
33 2.3e-09 1.7e-86 9.8e-88 -1.73e-05 -1.73e-05 1.0e+00 9.9e-01 1.00e-01
34 2.3e-10 1.7e-86 7.2e-89 -1.73e-05 -1.73e-05 1.0e+00 9.9e-01 1.00e-01
35 2.3e-11 1.6e-86 3.5e-90 -1.73e-05 -1.73e-05 1.0e+00 9.9e-01 1.00e-01
36 2.3e-12 1.6e-86 2.2e-90 -1.73e-05 -1.73e-05 1.0e+00 9.9e-01 1.00e-01
37 2.3e-13 1.7e-86 2.7e-89 -1.73e-05 -1.73e-05 1.0e+00 9.9e-01 1.00e-01
38 2.3e-14 1.6e-86 8.0e-90 -1.73e-05 -1.73e-05 1.0e+00 9.9e-01 1.00e-01
39 2.3e-15 1.7e-86 2.0e-89 -1.73e-05 -1.73e-05 1.0e+00 9.9e-01 1.00e-01
40 2.3e-16 1.7e-86 2.8e-89 -1.73e-05 -1.73e-05 1.0e+00 9.9e-01 1.00e-01
41 2.3e-17 1.6e-86 1.9e-89 -1.73e-05 -1.73e-05 1.0e+00 9.9e-01 1.00e-01
42 2.3e-18 1.6e-86 1.2e-89 -1.73e-05 -1.73e-05 1.0e+00 9.9e-01 1.00e-01
43 2.3e-19 1.6e-86 1.4e-90 -1.73e-05 -1.73e-05 1.0e+00 9.9e-01 1.00e-01
44 2.3e-20 1.6e-86 2.2e-89 -1.73e-05 -1.73e-05 1.0e+00 9.9e-01 1.00e-01
45 2.3e-21 1.6e-86 4.6e-80 -1.73e-05 -1.73e-05 1.0e+00 9.9e-01 1.00e-01
46 2.3e-22 1.7e-86 2.1e-80 -1.73e-05 -1.73e-05 1.0e+00 9.9e-01 1.00e-01
47 2.3e-23 1.7e-86 2.2e-80 -1.73e-05 -1.73e-05 1.0e+00 9.9e-01 1.00e-01
48 2.3e-24 1.7e-86 5.0e-81 -1.73e-05 -1.73e-05 1.0e+00 9.9e-01 1.00e-01
49 2.3e-25 1.6e-86 2.1e-81 -1.73e-05 -1.73e-05 1.0e+00 9.9e-01 1.00e-01
50 2.3e-26 1.6e-86 4.7e-82 -1.73e-05 -1.73e-05 1.0e+00 9.9e-01 1.00e-01
51 2.3e-27 1.7e-86 1.3e-82 -1.73e-05 -1.73e-05 1.0e+00 9.9e-01 1.00e-01
52 2.3e-28 1.7e-86 7.1e-82 -1.73e-05 -1.73e-05 1.0e+00 9.9e-01 1.00e-01
53 2.3e-29 1.6e-86 6.0e-81 -1.73e-05 -1.73e-05 1.0e+00 9.9e-01 1.00e-01
54 2.3e-30 1.6e-86 7.9e-80 -1.73e-05 -1.73e-05 1.0e+00 9.9e-01 1.00e-01
55 2.3e-31 1.6e-86 1.1e-78 -1.73e-05 -1.73e-05 1.0e+00 9.9e-01 1.00e-01
56 2.3e-32 1.7e-86 1.1e-77 -1.73e-05 -1.73e-05 1.0e+00 9.9e-01 1.00e-01

phase.value = pdOPT     
   Iteration = 56
          mu = 2.2568194522282936e-32
relative gap = 2.7081833426739523e-31
         gap = 2.7081833426739523e-31
      digits = 2.5804785917745420e+01
objValPrimal = -1.7276826831890851e-05
objValDual   = -1.7276826831890851e-05
p.feas.error = 1.7272337110188889e-76
d.feas.error = 1.3182999675642158e-66
relative eps = 8.6361685550944446e-78
total time   = 0.110


Parameters are
maxIteration =    200
epsilonStar  = 1.000e-30
lambdaStar   = 1.000e+10
omegaStar    = 2.000e+00
lowerBound   = -1.000e+05
upperBound   = 1.000e+05
betaStar     = 1.000e-01
betaBar      = 3.000e-01
gammaStar    = 9.000e-01
epsilonDash  = 1.000e-30
precision    =    200

                         Time(sec)  Ratio(% : MainLoop) 
 Predictor time  =       0.040000,  36.363636
 Corrector time  =       0.050000,  45.454545
 Make bMat time  =       0.010000,  9.090909
 Make bDia time  =       0.000000,  0.000000
 Make bF1  time  =       0.010000,  9.090909
 Make bF2  time  =       0.000000,  0.000000
 Make bF3  time  =       0.000000,  0.000000
 Make bPRE time  =       0.010000,  9.090909
 Make rMat time  =       0.040000,  36.363636
 Make gVec Mul   =       0.000000,  0.000000
 Make gVec time  =       0.010000,  9.090909
 Cholesky bMat   =       0.000000,  0.000000
 Ste Pre time    =       0.000000,  0.000000
 Ste Cor time    =       0.020000,  18.181818
 solve           =       0.000000,  0.000000
 sumDz           =       0.010000,  9.090909
 makedX          =       0.010000,  9.090909
 symmetriseDx    =       0.000000,  0.000000
 makedXdZ        =       0.020000,  18.181818
 xMatTime        =       0.000000,  0.000000
 zMatTime        =       0.000000,  0.000000
 invzMatTime     =       0.000000,  0.000000
 xMatzMatTime    =       0.000000,  0.000000
 EigxMatTime     =       0.020000,  18.181818
 EigzMatTime     =       0.000000,  0.000000
 EigxMatzMatTime =       0.000000,  0.000000
 updateRes       =       0.000000,  0.000000
 EigTime         =       0.020000,  18.181818
 sub_total_bMat  =       0.100000,  90.909091
 Main Loop       =       0.110000,  100.000000
 File Check      =       0.000000,  0.000000
 File Change     =       0.000000,  0.000000
 File Read       =       0.000000,  0.000000
 Total           =       0.110000,  100.000000

xVec = 
{+1.727682683189e-05,+5.582879157487e-01,+4.695751116400e-01,+4.530280168931e-01,+4.702921873446e-01,+5.118254134914e-01,+5.763218613697e-01,+6.665120022902e-01}
xMat = 
{
{ {+9.999827231732e-01,+5.582879157487e-01,+4.695751116400e-01,+4.530280168931e-01,+4.702921873446e-01,+5.118254134914e-01 },
  {+5.582879157487e-01,+4.695578348132e-01,+4.530280168931e-01,+4.702921873446e-01,+5.118254134914e-01,+5.763218613697e-01 },
  {+4.695751116400e-01,+4.530280168931e-01,+4.702749105177e-01,+5.118254134914e-01,+5.763218613697e-01,+6.665120022902e-01 },
  {+4.530280168931e-01,+4.702921873446e-01,+5.118254134914e-01,+5.763045845429e-01,+6.665120022902e-01,+7.885808816650e-01 },
  {+4.702921873446e-01,+5.118254134914e-01,+5.763218613697e-01,+6.665120022902e-01,+7.885636048382e-01,+9.535745607065e-01 },
  {+5.118254134914e-01,+5.763218613697e-01,+6.665120022902e-01,+7.885808816650e-01,+9.535745607065e-01,+1.183475408253e+00 }   }
{ {+5.582706389219e-01,+4.695751116400e-01,+4.530280168931e-01,+4.702921873446e-01,+5.118254134914e-01,+5.763218613697e-01 },
  {+4.695751116400e-01,+4.530107400663e-01,+4.702921873446e-01,+5.118254134914e-01,+5.763218613697e-01,+6.665120022902e-01 },
  {+4.530280168931e-01,+4.702921873446e-01,+5.118081366645e-01,+5.763218613697e-01,+6.665120022902e-01,+7.885808816650e-01 },
  {+4.702921873446e-01,+5.118254134914e-01,+5.763218613697e-01,+6.664947254634e-01,+7.885808816650e-01,+9.535745607065e-01 },
  {+5.118254134914e-01,+5.763218613697e-01,+6.665120022902e-01,+7.885808816650e-01,+9.535572838797e-01,+1.183492685080e+00 },
  {+5.763218613697e-01,+6.665120022902e-01,+7.885808816650e-01,+9.535745607065e-01,+1.183492685080e+00,+1.565262933069e+00 }   }
}
yMat = 
{
{ {+2.222886238682e-05,-4.555697151632e-04,+1.759746622744e-03,-2.440500765540e-03,+1.342076205429e-03,-2.340160481625e-04 },
  {-4.555697151632e-04,+9.336679572812e-03,-3.606515051163e-02,+5.001687532476e-02,-2.750519860148e-02,+4.796045004455e-03 },
  {+1.759746622744e-03,-3.606515051163e-02,+1.393102409998e-01,-1.932021038787e-01,+1.062453862402e-01,-1.852586710268e-02 },
  {-2.440500765540e-03,+5.001687532476e-02,-1.932021038787e-01,+2.679419163679e-01,-1.473461821737e-01,+2.569255838428e-02 },
  {+1.342076205429e-03,-2.750519860148e-02,+1.062453862402e-01,-1.473461821737e-01,+8.102837247515e-02,-1.412880985370e-02 },
  {-2.340160481625e-04,+4.796045004455e-03,-1.852586710268e-02,+2.569255838428e-02,-1.412880985370e-02,+2.463621837439e-03 }   }
{ {+8.266030165824e-04,-6.338234043537e-03,+1.417246370708e-02,-1.243620672234e-02,+4.095274493238e-03,-2.657005967056e-04 },
  {-6.338234043537e-03,+4.860036799376e-02,-1.086717446549e-01,+9.535845773449e-02,-3.140178258481e-02,+2.037341424654e-03 },
  {+1.417246370708e-02,-1.086717446549e-01,+2.429929766756e-01,-2.132241050302e-01,+7.021523991759e-02,-4.555550836637e-03 },
  {-1.243620672234e-02,+9.535845773449e-02,-2.132241050302e-01,+1.871021936021e-01,-6.161322806827e-02,+3.997454014310e-03 },
  {+4.095274493238e-03,-3.140178258481e-02,+7.021523991759e-02,-6.161322806827e-02,+2.028939265708e-02,-1.316371770605e-03 },
  {-2.657005967056e-04,+2.037341424654e-03,-4.555550836637e-03,+3.997454014310e-03,-1.316371770605e-03,+8.540593933661e-05 }   }
}
    main loop time = 0.110000
        total time = 0.110000
  file   read time = 0.000000
