SDPA-GMP start at Wed Jun  5 23:35:12 2024
*SDP Scan Problem: V = x^2 - 2*x^4 + x^8
* K = 6; eval = 2.8643216080402016; Domain = R+ with BCs: Neumann
data      is /Users/gorg/qmBoot/data/K=6_BC-Neumann_V_0.0_0.0_1.0_0.0_-2.0_0.0_0.0_0.0_1.0/e=2.8643216080402016_K=6_D=R+.dat
parameter is ./param.sdpa
out       is /Users/gorg/qmBoot/data/K=6_BC-Neumann_V_0.0_0.0_1.0_0.0_-2.0_0.0_0.0_0.0_1.0/e=2.8643216080402016_K=6_D=R+.out
DENSE computation
   mu      thetaP  thetaD  objP      objD      alphaP  alphaD  beta 
 0 1.0e+20 1.0e+00 1.0e+00 +0.00e+00 -1.79e+10 1.0e+00 9.0e-01 3.00e-01
 1 1.6e+19 8.6e-88 1.0e-01 +1.60e+10 -1.79e+09 9.0e-01 9.0e-01 3.00e-01
 2 2.5e+18 8.6e-88 1.0e-02 +2.46e+10 -1.79e+08 9.0e-01 9.0e-01 3.00e-01
 3 3.8e+17 1.7e-87 1.0e-03 +3.79e+10 -1.79e+07 9.0e-01 9.0e-01 3.00e-01
 4 5.8e+16 2.6e-87 1.0e-04 +5.84e+10 -1.79e+06 9.0e-01 9.0e-01 3.00e-01
 5 9.0e+15 3.5e-87 1.0e-05 +9.00e+10 -1.79e+05 9.0e-01 9.0e-01 3.00e-01
 6 1.4e+15 3.5e-87 1.0e-06 +1.39e+11 -1.79e+04 9.0e-01 9.0e-01 3.00e-01
 7 2.1e+14 3.5e-87 1.0e-07 +2.13e+11 -1.79e+03 9.0e-01 9.0e-01 3.00e-01
 8 3.3e+13 5.2e-87 1.0e-08 +3.29e+11 -1.79e+02 9.0e-01 9.0e-01 3.00e-01
 9 5.1e+12 5.2e-87 1.0e-09 +5.05e+11 -1.80e+01 9.0e-01 9.0e-01 3.00e-01
10 8.4e+11 5.2e-87 1.0e-10 +7.66e+11 -1.94e+00 8.9e-01 8.9e-01 3.00e-01
11 2.0e+11 6.0e-87 1.1e-11 +1.03e+12 -3.30e-01 1.6e+00 9.4e-01 3.00e-01
12 5.0e+10 6.0e-87 6.7e-13 +5.21e+11 -1.83e-01 1.1e+00 1.0e+00 3.00e-01
13 1.2e+10 5.2e-87 2.7e-94 +1.45e+11 -2.65e-01 9.7e-01 9.7e-01 1.00e-01
14 1.5e+09 8.6e-87 4.5e-94 +1.82e+10 -2.67e-01 9.9e-01 9.9e-01 1.00e-01
15 1.6e+08 6.9e-87 1.0e-93 +1.93e+09 -2.70e-01 1.0e+00 1.0e+00 1.00e-01
16 1.6e+07 8.6e-87 4.4e-93 +1.94e+08 -2.72e-01 1.0e+00 1.0e+00 1.00e-01
17 1.6e+06 1.0e-86 1.2e-92 +1.94e+07 -2.73e-01 1.0e+00 1.0e+00 1.00e-01
18 1.6e+05 9.5e-87 3.7e-92 +1.94e+06 -2.75e-01 1.0e+00 1.0e+00 1.00e-01
19 1.6e+04 1.2e-86 1.5e-91 +1.94e+05 -2.77e-01 1.0e+00 1.0e+00 1.00e-01
20 1.6e+03 1.2e-86 3.5e-91 +1.94e+04 -2.78e-01 1.0e+00 1.0e+00 1.00e-01
21 1.6e+02 1.4e-86 1.3e-90 +1.94e+03 -2.79e-01 1.0e+00 1.0e+00 1.00e-01
22 1.6e+01 1.5e-86 3.2e-90 +1.94e+02 -2.80e-01 1.0e+00 9.0e+01 1.00e-01
23 1.6e+00 1.6e-86 3.2e-87 +1.95e+01 -2.20e-01 9.9e-01 1.7e+01 1.00e-01
24 1.8e-01 1.7e-86 4.7e-86 +2.01e+00 -1.19e-01 9.5e-01 1.9e+00 1.00e-01
25 2.2e-02 1.9e-86 4.4e-86 +2.17e-01 -5.15e-02 8.9e-01 1.1e+00 1.00e-01
26 3.9e-03 1.7e-86 5.3e-87 +2.77e-02 -1.89e-02 9.0e-01 9.1e-01 1.00e-01
27 7.2e-04 1.7e-86 5.0e-88 +3.09e-03 -5.54e-03 9.2e-01 9.5e-01 1.00e-01
28 1.1e-04 1.7e-86 7.2e-89 +3.05e-04 -1.05e-03 9.4e-01 9.8e-01 1.00e-01
29 1.5e-05 1.7e-86 1.6e-89 +1.35e-05 -1.63e-04 1.0e+00 9.5e-01 1.00e-01
30 2.0e-06 1.7e-86 2.2e-89 -1.61e-05 -4.05e-05 1.0e+00 9.8e-01 1.00e-01
31 2.3e-07 1.6e-86 1.4e-88 -1.92e-05 -2.20e-05 1.0e+00 9.8e-01 1.00e-01
32 2.6e-08 1.7e-86 4.6e-88 -1.95e-05 -1.98e-05 1.1e+00 9.9e-01 1.00e-01
33 2.7e-09 1.8e-86 1.4e-88 -1.95e-05 -1.95e-05 1.1e+00 9.9e-01 1.00e-01
34 2.7e-10 1.7e-86 4.1e-89 -1.95e-05 -1.95e-05 1.1e+00 9.9e-01 1.00e-01
35 2.8e-11 1.7e-86 2.8e-90 -1.95e-05 -1.95e-05 1.1e+00 9.9e-01 1.00e-01
36 2.8e-12 1.7e-86 1.3e-89 -1.95e-05 -1.95e-05 1.1e+00 9.9e-01 1.00e-01
37 2.8e-13 1.7e-86 2.3e-90 -1.95e-05 -1.95e-05 1.1e+00 9.9e-01 1.00e-01
38 2.8e-14 1.7e-86 1.0e-89 -1.95e-05 -1.95e-05 1.1e+00 9.9e-01 1.00e-01
39 2.8e-15 1.7e-86 3.7e-90 -1.95e-05 -1.95e-05 1.1e+00 9.9e-01 1.00e-01
40 2.8e-16 1.7e-86 5.5e-89 -1.95e-05 -1.95e-05 1.1e+00 9.9e-01 1.00e-01
41 2.8e-17 1.8e-86 1.3e-89 -1.95e-05 -1.95e-05 1.1e+00 9.9e-01 1.00e-01
42 2.8e-18 1.8e-86 3.0e-89 -1.95e-05 -1.95e-05 1.1e+00 9.9e-01 1.00e-01
43 2.8e-19 1.7e-86 2.6e-89 -1.95e-05 -1.95e-05 1.1e+00 9.9e-01 1.00e-01
44 2.8e-20 1.7e-86 2.1e-89 -1.95e-05 -1.95e-05 1.1e+00 9.9e-01 1.00e-01
45 2.8e-21 1.7e-86 1.7e-79 -1.95e-05 -1.95e-05 1.1e+00 9.9e-01 1.00e-01
46 2.8e-22 1.7e-86 8.5e-80 -1.95e-05 -1.95e-05 1.1e+00 9.9e-01 1.00e-01
47 2.8e-23 1.7e-86 7.8e-80 -1.95e-05 -1.95e-05 1.1e+00 9.9e-01 1.00e-01
48 2.8e-24 1.7e-86 1.8e-80 -1.95e-05 -1.95e-05 1.1e+00 9.9e-01 1.00e-01
49 2.8e-25 1.7e-86 8.2e-81 -1.95e-05 -1.95e-05 1.1e+00 9.9e-01 1.00e-01
50 2.8e-26 1.8e-86 3.3e-81 -1.95e-05 -1.95e-05 1.1e+00 9.9e-01 1.00e-01
51 2.8e-27 1.7e-86 9.4e-82 -1.95e-05 -1.95e-05 1.1e+00 9.9e-01 1.00e-01
52 2.8e-28 1.7e-86 1.7e-81 -1.95e-05 -1.95e-05 1.1e+00 9.9e-01 1.00e-01
53 2.8e-29 1.7e-86 4.0e-81 -1.95e-05 -1.95e-05 1.1e+00 9.9e-01 1.00e-01
54 2.8e-30 1.7e-86 5.0e-80 -1.95e-05 -1.95e-05 1.1e+00 9.9e-01 1.00e-01
55 2.8e-31 1.7e-86 5.7e-79 -1.95e-05 -1.95e-05 1.1e+00 9.9e-01 1.00e-01
56 2.8e-32 1.7e-86 5.6e-78 -1.95e-05 -1.95e-05 1.1e+00 9.9e-01 1.00e-01

phase.value = pdOPT     
   Iteration = 56
          mu = 2.7551145980089928e-32
relative gap = 3.3061375176107914e-31
         gap = 3.3061375176107914e-31
      digits = 2.5771134340082170e+01
objValPrimal = -1.9518896176992628e-05
objValDual   = -1.9518896176992628e-05
p.feas.error = 1.7272337110188889e-76
d.feas.error = 6.7697431902102110e-67
relative eps = 8.6361685550944446e-78
total time   = 0.110


Parameters are
maxIteration =    200
epsilonStar  = 1.000e-30
lambdaStar   = 1.000e+10
omegaStar    = 2.000e+00
lowerBound   = -1.000e+05
upperBound   = 1.000e+05
betaStar     = 1.000e-01
betaBar      = 3.000e-01
gammaStar    = 9.000e-01
epsilonDash  = 1.000e-30
precision    =    200

                         Time(sec)  Ratio(% : MainLoop) 
 Predictor time  =       0.030000,  27.272727
 Corrector time  =       0.020000,  18.181818
 Make bMat time  =       0.020000,  18.181818
 Make bDia time  =       0.000000,  0.000000
 Make bF1  time  =       0.010000,  9.090909
 Make bF2  time  =       0.010000,  9.090909
 Make bF3  time  =       0.000000,  0.000000
 Make bPRE time  =       0.010000,  9.090909
 Make rMat time  =       0.010000,  9.090909
 Make gVec Mul   =       0.000000,  0.000000
 Make gVec time  =       0.000000,  0.000000
 Cholesky bMat   =       0.000000,  0.000000
 Ste Pre time    =       0.000000,  0.000000
 Ste Cor time    =       0.050000,  45.454545
 solve           =       0.000000,  0.000000
 sumDz           =       0.010000,  9.090909
 makedX          =       0.000000,  0.000000
 symmetriseDx    =       0.000000,  0.000000
 makedXdZ        =       0.010000,  9.090909
 xMatTime        =       0.000000,  0.000000
 zMatTime        =       0.000000,  0.000000
 invzMatTime     =       0.000000,  0.000000
 xMatzMatTime    =       0.000000,  0.000000
 EigxMatTime     =       0.010000,  9.090909
 EigzMatTime     =       0.040000,  36.363636
 EigxMatzMatTime =       0.000000,  0.000000
 updateRes       =       0.000000,  0.000000
 EigTime         =       0.050000,  45.454545
 sub_total_bMat  =       0.090000,  81.818182
 Main Loop       =       0.110000,  100.000000
 File Check      =       0.000000,  0.000000
 File Change     =       0.000000,  0.000000
 File Read       =       0.000000,  0.000000
 Total           =       0.110000,  100.000000

xVec = 
{+1.951889617699e-05,+6.000130201233e-01,+5.302311419792e-01,+5.350982328203e-01,+5.773215391266e-01,+6.480985852198e-01,+7.473421096096e-01,+8.795645965446e-01}
xMat = 
{
{ {+9.999804811038e-01,+6.000130201233e-01,+5.302311419792e-01,+5.350982328203e-01,+5.773215391266e-01,+6.480985852198e-01 },
  {+6.000130201233e-01,+5.302116230830e-01,+5.350982328203e-01,+5.773215391266e-01,+6.480985852198e-01,+7.473421096096e-01 },
  {+5.302311419792e-01,+5.350982328203e-01,+5.773020202304e-01,+6.480985852198e-01,+7.473421096096e-01,+8.795645965446e-01 },
  {+5.350982328203e-01,+5.773215391266e-01,+6.480985852198e-01,+7.473225907134e-01,+8.795645965446e-01,+1.053557711768e+00 },
  {+5.773215391266e-01,+6.480985852198e-01,+7.473421096096e-01,+8.795645965446e-01,+1.053538192872e+00,+1.284546164288e+00 },
  {+6.480985852198e-01,+7.473421096096e-01,+8.795645965446e-01,+1.053557711768e+00,+1.284546164288e+00,+1.602893694142e+00 }   }
{ {+5.999935012272e-01,+5.302311419792e-01,+5.350982328203e-01,+5.773215391266e-01,+6.480985852198e-01,+7.473421096096e-01 },
  {+5.302311419792e-01,+5.350787139241e-01,+5.773215391266e-01,+6.480985852198e-01,+7.473421096096e-01,+8.795645965446e-01 },
  {+5.350982328203e-01,+5.773215391266e-01,+6.480790663236e-01,+7.473421096096e-01,+8.795645965446e-01,+1.053557711768e+00 },
  {+5.773215391266e-01,+6.480985852198e-01,+7.473421096096e-01,+8.795450776484e-01,+1.053557711768e+00,+1.284546164288e+00 },
  {+6.480985852198e-01,+7.473421096096e-01,+8.795645965446e-01,+1.053557711768e+00,+1.284526645391e+00,+1.602913213039e+00 },
  {+7.473421096096e-01,+8.795645965446e-01,+1.053557711768e+00,+1.284546164288e+00,+1.602913213039e+00,+2.130622240596e+00 }   }
}
yMat = 
{
{ {+2.980081435145e-05,-5.661892315744e-04,+2.100820153069e-03,-2.808582460169e-03,+1.489447844173e-03,-2.484535610506e-04 },
  {-5.661892315744e-04,+1.075709684206e-02,-3.991373303140e-02,+5.336059364628e-02,-2.829819750619e-02,+4.720398884209e-03 },
  {+2.100820153069e-03,-3.991373303140e-02,+1.480981446847e-01,-1.979921274733e-01,+1.049992128095e-01,-1.751483170900e-02 },
  {-2.808582460169e-03,+5.336059364628e-02,-1.979921274733e-01,+2.646952980056e-01,-1.403732475612e-01,+2.341554514261e-02 },
  {+1.489447844173e-03,-2.829819750619e-02,+1.049992128095e-01,-1.403732475612e-01,+7.444276033364e-02,-1.241773518400e-02 },
  {-2.484535610506e-04,+4.720398884209e-03,-1.751483170900e-02,+2.341554514261e-02,-1.241773518400e-02,+2.071392119380e-03 }   }
{ {+1.016027568028e-03,-7.378398985507e-03,+1.590515629347e-02,-1.346245704747e-02,+4.261773526248e-03,-2.650151924511e-04 },
  {-7.378398985507e-03,+5.358198271630e-02,-1.155033512407e-01,+9.776445300035e-02,-3.094902781386e-02,+1.924542097732e-03 },
  {+1.590515629347e-02,-1.155033512407e-01,+2.489833983647e-01,-2.107447574969e-01,+6.671489648056e-02,-4.148615833586e-03 },
  {-1.346245704747e-02,+9.776445300035e-02,-2.107447574969e-01,+1.783787718544e-01,-5.646888416083e-02,+3.511475237061e-03 },
  {+4.261773526248e-03,-3.094902781386e-02,+6.671489648056e-02,-5.646888416083e-02,+1.787620155257e-02,-1.111618195001e-03 },
  {-2.650151924511e-04,+1.924542097732e-03,-4.148615833586e-03,+3.511475237061e-03,-1.111618195001e-03,+6.912514427756e-05 }   }
}
    main loop time = 0.110000
        total time = 0.110000
  file   read time = 0.000000
