SDPA-GMP start at Wed Jun  5 23:35:12 2024
*SDP Scan Problem: V = x^2 - 2*x^4 + x^8
* K = 6; eval = 2.4623115577889454; Domain = R+ with BCs: Neumann
data      is /Users/gorg/qmBoot/data/K=6_BC-Neumann_V_0.0_0.0_1.0_0.0_-2.0_0.0_0.0_0.0_1.0/e=2.4623115577889454_K=6_D=R+.dat
parameter is ./param.sdpa
out       is /Users/gorg/qmBoot/data/K=6_BC-Neumann_V_0.0_0.0_1.0_0.0_-2.0_0.0_0.0_0.0_1.0/e=2.4623115577889454_K=6_D=R+.out
DENSE computation
   mu      thetaP  thetaD  objP      objD      alphaP  alphaD  beta 
 0 1.0e+20 1.0e+00 1.0e+00 +0.00e+00 -1.71e+10 1.0e+00 9.0e-01 3.00e-01
 1 1.6e+19 8.6e-88 1.0e-01 +1.60e+10 -1.71e+09 9.0e-01 9.0e-01 3.00e-01
 2 2.5e+18 2.6e-87 1.0e-02 +2.46e+10 -1.71e+08 9.0e-01 9.0e-01 3.00e-01
 3 3.8e+17 3.5e-87 1.0e-03 +3.79e+10 -1.71e+07 9.0e-01 9.0e-01 3.00e-01
 4 5.8e+16 4.3e-87 1.0e-04 +5.84e+10 -1.71e+06 9.0e-01 9.0e-01 3.00e-01
 5 9.0e+15 6.0e-87 1.0e-05 +9.00e+10 -1.71e+05 9.0e-01 9.0e-01 3.00e-01
 6 1.4e+15 6.0e-87 1.0e-06 +1.39e+11 -1.71e+04 9.0e-01 9.0e-01 3.00e-01
 7 2.1e+14 8.6e-87 1.0e-07 +2.13e+11 -1.71e+03 9.0e-01 9.0e-01 3.00e-01
 8 3.3e+13 1.0e-86 1.0e-08 +3.29e+11 -1.71e+02 9.0e-01 9.0e-01 3.00e-01
 9 5.1e+12 1.2e-86 1.0e-09 +5.05e+11 -1.72e+01 9.0e-01 9.0e-01 3.00e-01
10 8.4e+11 1.4e-86 1.0e-10 +7.66e+11 -1.85e+00 8.9e-01 8.9e-01 3.00e-01
11 2.0e+11 1.3e-86 1.1e-11 +1.03e+12 -3.18e-01 1.6e+00 9.4e-01 3.00e-01
12 5.0e+10 1.2e-86 6.2e-13 +5.29e+11 -1.79e-01 1.1e+00 1.0e+00 3.00e-01
13 1.2e+10 1.0e-86 2.3e-94 +1.46e+11 -2.54e-01 9.7e-01 9.7e-01 1.00e-01
14 1.5e+09 1.0e-86 5.6e-94 +1.83e+10 -2.56e-01 9.9e-01 9.9e-01 1.00e-01
15 1.6e+08 8.6e-87 1.2e-93 +1.94e+09 -2.59e-01 1.0e+00 1.0e+00 1.00e-01
16 1.6e+07 8.6e-87 6.0e-93 +1.94e+08 -2.61e-01 1.0e+00 1.0e+00 1.00e-01
17 1.6e+06 6.9e-87 1.4e-92 +1.94e+07 -2.63e-01 1.0e+00 1.0e+00 1.00e-01
18 1.6e+05 7.8e-87 2.5e-92 +1.94e+06 -2.64e-01 1.0e+00 1.0e+00 1.00e-01
19 1.6e+04 9.5e-87 1.5e-91 +1.94e+05 -2.66e-01 1.0e+00 1.0e+00 1.00e-01
20 1.6e+03 1.1e-86 3.5e-91 +1.94e+04 -2.67e-01 1.0e+00 1.0e+00 1.00e-01
21 1.6e+02 1.2e-86 1.8e-90 +1.94e+03 -2.68e-01 1.0e+00 1.0e+00 1.00e-01
22 1.6e+01 1.3e-86 3.7e-90 +1.94e+02 -2.69e-01 1.0e+00 9.0e+01 1.00e-01
23 1.6e+00 1.6e-86 2.5e-87 +1.95e+01 -2.24e-01 9.9e-01 1.6e+01 1.00e-01
24 1.8e-01 1.6e-86 3.4e-86 +2.02e+00 -1.12e-01 9.5e-01 2.0e+00 1.00e-01
25 2.2e-02 1.6e-86 3.6e-86 +2.17e-01 -5.02e-02 9.0e-01 1.1e+00 1.00e-01
26 3.8e-03 1.6e-86 3.9e-87 +2.72e-02 -1.86e-02 9.0e-01 9.2e-01 1.00e-01
27 6.9e-04 1.6e-86 3.6e-88 +2.96e-03 -5.30e-03 9.2e-01 9.5e-01 1.00e-01
28 1.1e-04 1.5e-86 2.3e-89 +2.88e-04 -9.92e-04 9.4e-01 9.8e-01 1.00e-01
29 1.4e-05 1.5e-86 2.1e-89 +1.29e-05 -1.54e-04 1.0e+00 9.5e-01 1.00e-01
30 1.9e-06 1.6e-86 3.5e-89 -1.53e-05 -3.82e-05 1.0e+00 9.8e-01 1.00e-01
31 2.2e-07 1.5e-86 3.7e-88 -1.83e-05 -2.09e-05 1.0e+00 9.8e-01 1.00e-01
32 2.4e-08 1.6e-86 1.6e-85 -1.86e-05 -1.89e-05 1.1e+00 9.9e-01 1.00e-01
33 2.5e-09 1.6e-86 1.5e-87 -1.86e-05 -1.86e-05 1.1e+00 9.9e-01 1.00e-01
34 2.5e-10 1.5e-86 6.1e-89 -1.86e-05 -1.86e-05 1.1e+00 9.9e-01 1.00e-01
35 2.5e-11 1.5e-86 2.5e-90 -1.86e-05 -1.86e-05 1.1e+00 9.9e-01 1.00e-01
36 2.5e-12 1.5e-86 1.6e-89 -1.86e-05 -1.86e-05 1.1e+00 9.9e-01 1.00e-01
37 2.5e-13 1.6e-86 3.5e-90 -1.86e-05 -1.86e-05 1.1e+00 9.9e-01 1.00e-01
38 2.5e-14 1.6e-86 1.1e-90 -1.86e-05 -1.86e-05 1.1e+00 9.9e-01 1.00e-01
39 2.5e-15 1.6e-86 2.1e-89 -1.86e-05 -1.86e-05 1.1e+00 9.9e-01 1.00e-01
40 2.5e-16 1.6e-86 2.5e-89 -1.86e-05 -1.86e-05 1.1e+00 9.9e-01 1.00e-01
41 2.5e-17 1.6e-86 3.8e-89 -1.86e-05 -1.86e-05 1.1e+00 9.9e-01 1.00e-01
42 2.5e-18 1.6e-86 2.2e-89 -1.86e-05 -1.86e-05 1.1e+00 9.9e-01 1.00e-01
43 2.5e-19 1.5e-86 2.3e-89 -1.86e-05 -1.86e-05 1.1e+00 9.9e-01 1.00e-01
44 2.5e-20 1.6e-86 2.1e-89 -1.86e-05 -1.86e-05 1.1e+00 9.9e-01 1.00e-01
45 2.5e-21 1.5e-86 1.3e-79 -1.86e-05 -1.86e-05 1.1e+00 9.9e-01 1.00e-01
46 2.5e-22 1.5e-86 6.8e-80 -1.86e-05 -1.86e-05 1.1e+00 9.9e-01 1.00e-01
47 2.5e-23 1.5e-86 6.5e-80 -1.86e-05 -1.86e-05 1.1e+00 9.9e-01 1.00e-01
48 2.5e-24 1.5e-86 1.2e-80 -1.86e-05 -1.86e-05 1.1e+00 9.9e-01 1.00e-01
49 2.5e-25 1.5e-86 6.4e-81 -1.86e-05 -1.86e-05 1.1e+00 9.9e-01 1.00e-01
50 2.5e-26 1.6e-86 2.1e-81 -1.86e-05 -1.86e-05 1.1e+00 9.9e-01 1.00e-01
51 2.5e-27 1.6e-86 6.0e-82 -1.86e-05 -1.86e-05 1.1e+00 9.9e-01 1.00e-01
52 2.5e-28 1.5e-86 2.3e-82 -1.86e-05 -1.86e-05 1.1e+00 9.9e-01 1.00e-01
53 2.5e-29 1.5e-86 6.9e-81 -1.86e-05 -1.86e-05 1.1e+00 9.9e-01 1.00e-01
54 2.5e-30 1.6e-86 1.4e-79 -1.86e-05 -1.86e-05 1.1e+00 9.9e-01 1.00e-01
55 2.5e-31 1.6e-86 1.3e-78 -1.86e-05 -1.86e-05 1.1e+00 9.9e-01 1.00e-01
56 2.5e-32 1.5e-86 7.8e-78 -1.86e-05 -1.86e-05 1.1e+00 9.9e-01 1.00e-01

phase.value = pdOPT     
   Iteration = 56
          mu = 2.5006862345839491e-32
relative gap = 3.0008234815007390e-31
         gap = 3.0008234815007390e-31
      digits = 2.5792267284181726e+01
objValPrimal = -1.8599776844857316e-05
objValDual   = -1.8599776844857316e-05
p.feas.error = 1.4681486543660556e-76
d.feas.error = 9.3669146082194369e-67
relative eps = 8.6361685550944446e-78
total time   = 0.120


Parameters are
maxIteration =    200
epsilonStar  = 1.000e-30
lambdaStar   = 1.000e+10
omegaStar    = 2.000e+00
lowerBound   = -1.000e+05
upperBound   = 1.000e+05
betaStar     = 1.000e-01
betaBar      = 3.000e-01
gammaStar    = 9.000e-01
epsilonDash  = 1.000e-30
precision    =    200

                         Time(sec)  Ratio(% : MainLoop) 
 Predictor time  =       0.030000,  25.000000
 Corrector time  =       0.010000,  8.333333
 Make bMat time  =       0.020000,  16.666667
 Make bDia time  =       0.000000,  0.000000
 Make bF1  time  =       0.010000,  8.333333
 Make bF2  time  =       0.010000,  8.333333
 Make bF3  time  =       0.000000,  0.000000
 Make bPRE time  =       0.010000,  8.333333
 Make rMat time  =       0.000000,  0.000000
 Make gVec Mul   =       0.000000,  0.000000
 Make gVec time  =       0.000000,  0.000000
 Cholesky bMat   =       0.000000,  0.000000
 Ste Pre time    =       0.000000,  0.000000
 Ste Cor time    =       0.040000,  33.333333
 solve           =       0.000000,  0.000000
 sumDz           =       0.000000,  0.000000
 makedX          =       0.020000,  16.666667
 symmetriseDx    =       0.000000,  0.000000
 makedXdZ        =       0.020000,  16.666667
 xMatTime        =       0.010000,  8.333333
 zMatTime        =       0.010000,  8.333333
 invzMatTime     =       0.000000,  0.000000
 xMatzMatTime    =       0.000000,  0.000000
 EigxMatTime     =       0.020000,  16.666667
 EigzMatTime     =       0.020000,  16.666667
 EigxMatzMatTime =       0.000000,  0.000000
 updateRes       =       0.000000,  0.000000
 EigTime         =       0.040000,  33.333333
 sub_total_bMat  =       0.100000,  83.333333
 Main Loop       =       0.120000,  100.000000
 File Check      =       0.000000,  0.000000
 File Change     =       0.000000,  0.000000
 File Read       =       0.000000,  0.000000
 Total           =       0.120000,  100.000000

xVec = 
{+1.859977684486e-05,+5.796763680829e-01,+5.012797788133e-01,+4.964648966152e-01,+5.270825104794e-01,+5.838424867442e-01,+6.659814885956e-01,+7.770508933773e-01}
xMat = 
{
{ {+9.999814002232e-01,+5.796763680829e-01,+5.012797788133e-01,+4.964648966152e-01,+5.270825104794e-01,+5.838424867442e-01 },
  {+5.796763680829e-01,+5.012611790364e-01,+4.964648966152e-01,+5.270825104794e-01,+5.838424867442e-01,+6.659814885956e-01 },
  {+5.012797788133e-01,+4.964648966152e-01,+5.270639107026e-01,+5.838424867442e-01,+6.659814885956e-01,+7.770508933773e-01 },
  {+4.964648966152e-01,+5.270825104794e-01,+5.838424867442e-01,+6.659628888188e-01,+7.770508933773e-01,+9.244494126078e-01 },
  {+5.270825104794e-01,+5.838424867442e-01,+6.659814885956e-01,+7.770508933773e-01,+9.244308128309e-01,+1.121210253460e+00 },
  {+5.838424867442e-01,+6.659814885956e-01,+7.770508933773e-01,+9.244494126078e-01,+1.121210253460e+00,+1.393467946396e+00 }   }
{ {+5.796577683060e-01,+5.012797788133e-01,+4.964648966152e-01,+5.270825104794e-01,+5.838424867442e-01,+6.659814885956e-01 },
  {+5.012797788133e-01,+4.964462968384e-01,+5.270825104794e-01,+5.838424867442e-01,+6.659814885956e-01,+7.770508933773e-01 },
  {+4.964648966152e-01,+5.270825104794e-01,+5.838238869673e-01,+6.659814885956e-01,+7.770508933773e-01,+9.244494126078e-01 },
  {+5.270825104794e-01,+5.838424867442e-01,+6.659814885956e-01,+7.770322936004e-01,+9.244494126078e-01,+1.121210253460e+00 },
  {+5.838424867442e-01,+6.659814885956e-01,+7.770508933773e-01,+9.244494126078e-01,+1.121191653683e+00,+1.393486546173e+00 },
  {+6.659814885956e-01,+7.770508933773e-01,+9.244494126078e-01,+1.121210253460e+00,+1.393486546173e+00,+1.846639088622e+00 }   }
}
yMat = 
{
{ {+2.622434205032e-05,-5.146911783152e-04,+1.944798117649e-03,-2.642349719784e-03,+1.423511462690e-03,-2.419002210505e-04 },
  {-5.146911783152e-04,+1.010156931782e-02,-3.816951566745e-02,+5.185998902040e-02,-2.793850044633e-02,+4.747646654711e-03 },
  {+1.944798117649e-03,-3.816951566745e-02,+1.442262959793e-01,-1.959567470310e-01,+1.055676595348e-01,-1.793932879823e-02 },
  {-2.642349719784e-03,+5.185998902040e-02,-1.959567470310e-01,+2.662416478647e-01,-1.434322015528e-01,+2.437372804557e-02 },
  {+1.423511462690e-03,-2.793850044633e-02,+1.055676595348e-01,-1.434322015528e-01,+7.727114299086e-02,-1.313084373412e-02 },
  {-2.419002210505e-04,+4.747646654711e-03,-1.793932879823e-02,+2.437372804557e-02,-1.313084373412e-02,+2.231351193940e-03 }   }
{ {+9.277725057465e-04,-6.900675576183e-03,+1.512149311602e-02,-1.300244518071e-02,+4.185892643474e-03,-2.649509861932e-04 },
  {-6.900675576183e-03,+5.132650850590e-02,-1.124720958800e-01,+9.671083733722e-02,-3.113423490180e-02,+1.970677928031e-03 },
  {+1.512149311602e-02,-1.124720958800e-01,+2.464608000794e-01,-2.119230566478e-01,+6.822464170974e-02,-4.318358745262e-03 },
  {-1.300244518071e-02,+9.671083733722e-02,-2.119230566478e-01,+1.822252541762e-01,-5.866399283445e-02,+3.713206257153e-03 },
  {+4.185892643474e-03,-3.113423490180e-02,+6.822464170974e-02,-5.866399283445e-02,+1.888576899419e-02,-1.195396907235e-03 },
  {-2.649509861932e-04,+1.970677928031e-03,-4.318358745262e-03,+3.713206257153e-03,-1.195396907235e-03,+7.566404980740e-05 }   }
}
    main loop time = 0.120000
        total time = 0.120000
  file   read time = 0.000000
