SDPA-GMP start at Wed Jun  5 23:35:12 2024
*SDP Scan Problem: V = x^2 - 2*x^4 + x^8
* K = 6; eval = 2.6633165829145735; Domain = R+ with BCs: Neumann
data      is /Users/gorg/qmBoot/data/K=6_BC-Neumann_V_0.0_0.0_1.0_0.0_-2.0_0.0_0.0_0.0_1.0/e=2.6633165829145735_K=6_D=R+.dat
parameter is ./param.sdpa
out       is /Users/gorg/qmBoot/data/K=6_BC-Neumann_V_0.0_0.0_1.0_0.0_-2.0_0.0_0.0_0.0_1.0/e=2.6633165829145735_K=6_D=R+.out
DENSE computation
   mu      thetaP  thetaD  objP      objD      alphaP  alphaD  beta 
 0 1.0e+20 1.0e+00 1.0e+00 +0.00e+00 -1.75e+10 1.0e+00 9.0e-01 3.00e-01
 1 1.6e+19 8.6e-88 1.0e-01 +1.60e+10 -1.75e+09 9.0e-01 9.0e-01 3.00e-01
 2 2.5e+18 8.6e-88 1.0e-02 +2.46e+10 -1.75e+08 9.0e-01 9.0e-01 3.00e-01
 3 3.8e+17 8.6e-88 1.0e-03 +3.79e+10 -1.75e+07 9.0e-01 9.0e-01 3.00e-01
 4 5.8e+16 1.7e-87 1.0e-04 +5.84e+10 -1.75e+06 9.0e-01 9.0e-01 3.00e-01
 5 9.0e+15 1.7e-87 1.0e-05 +9.00e+10 -1.75e+05 9.0e-01 9.0e-01 3.00e-01
 6 1.4e+15 2.6e-87 1.0e-06 +1.39e+11 -1.75e+04 9.0e-01 9.0e-01 3.00e-01
 7 2.1e+14 4.3e-87 1.0e-07 +2.13e+11 -1.75e+03 9.0e-01 9.0e-01 3.00e-01
 8 3.3e+13 5.2e-87 1.0e-08 +3.29e+11 -1.75e+02 9.0e-01 9.0e-01 3.00e-01
 9 5.1e+12 5.2e-87 1.0e-09 +5.05e+11 -1.76e+01 9.0e-01 9.0e-01 3.00e-01
10 8.4e+11 6.0e-87 1.0e-10 +7.66e+11 -1.90e+00 8.9e-01 8.9e-01 3.00e-01
11 2.0e+11 5.2e-87 1.1e-11 +1.03e+12 -3.24e-01 1.6e+00 9.4e-01 3.00e-01
12 5.0e+10 8.6e-87 6.4e-13 +5.25e+11 -1.81e-01 1.1e+00 1.0e+00 3.00e-01
13 1.2e+10 6.9e-87 1.7e-94 +1.46e+11 -2.60e-01 9.7e-01 9.7e-01 1.00e-01
14 1.5e+09 6.9e-87 3.9e-94 +1.82e+10 -2.62e-01 9.9e-01 9.9e-01 1.00e-01
15 1.6e+08 6.9e-87 1.5e-93 +1.94e+09 -2.64e-01 1.0e+00 1.0e+00 1.00e-01
16 1.6e+07 7.8e-87 3.6e-93 +1.94e+08 -2.66e-01 1.0e+00 1.0e+00 1.00e-01
17 1.6e+06 1.0e-86 9.1e-93 +1.94e+07 -2.68e-01 1.0e+00 1.0e+00 1.00e-01
18 1.6e+05 1.0e-86 2.9e-92 +1.94e+06 -2.70e-01 1.0e+00 1.0e+00 1.00e-01
19 1.6e+04 1.2e-86 1.3e-91 +1.94e+05 -2.71e-01 1.0e+00 1.0e+00 1.00e-01
20 1.6e+03 1.4e-86 3.3e-91 +1.94e+04 -2.73e-01 1.0e+00 1.0e+00 1.00e-01
21 1.6e+02 1.5e-86 1.1e-90 +1.94e+03 -2.74e-01 1.0e+00 1.0e+00 1.00e-01
22 1.6e+01 1.8e-86 3.8e-90 +1.94e+02 -2.75e-01 1.0e+00 9.0e+01 1.00e-01
23 1.6e+00 1.8e-86 3.2e-87 +1.95e+01 -2.22e-01 9.9e-01 1.6e+01 1.00e-01
24 1.8e-01 2.0e-86 4.6e-86 +2.02e+00 -1.15e-01 9.5e-01 2.0e+00 1.00e-01
25 2.2e-02 2.1e-86 4.5e-86 +2.17e-01 -5.08e-02 8.9e-01 1.1e+00 1.00e-01
26 3.8e-03 2.1e-86 5.3e-87 +2.75e-02 -1.87e-02 9.0e-01 9.2e-01 1.00e-01
27 7.0e-04 2.1e-86 4.3e-88 +3.03e-03 -5.42e-03 9.2e-01 9.5e-01 1.00e-01
28 1.1e-04 2.1e-86 7.2e-89 +2.98e-04 -1.02e-03 9.4e-01 9.8e-01 1.00e-01
29 1.4e-05 2.0e-86 1.6e-89 +1.33e-05 -1.59e-04 1.0e+00 9.5e-01 1.00e-01
30 2.0e-06 2.0e-86 2.2e-89 -1.57e-05 -3.95e-05 1.0e+00 9.8e-01 1.00e-01
31 2.3e-07 2.0e-86 2.2e-88 -1.88e-05 -2.15e-05 1.0e+00 9.8e-01 1.00e-01
32 2.5e-08 2.1e-86 2.1e-88 -1.91e-05 -1.94e-05 1.1e+00 9.9e-01 1.00e-01
33 2.6e-09 2.0e-86 7.2e-89 -1.91e-05 -1.91e-05 1.1e+00 9.9e-01 1.00e-01
34 2.6e-10 2.1e-86 5.4e-89 -1.91e-05 -1.91e-05 1.1e+00 9.9e-01 1.00e-01
35 2.6e-11 2.1e-86 5.7e-90 -1.91e-05 -1.91e-05 1.1e+00 9.9e-01 1.00e-01
36 2.6e-12 2.1e-86 8.1e-89 -1.91e-05 -1.91e-05 1.1e+00 9.9e-01 1.00e-01
37 2.6e-13 2.1e-86 9.5e-91 -1.91e-05 -1.91e-05 1.1e+00 9.9e-01 1.00e-01
38 2.6e-14 2.0e-86 1.1e-89 -1.91e-05 -1.91e-05 1.1e+00 9.9e-01 1.00e-01
39 2.6e-15 2.0e-86 2.6e-90 -1.91e-05 -1.91e-05 1.1e+00 9.9e-01 1.00e-01
40 2.6e-16 2.1e-86 1.5e-89 -1.91e-05 -1.91e-05 1.1e+00 9.9e-01 1.00e-01
41 2.6e-17 2.0e-86 3.1e-89 -1.91e-05 -1.91e-05 1.1e+00 9.9e-01 1.00e-01
42 2.6e-18 2.1e-86 1.9e-90 -1.91e-05 -1.91e-05 1.1e+00 9.9e-01 1.00e-01
43 2.6e-19 2.0e-86 3.3e-89 -1.91e-05 -1.91e-05 1.1e+00 9.9e-01 1.00e-01
44 2.6e-20 2.0e-86 2.3e-89 -1.91e-05 -1.91e-05 1.1e+00 9.9e-01 1.00e-01
45 2.6e-21 2.1e-86 1.7e-79 -1.91e-05 -1.91e-05 1.1e+00 9.9e-01 1.00e-01
46 2.6e-22 2.1e-86 8.2e-80 -1.91e-05 -1.91e-05 1.1e+00 9.9e-01 1.00e-01
47 2.6e-23 2.0e-86 5.5e-80 -1.91e-05 -1.91e-05 1.1e+00 9.9e-01 1.00e-01
48 2.6e-24 2.1e-86 2.1e-80 -1.91e-05 -1.91e-05 1.1e+00 9.9e-01 1.00e-01
49 2.6e-25 2.0e-86 7.0e-81 -1.91e-05 -1.91e-05 1.1e+00 9.9e-01 1.00e-01
50 2.6e-26 2.0e-86 2.9e-81 -1.91e-05 -1.91e-05 1.1e+00 9.9e-01 1.00e-01
51 2.6e-27 2.1e-86 8.3e-82 -1.91e-05 -1.91e-05 1.1e+00 9.9e-01 1.00e-01
52 2.6e-28 2.1e-86 9.4e-82 -1.91e-05 -1.91e-05 1.1e+00 9.9e-01 1.00e-01
53 2.6e-29 2.1e-86 7.0e-81 -1.91e-05 -1.91e-05 1.1e+00 9.9e-01 1.00e-01
54 2.6e-30 2.0e-86 9.9e-80 -1.91e-05 -1.91e-05 1.1e+00 9.9e-01 1.00e-01
55 2.6e-31 2.1e-86 5.6e-79 -1.91e-05 -1.91e-05 1.1e+00 9.9e-01 1.00e-01
56 2.6e-32 2.1e-86 2.7e-78 -1.91e-05 -1.91e-05 1.1e+00 9.9e-01 1.00e-01

phase.value = pdOPT     
   Iteration = 56
          mu = 2.6338296220478859e-32
relative gap = 3.1605955464574630e-31
         gap = 3.1605955464574630e-31
      digits = 2.5781208402915887e+01
objValPrimal = -1.9097535531942919e-05
objValDual   = -1.9097535531942919e-05
p.feas.error = 2.0726804532226667e-76
d.feas.error = 3.2108359869294342e-67
relative eps = 8.6361685550944446e-78
total time   = 0.110


Parameters are
maxIteration =    200
epsilonStar  = 1.000e-30
lambdaStar   = 1.000e+10
omegaStar    = 2.000e+00
lowerBound   = -1.000e+05
upperBound   = 1.000e+05
betaStar     = 1.000e-01
betaBar      = 3.000e-01
gammaStar    = 9.000e-01
epsilonDash  = 1.000e-30
precision    =    200

                         Time(sec)  Ratio(% : MainLoop) 
 Predictor time  =       0.050000,  45.454545
 Corrector time  =       0.000000,  0.000000
 Make bMat time  =       0.030000,  27.272727
 Make bDia time  =       0.000000,  0.000000
 Make bF1  time  =       0.030000,  27.272727
 Make bF2  time  =       0.000000,  0.000000
 Make bF3  time  =       0.000000,  0.000000
 Make bPRE time  =       0.020000,  18.181818
 Make rMat time  =       0.000000,  0.000000
 Make gVec Mul   =       0.000000,  0.000000
 Make gVec time  =       0.000000,  0.000000
 Cholesky bMat   =       0.010000,  9.090909
 Ste Pre time    =       0.000000,  0.000000
 Ste Cor time    =       0.050000,  45.454545
 solve           =       0.000000,  0.000000
 sumDz           =       0.000000,  0.000000
 makedX          =       0.010000,  9.090909
 symmetriseDx    =       0.000000,  0.000000
 makedXdZ        =       0.010000,  9.090909
 xMatTime        =       0.000000,  0.000000
 zMatTime        =       0.010000,  9.090909
 invzMatTime     =       0.000000,  0.000000
 xMatzMatTime    =       0.000000,  0.000000
 EigxMatTime     =       0.040000,  36.363636
 EigzMatTime     =       0.010000,  9.090909
 EigxMatzMatTime =       0.000000,  0.000000
 updateRes       =       0.000000,  0.000000
 EigTime         =       0.050000,  45.454545
 sub_total_bMat  =       0.080000,  72.727273
 Main Loop       =       0.110000,  100.000000
 File Check      =       0.000000,  0.000000
 File Change     =       0.000000,  0.000000
 File Read       =       0.000000,  0.000000
 Total           =       0.110000,  100.000000

xVec = 
{+1.909753553194e-05,+5.901484611149e-01,+5.162375183541e-01,+5.164394179823e-01,+5.530032548506e-01,+6.168676063702e-01,+7.075954263011e-01,+8.292045577727e-01}
xMat = 
{
{ {+9.999809024645e-01,+5.901484611149e-01,+5.162375183541e-01,+5.164394179823e-01,+5.530032548506e-01,+6.168676063702e-01 },
  {+5.901484611149e-01,+5.162184208186e-01,+5.164394179823e-01,+5.530032548506e-01,+6.168676063702e-01,+7.075954263011e-01 },
  {+5.162375183541e-01,+5.164394179823e-01,+5.529841573151e-01,+6.168676063702e-01,+7.075954263011e-01,+8.292045577727e-01 },
  {+5.164394179823e-01,+5.530032548506e-01,+6.168676063702e-01,+7.075763287656e-01,+8.292045577727e-01,+9.897722150620e-01 },
  {+5.530032548506e-01,+6.168676063702e-01,+7.075954263011e-01,+8.292045577727e-01,+9.897531175265e-01,+1.203408140029e+00 },
  {+6.168676063702e-01,+7.075954263011e-01,+8.292045577727e-01,+9.897722150620e-01,+1.203408140029e+00,+1.498359912989e+00 }   }
{ {+5.901293635794e-01,+5.162375183541e-01,+5.164394179823e-01,+5.530032548506e-01,+6.168676063702e-01,+7.075954263011e-01 },
  {+5.162375183541e-01,+5.164203204468e-01,+5.530032548506e-01,+6.168676063702e-01,+7.075954263011e-01,+8.292045577727e-01 },
  {+5.164394179823e-01,+5.530032548506e-01,+6.168485088347e-01,+7.075954263011e-01,+8.292045577727e-01,+9.897722150620e-01 },
  {+5.530032548506e-01,+6.168676063702e-01,+7.075954263011e-01,+8.291854602372e-01,+9.897722150620e-01,+1.203408140029e+00 },
  {+6.168676063702e-01,+7.075954263011e-01,+8.292045577727e-01,+9.897722150620e-01,+1.203389042494e+00,+1.498379010525e+00 },
  {+7.075954263011e-01,+8.292045577727e-01,+9.897722150620e-01,+1.203408140029e+00,+1.498379010525e+00,+1.988577663970e+00 }   }
}
yMat = 
{
{ {+2.805091408673e-05,-5.412074510397e-04,+2.025623449078e-03,-2.728741768266e-03,+1.457783123661e-03,-2.452543407079e-04 },
  {-5.412074510397e-04,+1.044192371611e-02,-3.908188161898e-02,+5.264767388265e-02,-2.812610976191e-02,+4.731877049730e-03 },
  {+2.025623449078e-03,-3.908188161898e-02,+1.462751033627e-01,-1.970489551673e-01,+1.052699983262e-01,-1.771040123649e-02 },
  {-2.728741768266e-03,+5.264767388265e-02,-1.970489551673e-01,+2.654470230401e-01,-1.418104838333e-01,+2.385789501436e-02 },
  {+1.457783123661e-03,-2.812610976191e-02,+1.052699983262e-01,-1.418104838333e-01,+7.575979980761e-02,-1.274566803004e-02 },
  {-2.452543407079e-04,+4.731877049730e-03,-1.771040123649e-02,+2.385789501436e-02,-1.274566803004e-02,+2.144304155298e-03 }   }
{ {+9.732920876336e-04,-7.148781409655e-03,+1.553064299839e-02,-1.324302068028e-02,+4.225092607401e-03,-2.648752567638e-04 },
  {-7.148781409655e-03,+5.250743974225e-02,-1.140717913538e-01,+9.726932053567e-02,-3.103309260357e-02,+1.945495432964e-03 },
  {+1.553064299839e-02,-1.140717913538e-01,+2.478196165448e-01,-2.113164475690e-01,+6.741902636878e-02,-4.226565800928e-03 },
  {-1.324302068028e-02,+9.726932053567e-02,-2.113164475690e-01,+1.801900980873e-01,-5.748838348409e-02,+3.604003923988e-03 },
  {+4.225092607401e-03,-3.103309260357e-02,+6.741902636878e-02,-5.748838348409e-02,+1.834126442404e-02,-1.149832104315e-03 },
  {-2.648752567638e-04,+1.945495432964e-03,-4.226565800928e-03,+3.604003923988e-03,-1.149832104315e-03,+7.208411795095e-05 }   }
}
    main loop time = 0.110000
        total time = 0.110000
  file   read time = 0.000000
