SDPA-GMP start at Wed Jun  5 23:35:12 2024
*SDP Scan Problem: V = x^2 - 2*x^4 + x^8
* K = 6; eval = 2.3618090452261313; Domain = R+ with BCs: Neumann
data      is /Users/gorg/qmBoot/data/K=6_BC-Neumann_V_0.0_0.0_1.0_0.0_-2.0_0.0_0.0_0.0_1.0/e=2.3618090452261313_K=6_D=R+.dat
parameter is ./param.sdpa
out       is /Users/gorg/qmBoot/data/K=6_BC-Neumann_V_0.0_0.0_1.0_0.0_-2.0_0.0_0.0_0.0_1.0/e=2.3618090452261313_K=6_D=R+.out
DENSE computation
   mu      thetaP  thetaD  objP      objD      alphaP  alphaD  beta 
 0 1.0e+20 1.0e+00 1.0e+00 +0.00e+00 -1.69e+10 1.0e+00 9.0e-01 3.00e-01
 1 1.6e+19 8.6e-88 1.0e-01 +1.60e+10 -1.69e+09 9.0e-01 9.0e-01 3.00e-01
 2 2.5e+18 1.7e-87 1.0e-02 +2.46e+10 -1.69e+08 9.0e-01 9.0e-01 3.00e-01
 3 3.8e+17 2.6e-87 1.0e-03 +3.79e+10 -1.69e+07 9.0e-01 9.0e-01 3.00e-01
 4 5.8e+16 4.3e-87 1.0e-04 +5.84e+10 -1.69e+06 9.0e-01 9.0e-01 3.00e-01
 5 9.0e+15 6.0e-87 1.0e-05 +9.00e+10 -1.69e+05 9.0e-01 9.0e-01 3.00e-01
 6 1.4e+15 6.0e-87 1.0e-06 +1.39e+11 -1.69e+04 9.0e-01 9.0e-01 3.00e-01
 7 2.1e+14 6.9e-87 1.0e-07 +2.13e+11 -1.69e+03 9.0e-01 9.0e-01 3.00e-01
 8 3.3e+13 8.6e-87 1.0e-08 +3.29e+11 -1.69e+02 9.0e-01 9.0e-01 3.00e-01
 9 5.1e+12 8.6e-87 1.0e-09 +5.05e+11 -1.70e+01 9.0e-01 9.0e-01 3.00e-01
10 8.4e+11 8.6e-87 1.0e-10 +7.66e+11 -1.83e+00 8.9e-01 8.9e-01 3.00e-01
11 2.0e+11 9.5e-87 1.1e-11 +1.03e+12 -3.15e-01 1.6e+00 9.4e-01 3.00e-01
12 5.0e+10 8.6e-87 6.1e-13 +5.31e+11 -1.78e-01 1.1e+00 1.0e+00 3.00e-01
13 1.2e+10 7.8e-87 2.1e-94 +1.46e+11 -2.51e-01 9.7e-01 9.7e-01 1.00e-01
14 1.5e+09 6.9e-87 6.1e-94 +1.83e+10 -2.54e-01 9.9e-01 9.9e-01 1.00e-01
15 1.6e+08 6.9e-87 1.1e-93 +1.94e+09 -2.56e-01 1.0e+00 1.0e+00 1.00e-01
16 1.6e+07 6.9e-87 3.9e-93 +1.94e+08 -2.58e-01 1.0e+00 1.0e+00 1.00e-01
17 1.6e+06 7.8e-87 6.8e-93 +1.94e+07 -2.60e-01 1.0e+00 1.0e+00 1.00e-01
18 1.6e+05 9.5e-87 4.8e-92 +1.94e+06 -2.62e-01 1.0e+00 1.0e+00 1.00e-01
19 1.6e+04 1.0e-86 1.4e-91 +1.94e+05 -2.63e-01 1.0e+00 1.0e+00 1.00e-01
20 1.6e+03 1.3e-86 4.0e-91 +1.94e+04 -2.65e-01 1.0e+00 1.0e+00 1.00e-01
21 1.6e+02 1.2e-86 1.3e-90 +1.94e+03 -2.66e-01 1.0e+00 1.0e+00 1.00e-01
22 1.6e+01 1.4e-86 5.8e-90 +1.94e+02 -2.67e-01 1.0e+00 9.0e+01 1.00e-01
23 1.6e+00 1.5e-86 2.7e-87 +1.95e+01 -2.25e-01 9.9e-01 1.5e+01 1.00e-01
24 1.8e-01 1.6e-86 3.7e-86 +2.02e+00 -1.11e-01 9.5e-01 2.1e+00 1.00e-01
25 2.2e-02 1.6e-86 4.0e-86 +2.18e-01 -4.99e-02 9.0e-01 1.1e+00 1.00e-01
26 3.8e-03 1.5e-86 4.2e-87 +2.70e-02 -1.85e-02 9.1e-01 9.2e-01 1.00e-01
27 6.8e-04 1.6e-86 2.9e-88 +2.92e-03 -5.24e-03 9.2e-01 9.5e-01 1.00e-01
28 1.0e-04 1.6e-86 7.2e-89 +2.82e-04 -9.76e-04 9.4e-01 9.7e-01 1.00e-01
29 1.4e-05 1.6e-86 1.9e-89 +1.27e-05 -1.51e-04 1.0e+00 9.5e-01 1.00e-01
30 1.9e-06 1.5e-86 7.2e-89 -1.51e-05 -3.74e-05 1.0e+00 9.8e-01 1.00e-01
31 2.1e-07 1.6e-86 7.7e-89 -1.80e-05 -2.05e-05 1.0e+00 9.8e-01 1.00e-01
32 2.4e-08 1.5e-86 1.0e-85 -1.83e-05 -1.86e-05 1.1e+00 9.9e-01 1.00e-01
33 2.4e-09 1.5e-86 9.4e-88 -1.83e-05 -1.83e-05 1.1e+00 9.9e-01 1.00e-01
34 2.4e-10 1.6e-86 8.1e-90 -1.83e-05 -1.83e-05 1.1e+00 9.9e-01 1.00e-01
35 2.4e-11 1.6e-86 3.9e-90 -1.83e-05 -1.83e-05 1.1e+00 9.9e-01 1.00e-01
36 2.4e-12 1.5e-86 4.6e-90 -1.83e-05 -1.83e-05 1.1e+00 9.9e-01 1.00e-01
37 2.4e-13 1.6e-86 4.4e-90 -1.83e-05 -1.83e-05 1.1e+00 9.9e-01 1.00e-01
38 2.4e-14 1.6e-86 5.1e-89 -1.83e-05 -1.83e-05 1.1e+00 9.9e-01 1.00e-01
39 2.4e-15 1.6e-86 6.3e-89 -1.83e-05 -1.83e-05 1.1e+00 9.9e-01 1.00e-01
40 2.4e-16 1.5e-86 2.8e-89 -1.83e-05 -1.83e-05 1.1e+00 9.9e-01 1.00e-01
41 2.4e-17 1.6e-86 3.5e-89 -1.83e-05 -1.83e-05 1.1e+00 9.9e-01 1.00e-01
42 2.4e-18 1.5e-86 2.4e-89 -1.83e-05 -1.83e-05 1.1e+00 9.9e-01 1.00e-01
43 2.4e-19 1.6e-86 4.2e-89 -1.83e-05 -1.83e-05 1.1e+00 9.9e-01 1.00e-01
44 2.4e-20 1.6e-86 1.7e-89 -1.83e-05 -1.83e-05 1.1e+00 9.9e-01 1.00e-01
45 2.4e-21 1.5e-86 1.1e-79 -1.83e-05 -1.83e-05 1.1e+00 9.9e-01 1.00e-01
46 2.4e-22 1.6e-86 7.7e-80 -1.83e-05 -1.83e-05 1.1e+00 9.9e-01 1.00e-01
47 2.4e-23 1.6e-86 5.7e-80 -1.83e-05 -1.83e-05 1.1e+00 9.9e-01 1.00e-01
48 2.4e-24 1.6e-86 1.4e-80 -1.83e-05 -1.83e-05 1.1e+00 9.9e-01 1.00e-01
49 2.4e-25 1.6e-86 7.5e-81 -1.83e-05 -1.83e-05 1.1e+00 9.9e-01 1.00e-01
50 2.4e-26 1.6e-86 1.7e-81 -1.83e-05 -1.83e-05 1.1e+00 9.9e-01 1.00e-01
51 2.4e-27 1.6e-86 7.8e-82 -1.83e-05 -1.83e-05 1.1e+00 9.9e-01 1.00e-01
52 2.4e-28 1.6e-86 1.1e-81 -1.83e-05 -1.83e-05 1.1e+00 9.9e-01 1.00e-01
53 2.4e-29 1.5e-86 6.3e-81 -1.83e-05 -1.83e-05 1.1e+00 9.9e-01 1.00e-01
54 2.4e-30 1.5e-86 6.4e-80 -1.83e-05 -1.83e-05 1.1e+00 9.9e-01 1.00e-01
55 2.4e-31 1.6e-86 6.6e-79 -1.83e-05 -1.83e-05 1.1e+00 9.9e-01 1.00e-01
56 2.4e-32 1.6e-86 1.0e-77 -1.83e-05 -1.83e-05 1.1e+00 9.9e-01 1.00e-01

phase.value = pdOPT     
   Iteration = 56
          mu = 2.4293695525513909e-32
relative gap = 2.9152434630616691e-31
         gap = 2.9152434630616691e-31
      digits = 2.5798139016995979e+01
objValPrimal = -1.8315292008111701e-05
objValDual   = -1.8315292008111701e-05
p.feas.error = 1.5545103399170000e-76
d.feas.error = 1.2467351389353394e-66
relative eps = 8.6361685550944446e-78
total time   = 0.110


Parameters are
maxIteration =    200
epsilonStar  = 1.000e-30
lambdaStar   = 1.000e+10
omegaStar    = 2.000e+00
lowerBound   = -1.000e+05
upperBound   = 1.000e+05
betaStar     = 1.000e-01
betaBar      = 3.000e-01
gammaStar    = 9.000e-01
epsilonDash  = 1.000e-30
precision    =    200

                         Time(sec)  Ratio(% : MainLoop) 
 Predictor time  =       0.030000,  27.272727
 Corrector time  =       0.020000,  18.181818
 Make bMat time  =       0.000000,  0.000000
 Make bDia time  =       0.000000,  0.000000
 Make bF1  time  =       0.000000,  0.000000
 Make bF2  time  =       0.000000,  0.000000
 Make bF3  time  =       0.000000,  0.000000
 Make bPRE time  =       0.000000,  0.000000
 Make rMat time  =       0.000000,  0.000000
 Make gVec Mul   =       0.000000,  0.000000
 Make gVec time  =       0.000000,  0.000000
 Cholesky bMat   =       0.000000,  0.000000
 Ste Pre time    =       0.000000,  0.000000
 Ste Cor time    =       0.050000,  45.454545
 solve           =       0.000000,  0.000000
 sumDz           =       0.010000,  9.090909
 makedX          =       0.040000,  36.363636
 symmetriseDx    =       0.000000,  0.000000
 makedXdZ        =       0.050000,  45.454545
 xMatTime        =       0.010000,  9.090909
 zMatTime        =       0.000000,  0.000000
 invzMatTime     =       0.000000,  0.000000
 xMatzMatTime    =       0.000000,  0.000000
 EigxMatTime     =       0.020000,  18.181818
 EigzMatTime     =       0.030000,  27.272727
 EigxMatzMatTime =       0.000000,  0.000000
 updateRes       =       0.000000,  0.000000
 EigTime         =       0.050000,  45.454545
 sub_total_bMat  =       0.110000,  100.000000
 Main Loop       =       0.110000,  100.000000
 File Check      =       0.000000,  0.000000
 File Change     =       0.000000,  0.000000
 File Read       =       0.000000,  0.000000
 Total           =       0.110000,  100.000000

xVec = 
{+1.831529200811e-05,+5.742752355466e-01,+4.934805567919e-01,+4.859853508289e-01,+5.134860433373e-01,+5.665957877040e-01,+6.443991603342e-01,+7.502265079908e-01}
xMat = 
{
{ {+9.999816847080e-01,+5.742752355466e-01,+4.934805567919e-01,+4.859853508289e-01,+5.134860433373e-01,+5.665957877040e-01 },
  {+5.742752355466e-01,+4.934622414999e-01,+4.859853508289e-01,+5.134860433373e-01,+5.665957877040e-01,+6.443991603342e-01 },
  {+4.934805567919e-01,+4.859853508289e-01,+5.134677280453e-01,+5.665957877040e-01,+6.443991603342e-01,+7.502265079908e-01 },
  {+4.859853508289e-01,+5.134860433373e-01,+5.665957877040e-01,+6.443808450422e-01,+7.502265079908e-01,+8.911528383333e-01 },
  {+5.134860433373e-01,+5.665957877040e-01,+6.443991603342e-01,+7.502265079908e-01,+8.911345230413e-01,+1.079690173436e+00 },
  {+5.665957877040e-01,+6.443991603342e-01,+7.502265079908e-01,+8.911528383333e-01,+1.079690173436e+00,+1.340919964424e+00 }   }
{ {+5.742569202546e-01,+4.934805567919e-01,+4.859853508289e-01,+5.134860433373e-01,+5.665957877040e-01,+6.443991603342e-01 },
  {+4.934805567919e-01,+4.859670355368e-01,+5.134860433373e-01,+5.665957877040e-01,+6.443991603342e-01,+7.502265079908e-01 },
  {+4.859853508289e-01,+5.134860433373e-01,+5.665774724120e-01,+6.443991603342e-01,+7.502265079908e-01,+8.911528383333e-01 },
  {+5.134860433373e-01,+5.665957877040e-01,+6.443991603342e-01,+7.502081926988e-01,+8.911528383333e-01,+1.079690173436e+00 },
  {+5.665957877040e-01,+6.443991603342e-01,+7.502265079908e-01,+8.911528383333e-01,+1.079671858144e+00,+1.340938279716e+00 },
  {+6.443991603342e-01,+7.502265079908e-01,+8.911528383333e-01,+1.079690173436e+00,+1.340938279716e+00,+1.775807804757e+00 }   }
}
yMat = 
{
{ {+2.527517662887e-05,-5.007536013560e-04,+1.901836217335e-03,-2.596101398529e-03,+1.405104944557e-03,-2.401324705367e-04 },
  {-5.007536013560e-04,+9.920966051116e-03,-3.767931472858e-02,+5.143414599580e-02,-2.783803933802e-02,+4.757521626433e-03 },
  {+1.901836217335e-03,-3.767931472858e-02,+1.431040839269e-01,-1.953442199868e-01,+1.057274301958e-01,-1.806882049256e-02 },
  {-2.596101398529e-03,+5.143414599580e-02,-1.953442199868e-01,+2.666546141461e-01,-1.443232213649e-01,+2.466484217881e-02 },
  {+1.405104944557e-03,-2.783803933802e-02,+1.057274301958e-01,-1.443232213649e-01,+7.811300131383e-02,-1.334951389872e-02 },
  {-2.401324705367e-04,+4.757521626433e-03,-1.806882049256e-02,+2.466484217881e-02,-1.334951389872e-02,+2.281432262681e-03 }   }
{ {+9.038231823635e-04,-6.768750189970e-03,+1.490181115113e-02,-1.287270625386e-02,+4.165103944350e-03,-2.650800688260e-04 },
  {-6.768750189970e-03,+5.069130780028e-02,-1.115999667063e-01,+9.640395887326e-02,-3.119254812743e-02,+1.985190025256e-03 },
  {+1.490181115113e-02,-1.115999667063e-01,+2.456940471512e-01,-2.122391208172e-01,+6.867227308910e-02,-4.370515386920e-03 },
  {-1.287270625386e-02,+9.640395887326e-02,-2.122391208172e-01,+1.833395840378e-01,-5.932151402912e-02,+3.775404223234e-03 },
  {+4.165103944350e-03,-3.119254812743e-02,+6.867227308910e-02,-5.932151402912e-02,+1.919412027236e-02,-1.221573048556e-03 },
  {-2.650800688260e-04,+1.985190025256e-03,-4.370515386920e-03,+3.775404223234e-03,-1.221573048556e-03,+7.774467867163e-05 }   }
}
    main loop time = 0.110000
        total time = 0.110000
  file   read time = 0.000000
