SDPA-GMP start at Wed Jun  5 23:35:12 2024
*SDP Scan Problem: V = x^2 - 2*x^4 + x^8
* K = 6; eval = 2.9648241206030157; Domain = R+ with BCs: Neumann
data      is /Users/gorg/qmBoot/data/K=6_BC-Neumann_V_0.0_0.0_1.0_0.0_-2.0_0.0_0.0_0.0_1.0/e=2.9648241206030157_K=6_D=R+.dat
parameter is ./param.sdpa
out       is /Users/gorg/qmBoot/data/K=6_BC-Neumann_V_0.0_0.0_1.0_0.0_-2.0_0.0_0.0_0.0_1.0/e=2.9648241206030157_K=6_D=R+.out
DENSE computation
   mu      thetaP  thetaD  objP      objD      alphaP  alphaD  beta 
 0 1.0e+20 1.0e+00 1.0e+00 +0.00e+00 -1.81e+10 1.0e+00 9.0e-01 3.00e-01
 1 1.6e+19 8.6e-88 1.0e-01 +1.60e+10 -1.81e+09 9.0e-01 9.0e-01 3.00e-01
 2 2.5e+18 2.6e-87 1.0e-02 +2.46e+10 -1.81e+08 9.0e-01 9.0e-01 3.00e-01
 3 3.8e+17 3.5e-87 1.0e-03 +3.79e+10 -1.81e+07 9.0e-01 9.0e-01 3.00e-01
 4 5.8e+16 4.3e-87 1.0e-04 +5.84e+10 -1.81e+06 9.0e-01 9.0e-01 3.00e-01
 5 9.0e+15 2.6e-87 1.0e-05 +9.00e+10 -1.81e+05 9.0e-01 9.0e-01 3.00e-01
 6 1.4e+15 3.5e-87 1.0e-06 +1.39e+11 -1.81e+04 9.0e-01 9.0e-01 3.00e-01
 7 2.1e+14 3.5e-87 1.0e-07 +2.13e+11 -1.81e+03 9.0e-01 9.0e-01 3.00e-01
 8 3.3e+13 4.3e-87 1.0e-08 +3.29e+11 -1.81e+02 9.0e-01 9.0e-01 3.00e-01
 9 5.1e+12 5.2e-87 1.0e-09 +5.05e+11 -1.82e+01 9.0e-01 9.0e-01 3.00e-01
10 8.4e+11 6.0e-87 1.0e-10 +7.66e+11 -1.96e+00 8.9e-01 8.9e-01 3.00e-01
11 2.0e+11 6.0e-87 1.1e-11 +1.03e+12 -3.33e-01 1.6e+00 9.4e-01 3.00e-01
12 5.0e+10 6.0e-87 6.8e-13 +5.19e+11 -1.84e-01 1.1e+00 1.0e+00 3.00e-01
13 1.2e+10 6.0e-87 3.2e-94 +1.44e+11 -2.68e-01 9.7e-01 9.7e-01 1.00e-01
14 1.5e+09 5.2e-87 4.7e-94 +1.81e+10 -2.70e-01 9.9e-01 9.9e-01 1.00e-01
15 1.6e+08 5.2e-87 1.1e-93 +1.93e+09 -2.72e-01 1.0e+00 1.0e+00 1.00e-01
16 1.6e+07 6.0e-87 5.6e-93 +1.93e+08 -2.74e-01 1.0e+00 1.0e+00 1.00e-01
17 1.6e+06 7.8e-87 1.2e-92 +1.93e+07 -2.76e-01 1.0e+00 1.0e+00 1.00e-01
18 1.6e+05 9.5e-87 4.3e-92 +1.93e+06 -2.78e-01 1.0e+00 1.0e+00 1.00e-01
19 1.6e+04 1.1e-86 1.5e-91 +1.93e+05 -2.79e-01 1.0e+00 1.0e+00 1.00e-01
20 1.6e+03 1.4e-86 5.5e-91 +1.93e+04 -2.81e-01 1.0e+00 1.0e+00 1.00e-01
21 1.6e+02 1.4e-86 1.5e-90 +1.93e+03 -2.82e-01 1.0e+00 1.0e+00 1.00e-01
22 1.6e+01 1.6e-86 3.5e-90 +1.94e+02 -2.83e-01 1.0e+00 9.0e+01 1.00e-01
23 1.6e+00 1.7e-86 2.9e-87 +1.95e+01 -2.19e-01 9.9e-01 1.7e+01 1.00e-01
24 1.8e-01 1.8e-86 4.4e-86 +2.01e+00 -1.21e-01 9.5e-01 1.9e+00 1.00e-01
25 2.2e-02 1.8e-86 4.1e-86 +2.18e-01 -5.19e-02 8.9e-01 1.1e+00 1.00e-01
26 3.9e-03 1.7e-86 4.8e-87 +2.78e-02 -1.90e-02 9.0e-01 9.1e-01 1.00e-01
27 7.3e-04 1.7e-86 5.0e-88 +3.11e-03 -5.59e-03 9.2e-01 9.5e-01 1.00e-01
28 1.1e-04 1.7e-86 2.4e-89 +3.08e-04 -1.06e-03 9.4e-01 9.8e-01 1.00e-01
29 1.5e-05 1.7e-86 2.2e-89 +1.35e-05 -1.65e-04 1.0e+00 9.5e-01 1.00e-01
30 2.1e-06 1.6e-86 2.0e-89 -1.63e-05 -4.09e-05 1.0e+00 9.8e-01 1.00e-01
31 2.4e-07 1.7e-86 2.9e-88 -1.94e-05 -2.22e-05 1.0e+00 9.8e-01 1.00e-01
32 2.7e-08 1.7e-86 2.0e-88 -1.97e-05 -2.00e-05 1.1e+00 9.9e-01 1.00e-01
33 2.8e-09 1.7e-86 2.2e-88 -1.97e-05 -1.97e-05 1.1e+00 9.9e-01 1.00e-01
34 2.8e-10 1.7e-86 4.5e-89 -1.97e-05 -1.97e-05 1.1e+00 9.9e-01 1.00e-01
35 2.8e-11 1.7e-86 7.2e-89 -1.97e-05 -1.97e-05 1.1e+00 9.9e-01 1.00e-01
36 2.8e-12 1.7e-86 4.7e-90 -1.97e-05 -1.97e-05 1.1e+00 9.9e-01 1.00e-01
37 2.8e-13 1.7e-86 7.2e-89 -1.97e-05 -1.97e-05 1.1e+00 9.9e-01 1.00e-01
38 2.8e-14 1.7e-86 3.4e-89 -1.97e-05 -1.97e-05 1.1e+00 9.9e-01 1.00e-01
39 2.8e-15 1.6e-86 3.9e-90 -1.97e-05 -1.97e-05 1.1e+00 9.9e-01 1.00e-01
40 2.8e-16 1.7e-86 3.0e-90 -1.97e-05 -1.97e-05 1.1e+00 9.9e-01 1.00e-01
41 2.8e-17 1.7e-86 3.0e-90 -1.97e-05 -1.97e-05 1.1e+00 9.9e-01 1.00e-01
42 2.8e-18 1.7e-86 6.2e-89 -1.97e-05 -1.97e-05 1.1e+00 9.9e-01 1.00e-01
43 2.8e-19 1.7e-86 6.8e-90 -1.97e-05 -1.97e-05 1.1e+00 9.9e-01 1.00e-01
44 2.8e-20 1.6e-86 2.9e-89 -1.97e-05 -1.97e-05 1.1e+00 9.9e-01 1.00e-01
45 2.8e-21 1.7e-86 1.8e-79 -1.97e-05 -1.97e-05 1.1e+00 9.9e-01 1.00e-01
46 2.8e-22 1.7e-86 6.2e-80 -1.97e-05 -1.97e-05 1.1e+00 9.9e-01 1.00e-01
47 2.8e-23 1.6e-86 8.4e-80 -1.97e-05 -1.97e-05 1.1e+00 9.9e-01 1.00e-01
48 2.8e-24 1.7e-86 1.6e-80 -1.97e-05 -1.97e-05 1.1e+00 9.9e-01 1.00e-01
49 2.8e-25 1.7e-86 9.7e-81 -1.97e-05 -1.97e-05 1.1e+00 9.9e-01 1.00e-01
50 2.8e-26 1.6e-86 3.0e-81 -1.97e-05 -1.97e-05 1.1e+00 9.9e-01 1.00e-01
51 2.8e-27 1.6e-86 9.1e-82 -1.97e-05 -1.97e-05 1.1e+00 9.9e-01 1.00e-01
52 2.8e-28 1.7e-86 9.1e-82 -1.97e-05 -1.97e-05 1.1e+00 9.9e-01 1.00e-01
53 2.8e-29 1.7e-86 9.1e-81 -1.97e-05 -1.97e-05 1.1e+00 9.9e-01 1.00e-01
54 2.8e-30 1.7e-86 7.3e-80 -1.97e-05 -1.97e-05 1.1e+00 9.9e-01 1.00e-01
55 2.8e-31 1.6e-86 1.1e-78 -1.97e-05 -1.97e-05 1.1e+00 9.9e-01 1.00e-01
56 2.8e-32 1.7e-86 4.2e-78 -1.97e-05 -1.97e-05 1.1e+00 9.9e-01 1.00e-01

phase.value = pdOPT     
   Iteration = 56
          mu = 2.8122384200460964e-32
relative gap = 3.3746861040553157e-31
         gap = 3.3746861040553157e-31
      digits = 2.5766376798869064e+01
objValPrimal = -1.9706531055980107e-05
objValDual   = -1.9706531055980107e-05
p.feas.error = 1.7272337110188889e-76
d.feas.error = 5.0091588969397004e-67
relative eps = 8.6361685550944446e-78
total time   = 0.100


Parameters are
maxIteration =    200
epsilonStar  = 1.000e-30
lambdaStar   = 1.000e+10
omegaStar    = 2.000e+00
lowerBound   = -1.000e+05
upperBound   = 1.000e+05
betaStar     = 1.000e-01
betaBar      = 3.000e-01
gammaStar    = 9.000e-01
epsilonDash  = 1.000e-30
precision    =    200

                         Time(sec)  Ratio(% : MainLoop) 
 Predictor time  =       0.050000,  50.000000
 Corrector time  =       0.010000,  10.000000
 Make bMat time  =       0.030000,  30.000000
 Make bDia time  =       0.000000,  0.000000
 Make bF1  time  =       0.020000,  20.000000
 Make bF2  time  =       0.010000,  10.000000
 Make bF3  time  =       0.000000,  0.000000
 Make bPRE time  =       0.020000,  20.000000
 Make rMat time  =       0.020000,  20.000000
 Make gVec Mul   =       0.000000,  0.000000
 Make gVec time  =       0.000000,  0.000000
 Cholesky bMat   =       0.000000,  0.000000
 Ste Pre time    =       0.000000,  0.000000
 Ste Cor time    =       0.030000,  30.000000
 solve           =       0.000000,  0.000000
 sumDz           =       0.000000,  0.000000
 makedX          =       0.010000,  10.000000
 symmetriseDx    =       0.000000,  0.000000
 makedXdZ        =       0.010000,  10.000000
 xMatTime        =       0.010000,  10.000000
 zMatTime        =       0.000000,  0.000000
 invzMatTime     =       0.000000,  0.000000
 xMatzMatTime    =       0.000000,  0.000000
 EigxMatTime     =       0.010000,  10.000000
 EigzMatTime     =       0.020000,  20.000000
 EigxMatzMatTime =       0.000000,  0.000000
 updateRes       =       0.000000,  0.000000
 EigTime         =       0.030000,  30.000000
 sub_total_bMat  =       0.070000,  70.000000
 Main Loop       =       0.100000,  100.000000
 File Check      =       0.000000,  0.000000
 File Change     =       0.000000,  0.000000
 File Read       =       0.000000,  0.000000
 Total           =       0.100000,  100.000000

xVec = 
{+1.970653105598e-05,+6.046952916506e-01,+5.368635483154e-01,+5.439596439234e-01,+5.889296565256e-01,+6.631082690887e-01,+7.665905450631e-01,+9.041457717054e-01}
xMat = 
{
{ {+9.999802934689e-01,+6.046952916506e-01,+5.368635483154e-01,+5.439596439234e-01,+5.889296565256e-01,+6.631082690887e-01 },
  {+6.046952916506e-01,+5.368438417843e-01,+5.439596439234e-01,+5.889296565256e-01,+6.631082690887e-01,+7.665905450631e-01 },
  {+5.368635483154e-01,+5.439596439234e-01,+5.889099499946e-01,+6.631082690887e-01,+7.665905450631e-01,+9.041457717054e-01 },
  {+5.439596439234e-01,+5.889296565256e-01,+6.631082690887e-01,+7.665708385320e-01,+9.041457717054e-01,+1.084934992625e+00 },
  {+5.889296565256e-01,+6.631082690887e-01,+7.665905450631e-01,+9.041457717054e-01,+1.084915286094e+00,+1.324753361848e+00 },
  {+6.631082690887e-01,+7.665905450631e-01,+9.041457717054e-01,+1.084934992625e+00,+1.324753361848e+00,+1.655023838766e+00 }   }
{ {+6.046755851195e-01,+5.368635483154e-01,+5.439596439234e-01,+5.889296565256e-01,+6.631082690887e-01,+7.665905450631e-01 },
  {+5.368635483154e-01,+5.439399373924e-01,+5.889296565256e-01,+6.631082690887e-01,+7.665905450631e-01,+9.041457717054e-01 },
  {+5.439596439234e-01,+5.889296565256e-01,+6.630885625576e-01,+7.665905450631e-01,+9.041457717054e-01,+1.084934992625e+00 },
  {+5.889296565256e-01,+6.631082690887e-01,+7.665905450631e-01,+9.041260651743e-01,+1.084934992625e+00,+1.324753361848e+00 },
  {+6.631082690887e-01,+7.665905450631e-01,+9.041457717054e-01,+1.084934992625e+00,+1.324733655317e+00,+1.655043545297e+00 },
  {+7.665905450631e-01,+9.041457717054e-01,+1.084934992625e+00,+1.324753361848e+00,+1.655043545297e+00,+2.201650088054e+00 }   }
}
yMat = 
{
{ {+3.065201757509e-05,-5.781868504432e-04,+2.136641930055e-03,-2.846472261987e-03,+1.504491468049e-03,-2.500094307445e-04 },
  {-5.781868504432e-04,+1.090629787114e-02,-4.030332636463e-02,+5.369280596295e-02,-2.837911668616e-02,+4.715910298209e-03 },
  {+2.136641930055e-03,-4.030332636463e-02,+1.489376262455e-01,-1.984173463558e-01,+1.048726905551e-01,-1.742725846118e-02 },
  {-2.846472261987e-03,+5.369280596295e-02,-1.984173463558e-01,+2.643351067646e-01,-1.397132577556e-01,+2.321690270815e-02 },
  {+1.504491468049e-03,-2.837911668616e-02,+1.048726905551e-01,-1.397132577556e-01,+7.384488058204e-02,-1.227120056829e-02 },
  {-2.500094307445e-04,+4.715910298209e-03,-1.742725846118e-02,+2.321690270815e-02,-1.227120056829e-02,+2.039171330503e-03 }   }
{ {+1.036481384543e-03,-7.487154073954e-03,+1.608127112383e-02,-1.356545972536e-02,+4.279308982310e-03,-2.651494150104e-04 },
  {-7.487154073954e-03,+5.408440225082e-02,-1.161650912449e-01,+9.799181014001e-02,-3.091212843608e-02,+1.915340258307e-03 },
  {+1.608127112383e-02,-1.161650912449e-01,+2.495049933503e-01,-2.104715424861e-01,+6.639456240451e-02,-4.113860311139e-03 },
  {-1.356545972536e-02,+9.799181014001e-02,-2.104715424861e-01,+1.775446238637e-01,-5.600756030703e-02,+3.470273334540e-03 },
  {+4.279308982310e-03,-3.091212843608e-02,+6.639456240451e-02,-5.600756030703e-02,+1.766793464810e-02,-1.094719394124e-03 },
  {-2.651494150104e-04,+1.915340258307e-03,-4.113860311139e-03,+3.470273334540e-03,-1.094719394124e-03,+6.782969123109e-05 }   }
}
    main loop time = 0.100000
        total time = 0.100000
  file   read time = 0.000000
