SDPA-GMP start at Wed Jun  5 23:35:12 2024
*SDP Scan Problem: V = x^2 - 2*x^4 + x^8
* K = 6; eval = 2.7638190954773876; Domain = R+ with BCs: Neumann
data      is /Users/gorg/qmBoot/data/K=6_BC-Neumann_V_0.0_0.0_1.0_0.0_-2.0_0.0_0.0_0.0_1.0/e=2.7638190954773876_K=6_D=R+.dat
parameter is ./param.sdpa
out       is /Users/gorg/qmBoot/data/K=6_BC-Neumann_V_0.0_0.0_1.0_0.0_-2.0_0.0_0.0_0.0_1.0/e=2.7638190954773876_K=6_D=R+.out
DENSE computation
   mu      thetaP  thetaD  objP      objD      alphaP  alphaD  beta 
 0 1.0e+20 1.0e+00 1.0e+00 +0.00e+00 -1.77e+10 1.0e+00 9.0e-01 3.00e-01
 1 1.6e+19 8.6e-88 1.0e-01 +1.60e+10 -1.77e+09 9.0e-01 9.0e-01 3.00e-01
 2 2.5e+18 1.7e-87 1.0e-02 +2.46e+10 -1.77e+08 9.0e-01 9.0e-01 3.00e-01
 3 3.8e+17 8.6e-88 1.0e-03 +3.79e+10 -1.77e+07 9.0e-01 9.0e-01 3.00e-01
 4 5.8e+16 1.7e-87 1.0e-04 +5.84e+10 -1.77e+06 9.0e-01 9.0e-01 3.00e-01
 5 9.0e+15 2.6e-87 1.0e-05 +9.00e+10 -1.77e+05 9.0e-01 9.0e-01 3.00e-01
 6 1.4e+15 2.6e-87 1.0e-06 +1.39e+11 -1.77e+04 9.0e-01 9.0e-01 3.00e-01
 7 2.1e+14 3.5e-87 1.0e-07 +2.13e+11 -1.77e+03 9.0e-01 9.0e-01 3.00e-01
 8 3.3e+13 4.3e-87 1.0e-08 +3.29e+11 -1.77e+02 9.0e-01 9.0e-01 3.00e-01
 9 5.1e+12 4.3e-87 1.0e-09 +5.05e+11 -1.78e+01 9.0e-01 9.0e-01 3.00e-01
10 8.4e+11 5.2e-87 1.0e-10 +7.66e+11 -1.92e+00 8.9e-01 8.9e-01 3.00e-01
11 2.0e+11 6.0e-87 1.1e-11 +1.03e+12 -3.27e-01 1.6e+00 9.4e-01 3.00e-01
12 5.0e+10 6.9e-87 6.6e-13 +5.23e+11 -1.82e-01 1.1e+00 1.0e+00 3.00e-01
13 1.2e+10 6.9e-87 2.0e-94 +1.45e+11 -2.62e-01 9.7e-01 9.7e-01 1.00e-01
14 1.5e+09 6.0e-87 3.7e-94 +1.82e+10 -2.65e-01 9.9e-01 9.9e-01 1.00e-01
15 1.6e+08 6.0e-87 1.4e-93 +1.93e+09 -2.67e-01 1.0e+00 1.0e+00 1.00e-01
16 1.6e+07 6.9e-87 4.6e-93 +1.94e+08 -2.69e-01 1.0e+00 1.0e+00 1.00e-01
17 1.6e+06 8.6e-87 1.2e-92 +1.94e+07 -2.71e-01 1.0e+00 1.0e+00 1.00e-01
18 1.6e+05 1.0e-86 4.1e-92 +1.94e+06 -2.72e-01 1.0e+00 1.0e+00 1.00e-01
19 1.6e+04 1.2e-86 1.1e-91 +1.94e+05 -2.74e-01 1.0e+00 1.0e+00 1.00e-01
20 1.6e+03 1.4e-86 4.6e-91 +1.94e+04 -2.75e-01 1.0e+00 1.0e+00 1.00e-01
21 1.6e+02 1.6e-86 1.6e-90 +1.94e+03 -2.76e-01 1.0e+00 1.0e+00 1.00e-01
22 1.6e+01 1.7e-86 5.2e-90 +1.94e+02 -2.77e-01 1.0e+00 9.0e+01 1.00e-01
23 1.6e+00 1.7e-86 2.6e-87 +1.95e+01 -2.21e-01 9.9e-01 1.6e+01 1.00e-01
24 1.8e-01 2.0e-86 3.8e-86 +2.01e+00 -1.17e-01 9.5e-01 2.0e+00 1.00e-01
25 2.2e-02 1.8e-86 3.7e-86 +2.17e-01 -5.12e-02 8.9e-01 1.1e+00 1.00e-01
26 3.9e-03 1.8e-86 4.3e-87 +2.76e-02 -1.88e-02 9.0e-01 9.2e-01 1.00e-01
27 7.1e-04 1.8e-86 3.6e-88 +3.06e-03 -5.48e-03 9.2e-01 9.5e-01 1.00e-01
28 1.1e-04 1.8e-86 7.2e-89 +3.02e-04 -1.04e-03 9.4e-01 9.8e-01 1.00e-01
29 1.5e-05 1.8e-86 1.7e-89 +1.34e-05 -1.61e-04 1.0e+00 9.5e-01 1.00e-01
30 2.0e-06 1.8e-86 7.2e-89 -1.59e-05 -4.00e-05 1.0e+00 9.8e-01 1.00e-01
31 2.3e-07 1.8e-86 7.2e-89 -1.90e-05 -2.17e-05 1.0e+00 9.8e-01 1.00e-01
32 2.6e-08 1.8e-86 2.2e-88 -1.93e-05 -1.96e-05 1.1e+00 9.9e-01 1.00e-01
33 2.7e-09 1.8e-86 1.4e-88 -1.93e-05 -1.93e-05 1.1e+00 9.9e-01 1.00e-01
34 2.7e-10 1.8e-86 8.3e-89 -1.93e-05 -1.93e-05 1.1e+00 9.9e-01 1.00e-01
35 2.7e-11 1.8e-86 7.2e-89 -1.93e-05 -1.93e-05 1.1e+00 9.9e-01 1.00e-01
36 2.7e-12 1.8e-86 1.9e-90 -1.93e-05 -1.93e-05 1.1e+00 9.9e-01 1.00e-01
37 2.7e-13 1.8e-86 2.4e-90 -1.93e-05 -1.93e-05 1.1e+00 9.9e-01 1.00e-01
38 2.7e-14 1.8e-86 4.7e-89 -1.93e-05 -1.93e-05 1.1e+00 9.9e-01 1.00e-01
39 2.7e-15 1.8e-86 1.0e-90 -1.93e-05 -1.93e-05 1.1e+00 9.9e-01 1.00e-01
40 2.7e-16 1.8e-86 1.3e-90 -1.93e-05 -1.93e-05 1.1e+00 9.9e-01 1.00e-01
41 2.7e-17 1.8e-86 7.5e-91 -1.93e-05 -1.93e-05 1.1e+00 9.9e-01 1.00e-01
42 2.7e-18 1.8e-86 1.9e-89 -1.93e-05 -1.93e-05 1.1e+00 9.9e-01 1.00e-01
43 2.7e-19 1.8e-86 1.9e-89 -1.93e-05 -1.93e-05 1.1e+00 9.9e-01 1.00e-01
44 2.7e-20 1.8e-86 4.0e-89 -1.93e-05 -1.93e-05 1.1e+00 9.9e-01 1.00e-01
45 2.7e-21 1.8e-86 1.4e-79 -1.93e-05 -1.93e-05 1.1e+00 9.9e-01 1.00e-01
46 2.7e-22 1.8e-86 1.3e-79 -1.93e-05 -1.93e-05 1.1e+00 9.9e-01 1.00e-01
47 2.7e-23 1.8e-86 8.0e-80 -1.93e-05 -1.93e-05 1.1e+00 9.9e-01 1.00e-01
48 2.7e-24 1.8e-86 2.1e-80 -1.93e-05 -1.93e-05 1.1e+00 9.9e-01 1.00e-01
49 2.7e-25 1.8e-86 9.3e-81 -1.93e-05 -1.93e-05 1.1e+00 9.9e-01 1.00e-01
50 2.7e-26 1.8e-86 3.1e-81 -1.93e-05 -1.93e-05 1.1e+00 9.9e-01 1.00e-01
51 2.7e-27 1.8e-86 8.1e-82 -1.93e-05 -1.93e-05 1.1e+00 9.9e-01 1.00e-01
52 2.7e-28 1.8e-86 4.7e-82 -1.93e-05 -1.93e-05 1.1e+00 9.9e-01 1.00e-01
53 2.7e-29 1.7e-86 6.2e-81 -1.93e-05 -1.93e-05 1.1e+00 9.9e-01 1.00e-01
54 2.7e-30 1.8e-86 6.0e-80 -1.93e-05 -1.93e-05 1.1e+00 9.9e-01 1.00e-01
55 2.7e-31 1.9e-86 9.5e-79 -1.93e-05 -1.93e-05 1.1e+00 9.9e-01 1.00e-01
56 2.7e-32 1.8e-86 7.7e-78 -1.93e-05 -1.93e-05 1.1e+00 9.9e-01 1.00e-01

phase.value = pdOPT     
   Iteration = 56
          mu = 2.6955579782921212e-32
relative gap = 3.2346695739505454e-31
         gap = 3.2346695739505454e-31
      digits = 2.5776099930661264e+01
objValPrimal = -1.9316562968496121e-05
objValDual   = -1.9316562968496121e-05
p.feas.error = 1.8135953965698334e-76
d.feas.error = 9.2902573475439639e-67
relative eps = 8.6361685550944446e-78
total time   = 0.110


Parameters are
maxIteration =    200
epsilonStar  = 1.000e-30
lambdaStar   = 1.000e+10
omegaStar    = 2.000e+00
lowerBound   = -1.000e+05
upperBound   = 1.000e+05
betaStar     = 1.000e-01
betaBar      = 3.000e-01
gammaStar    = 9.000e-01
epsilonDash  = 1.000e-30
precision    =    200

                         Time(sec)  Ratio(% : MainLoop) 
 Predictor time  =       0.020000,  18.181818
 Corrector time  =       0.020000,  18.181818
 Make bMat time  =       0.020000,  18.181818
 Make bDia time  =       0.000000,  0.000000
 Make bF1  time  =       0.000000,  0.000000
 Make bF2  time  =       0.020000,  18.181818
 Make bF3  time  =       0.000000,  0.000000
 Make bPRE time  =       0.000000,  0.000000
 Make rMat time  =       0.010000,  9.090909
 Make gVec Mul   =       0.000000,  0.000000
 Make gVec time  =       0.000000,  0.000000
 Cholesky bMat   =       0.000000,  0.000000
 Ste Pre time    =       0.000000,  0.000000
 Ste Cor time    =       0.060000,  54.545455
 solve           =       0.010000,  9.090909
 sumDz           =       0.000000,  0.000000
 makedX          =       0.000000,  0.000000
 symmetriseDx    =       0.000000,  0.000000
 makedXdZ        =       0.000000,  0.000000
 xMatTime        =       0.000000,  0.000000
 zMatTime        =       0.000000,  0.000000
 invzMatTime     =       0.000000,  0.000000
 xMatzMatTime    =       0.000000,  0.000000
 EigxMatTime     =       0.040000,  36.363636
 EigzMatTime     =       0.020000,  18.181818
 EigxMatzMatTime =       0.000000,  0.000000
 updateRes       =       0.010000,  9.090909
 EigTime         =       0.060000,  54.545455
 sub_total_bMat  =       0.090000,  81.818182
 Main Loop       =       0.110000,  100.000000
 File Check      =       0.000000,  0.000000
 File Change     =       0.000000,  0.000000
 File Read       =       0.000000,  0.000000
 Total           =       0.110000,  100.000000

xVec = 
{+1.931656296850e-05,+5.951629722214e-01,+5.233570971264e-01,+5.259292719928e-01,+5.653531865146e-01,+6.326939699719e-01,+7.276868495417e-01,+8.545937113113e-01}
xMat = 
{
{ {+9.999806834370e-01,+5.951629722214e-01,+5.233570971264e-01,+5.259292719928e-01,+5.653531865146e-01,+6.326939699719e-01 },
  {+5.951629722214e-01,+5.233377805634e-01,+5.259292719928e-01,+5.653531865146e-01,+6.326939699719e-01,+7.276868495417e-01 },
  {+5.233570971264e-01,+5.259292719928e-01,+5.653338699516e-01,+6.326939699719e-01,+7.276868495417e-01,+8.545937113113e-01 },
  {+5.259292719928e-01,+5.653531865146e-01,+6.326939699719e-01,+7.276675329787e-01,+8.545937113113e-01,+1.021844804062e+00 },
  {+5.653531865146e-01,+6.326939699719e-01,+7.276868495417e-01,+8.545937113113e-01,+1.021825487500e+00,+1.244102897139e+00 },
  {+6.326939699719e-01,+7.276868495417e-01,+8.545937113113e-01,+1.021844804062e+00,+1.244102897139e+00,+1.550673364256e+00 }   }
{ {+5.951436556584e-01,+5.233570971264e-01,+5.259292719928e-01,+5.653531865146e-01,+6.326939699719e-01,+7.276868495417e-01 },
  {+5.233570971264e-01,+5.259099554298e-01,+5.653531865146e-01,+6.326939699719e-01,+7.276868495417e-01,+8.545937113113e-01 },
  {+5.259292719928e-01,+5.653531865146e-01,+6.326746534089e-01,+7.276868495417e-01,+8.545937113113e-01,+1.021844804062e+00 },
  {+5.653531865146e-01,+6.326939699719e-01,+7.276868495417e-01,+8.545743947483e-01,+1.021844804062e+00,+1.244102897139e+00 },
  {+6.326939699719e-01,+7.276868495417e-01,+8.545937113113e-01,+1.021844804062e+00,+1.244083580576e+00,+1.550692680819e+00 },
  {+7.276868495417e-01,+8.545937113113e-01,+1.021844804062e+00,+1.244102897139e+00,+1.550692680819e+00,+2.059596430740e+00 }   }
}
yMat = 
{
{ {+2.893433545864e-05,-5.538724551180e-04,+2.063852754782e-03,-2.769386940064e-03,+1.473898509566e-03,-2.468696648101e-04 },
  {-5.538724551180e-04,+1.060244486959e-02,-3.950708299235e-02,+5.301269648502e-02,-2.821394627346e-02,+4.725676438569e-03 },
  {+2.063852754782e-03,-3.950708299235e-02,+1.472122350800e-01,-1.975371742502e-01,+1.051314796424e-01,-1.760892827550e-02 },
  {-2.769386940064e-03,+5.301269648502e-02,-1.975371742502e-01,+2.650658431315e-01,-1.410709877615e-01,+2.362859263176e-02 },
  {+1.473898509566e-03,-2.821394627346e-02,+1.051314796424e-01,-1.410709877615e-01,+7.507954760555e-02,-1.257539961617e-02 },
  {-2.468696648101e-04,+4.725676438569e-03,-1.760892827550e-02,+2.362859263176e-02,-1.257539961617e-02,+2.106308316311e-03 }   }
{ {+9.949806059642e-04,-7.265718953413e-03,+1.572184017869e-02,-1.335512065857e-02,+4.243715347657e-03,-2.649214630795e-04 },
  {-7.265718953413e-03,+5.305698582821e-02,-1.148067323967e-01,+9.752406500431e-02,-3.098918998977e-02,+1.934555190247e-03 },
  {+1.572184017869e-02,-1.148067323967e-01,+2.484231924950e-01,-2.110262966961e-01,+6.705559290279e-02,-4.186064409170e-03 },
  {-1.335512065857e-02,+9.752406500431e-02,-2.110262966961e-01,+1.792590194580e-01,-5.696124142405e-02,+3.555906600856e-03 },
  {+4.243715347657e-03,-3.098918998977e-02,+6.705559290279e-02,-5.696124142405e-02,+1.809997083761e-02,-1.129922806591e-03 },
  {-2.649214630795e-04,+1.934555190247e-03,-4.186064409170e-03,+3.555906600856e-03,-1.129922806591e-03,+7.053743678973e-05 }   }
}
    main loop time = 0.110000
        total time = 0.110000
  file   read time = 0.000000
