SDPA-GMP start at Wed Jun  5 23:35:12 2024
*SDP Scan Problem: V = x^2 - 2*x^4 + x^8
* K = 6; eval = 3.8693467336683423; Domain = R+ with BCs: Neumann
data      is /Users/gorg/qmBoot/data/K=6_BC-Neumann_V_0.0_0.0_1.0_0.0_-2.0_0.0_0.0_0.0_1.0/e=3.8693467336683423_K=6_D=R+.dat
parameter is ./param.sdpa
out       is /Users/gorg/qmBoot/data/K=6_BC-Neumann_V_0.0_0.0_1.0_0.0_-2.0_0.0_0.0_0.0_1.0/e=3.8693467336683423_K=6_D=R+.out
DENSE computation
   mu      thetaP  thetaD  objP      objD      alphaP  alphaD  beta 
 0 1.0e+20 1.0e+00 1.0e+00 +0.00e+00 -1.99e+10 1.0e+00 9.0e-01 3.00e-01
 1 1.6e+19 8.6e-88 1.0e-01 +1.60e+10 -1.99e+09 9.0e-01 9.0e-01 3.00e-01
 2 2.5e+18 3.5e-87 1.0e-02 +2.46e+10 -1.99e+08 9.0e-01 9.0e-01 3.00e-01
 3 3.8e+17 2.6e-87 1.0e-03 +3.79e+10 -1.99e+07 9.0e-01 9.0e-01 3.00e-01
 4 5.8e+16 3.5e-87 1.0e-04 +5.84e+10 -1.99e+06 9.0e-01 9.0e-01 3.00e-01
 5 9.0e+15 3.5e-87 1.0e-05 +9.00e+10 -1.99e+05 9.0e-01 9.0e-01 3.00e-01
 6 1.4e+15 3.5e-87 1.0e-06 +1.39e+11 -1.99e+04 9.0e-01 9.0e-01 3.00e-01
 7 2.1e+14 3.5e-87 1.0e-07 +2.13e+11 -1.99e+03 9.0e-01 9.0e-01 3.00e-01
 8 3.3e+13 4.3e-87 1.0e-08 +3.29e+11 -1.99e+02 9.0e-01 9.0e-01 3.00e-01
 9 5.1e+12 6.0e-87 1.0e-09 +5.05e+11 -2.00e+01 9.0e-01 9.0e-01 3.00e-01
10 8.5e+11 6.9e-87 1.0e-10 +7.66e+11 -2.15e+00 8.9e-01 8.9e-01 3.00e-01
11 2.1e+11 6.9e-87 1.1e-11 +1.03e+12 -3.60e-01 1.7e+00 9.3e-01 3.00e-01
12 5.0e+10 7.8e-87 7.7e-13 +5.04e+11 -1.94e-01 1.2e+00 1.0e+00 3.00e-01
13 1.2e+10 6.0e-87 3.9e-94 +1.40e+11 -2.93e-01 9.7e-01 9.7e-01 1.00e-01
14 1.5e+09 8.6e-87 4.8e-94 +1.77e+10 -2.95e-01 9.9e-01 9.9e-01 1.00e-01
15 1.6e+08 7.8e-87 1.1e-93 +1.90e+09 -2.97e-01 1.0e+00 1.0e+00 1.00e-01
16 1.6e+07 1.0e-86 6.2e-93 +1.91e+08 -2.99e-01 1.0e+00 1.0e+00 1.00e-01
17 1.6e+06 1.3e-86 1.1e-92 +1.91e+07 -3.01e-01 1.0e+00 1.0e+00 1.00e-01
18 1.6e+05 1.3e-86 4.5e-92 +1.91e+06 -3.02e-01 1.0e+00 1.0e+00 1.00e-01
19 1.6e+04 1.4e-86 1.5e-91 +1.91e+05 -3.04e-01 1.0e+00 1.0e+00 1.00e-01
20 1.6e+03 1.6e-86 4.4e-91 +1.91e+04 -3.05e-01 1.0e+00 1.0e+00 1.00e-01
21 1.6e+02 1.6e-86 1.1e-90 +1.91e+03 -3.06e-01 1.0e+00 1.0e+00 1.00e-01
22 1.6e+01 1.8e-86 3.0e-90 +1.91e+02 -3.07e-01 1.0e+00 9.0e+01 1.00e-01
23 1.6e+00 1.9e-86 2.6e-87 +1.92e+01 -2.09e-01 9.8e-01 1.8e+01 1.00e-01
24 1.8e-01 2.2e-86 4.2e-86 +2.00e+00 -1.51e-01 9.4e-01 1.8e+00 1.00e-01
25 2.3e-02 2.1e-86 3.4e-86 +2.23e-01 -5.61e-02 8.9e-01 1.0e+00 1.00e-01
26 4.2e-03 2.2e-86 1.6e-87 +2.86e-02 -2.14e-02 9.0e-01 8.9e-01 1.00e-01
27 8.1e-04 2.2e-86 2.2e-88 +3.24e-03 -6.45e-03 9.3e-01 9.4e-01 1.00e-01
28 1.3e-04 2.2e-86 1.2e-89 +3.30e-04 -1.22e-03 9.5e-01 9.8e-01 1.00e-01
29 1.6e-05 2.2e-86 2.2e-89 +1.53e-05 -1.82e-04 1.0e+00 9.4e-01 1.00e-01
30 2.3e-06 2.1e-86 3.6e-89 -1.71e-05 -4.47e-05 1.0e+00 9.7e-01 1.00e-01
31 2.8e-07 2.1e-86 1.8e-88 -2.05e-05 -2.39e-05 1.0e+00 9.7e-01 1.00e-01
32 3.3e-08 2.2e-86 3.6e-88 -2.09e-05 -2.13e-05 1.1e+00 9.9e-01 1.00e-01
33 3.5e-09 2.2e-86 1.4e-88 -2.09e-05 -2.10e-05 1.1e+00 9.9e-01 1.00e-01
34 3.5e-10 2.1e-86 3.2e-89 -2.10e-05 -2.10e-05 1.1e+00 9.9e-01 1.00e-01
35 3.5e-11 2.0e-86 7.2e-89 -2.10e-05 -2.10e-05 1.1e+00 9.9e-01 1.00e-01
36 3.5e-12 2.1e-86 6.3e-89 -2.10e-05 -2.10e-05 1.1e+00 9.9e-01 1.00e-01
37 3.5e-13 2.1e-86 7.2e-89 -2.10e-05 -2.10e-05 1.1e+00 9.9e-01 1.00e-01
38 3.5e-14 2.2e-86 4.2e-90 -2.10e-05 -2.10e-05 1.1e+00 9.9e-01 1.00e-01
39 3.5e-15 2.2e-86 7.2e-89 -2.10e-05 -2.10e-05 1.1e+00 9.9e-01 1.00e-01
40 3.5e-16 2.1e-86 4.8e-89 -2.10e-05 -2.10e-05 1.1e+00 9.9e-01 1.00e-01
41 3.5e-17 2.2e-86 3.9e-89 -2.10e-05 -2.10e-05 1.1e+00 9.9e-01 1.00e-01
42 3.5e-18 2.1e-86 2.3e-89 -2.10e-05 -2.10e-05 1.1e+00 9.9e-01 1.00e-01
43 3.5e-19 2.1e-86 6.5e-90 -2.10e-05 -2.10e-05 1.1e+00 9.9e-01 1.00e-01
44 3.5e-20 2.2e-86 1.7e-89 -2.10e-05 -2.10e-05 1.1e+00 9.9e-01 1.00e-01
45 3.5e-21 2.2e-86 1.8e-79 -2.10e-05 -2.10e-05 1.1e+00 9.9e-01 1.00e-01
46 3.5e-22 2.1e-86 1.2e-79 -2.10e-05 -2.10e-05 1.1e+00 9.9e-01 1.00e-01
47 3.5e-23 2.1e-86 7.4e-80 -2.10e-05 -2.10e-05 1.1e+00 9.9e-01 1.00e-01
48 3.5e-24 2.2e-86 3.6e-80 -2.10e-05 -2.10e-05 1.1e+00 9.9e-01 1.00e-01
49 3.5e-25 2.2e-86 1.2e-80 -2.10e-05 -2.10e-05 1.1e+00 9.9e-01 1.00e-01
50 3.5e-26 2.2e-86 4.9e-81 -2.10e-05 -2.10e-05 1.1e+00 9.9e-01 1.00e-01
51 3.5e-27 2.1e-86 1.1e-81 -2.10e-05 -2.10e-05 1.1e+00 9.9e-01 1.00e-01
52 3.5e-28 2.1e-86 5.7e-82 -2.10e-05 -2.10e-05 1.1e+00 9.9e-01 1.00e-01
53 3.5e-29 2.2e-86 2.7e-81 -2.10e-05 -2.10e-05 1.1e+00 9.9e-01 1.00e-01
54 3.5e-30 2.2e-86 7.8e-80 -2.10e-05 -2.10e-05 1.1e+00 9.9e-01 1.00e-01
55 3.5e-31 2.2e-86 4.7e-79 -2.10e-05 -2.10e-05 1.1e+00 9.9e-01 1.00e-01
56 3.5e-32 2.2e-86 4.0e-78 -2.10e-05 -2.10e-05 1.1e+00 9.9e-01 1.00e-01

phase.value = pdOPT     
   Iteration = 56
          mu = 3.5145708530712511e-32
relative gap = 4.2174850236855013e-31
         gap = 4.2174850236855013e-31
      digits = 2.5696219444314977e+01
objValPrimal = -2.0954292089057579e-05
objValDual   = -2.0954292089057579e-05
p.feas.error = 2.1590421387736112e-76
d.feas.error = 4.8000015349211064e-67
relative eps = 8.6361685550944446e-78
total time   = 0.110


Parameters are
maxIteration =    200
epsilonStar  = 1.000e-30
lambdaStar   = 1.000e+10
omegaStar    = 2.000e+00
lowerBound   = -1.000e+05
upperBound   = 1.000e+05
betaStar     = 1.000e-01
betaBar      = 3.000e-01
gammaStar    = 9.000e-01
epsilonDash  = 1.000e-30
precision    =    200

                         Time(sec)  Ratio(% : MainLoop) 
 Predictor time  =       0.030000,  27.272727
 Corrector time  =       0.020000,  18.181818
 Make bMat time  =       0.030000,  27.272727
 Make bDia time  =       0.000000,  0.000000
 Make bF1  time  =       0.020000,  18.181818
 Make bF2  time  =       0.010000,  9.090909
 Make bF3  time  =       0.000000,  0.000000
 Make bPRE time  =       0.020000,  18.181818
 Make rMat time  =       0.020000,  18.181818
 Make gVec Mul   =       0.000000,  0.000000
 Make gVec time  =       0.000000,  0.000000
 Cholesky bMat   =       0.000000,  0.000000
 Ste Pre time    =       0.000000,  0.000000
 Ste Cor time    =       0.050000,  45.454545
 solve           =       0.000000,  0.000000
 sumDz           =       0.000000,  0.000000
 makedX          =       0.000000,  0.000000
 symmetriseDx    =       0.000000,  0.000000
 makedXdZ        =       0.000000,  0.000000
 xMatTime        =       0.000000,  0.000000
 zMatTime        =       0.000000,  0.000000
 invzMatTime     =       0.000000,  0.000000
 xMatzMatTime    =       0.000000,  0.000000
 EigxMatTime     =       0.030000,  27.272727
 EigzMatTime     =       0.020000,  18.181818
 EigxMatzMatTime =       0.000000,  0.000000
 updateRes       =       0.000000,  0.000000
 EigTime         =       0.050000,  45.454545
 sub_total_bMat  =       0.080000,  72.727273
 Main Loop       =       0.110000,  100.000000
 File Check      =       0.000000,  0.000000
 File Change     =       0.000000,  0.000000
 File Read       =       0.000000,  0.000000
 Total           =       0.110000,  100.000000

xVec = 
{+2.095429208906e-05,+6.399850623414e-01,+5.872555129209e-01,+6.123718655366e-01,+6.804318367156e-01,+7.841436547315e-01,+9.254251521213e-01,+1.111603366778e+00}
xMat = 
{
{ {+9.999790457079e-01,+6.399850623414e-01,+5.872555129209e-01,+6.123718655366e-01,+6.804318367156e-01,+7.841436547315e-01 },
  {+6.399850623414e-01,+5.872345586288e-01,+6.123718655366e-01,+6.804318367156e-01,+7.841436547315e-01,+9.254251521213e-01 },
  {+5.872555129209e-01,+6.123718655366e-01,+6.804108824235e-01,+7.841436547315e-01,+9.254251521213e-01,+1.111603366778e+00 },
  {+6.123718655366e-01,+6.804318367156e-01,+7.841436547315e-01,+9.254041978292e-01,+1.111603366778e+00,+1.355485345624e+00 },
  {+6.804318367156e-01,+7.841436547315e-01,+9.254251521213e-01,+1.111603366778e+00,+1.355464391332e+00,+1.678361544680e+00 },
  {+7.841436547315e-01,+9.254251521213e-01,+1.111603366778e+00,+1.355485345624e+00,+1.678361544680e+00,+2.121323299508e+00 }   }
{ {+6.399641080493e-01,+5.872555129209e-01,+6.123718655366e-01,+6.804318367156e-01,+7.841436547315e-01,+9.254251521213e-01 },
  {+5.872555129209e-01,+6.123509112445e-01,+6.804318367156e-01,+7.841436547315e-01,+9.254251521213e-01,+1.111603366778e+00 },
  {+6.123718655366e-01,+6.804318367156e-01,+7.841227004394e-01,+9.254251521213e-01,+1.111603366778e+00,+1.355485345624e+00 },
  {+6.804318367156e-01,+7.841436547315e-01,+9.254251521213e-01,+1.111582412486e+00,+1.355485345624e+00,+1.678361544680e+00 },
  {+7.841436547315e-01,+9.254251521213e-01,+1.111603366778e+00,+1.355485345624e+00,+1.678340590388e+00,+2.121344253800e+00 },
  {+9.254251521213e-01,+1.111603366778e+00,+1.355485345624e+00,+1.678361544680e+00,+2.121344253800e+00,+2.842022647276e+00 }   }
}
yMat = 
{
{ {+3.778909078364e-05,-6.750743469274e-04,+2.420113027304e-03,-3.143493208132e-03,+1.622697394230e-03,-2.628646997180e-04 },
  {-6.750743469274e-04,+1.205970729724e-02,-4.323354141415e-02,+5.615619694848e-02,-2.898829691200e-02,+4.695884759662e-03 },
  {+2.420113027304e-03,-4.323354141415e-02,+1.549904203427e-01,-2.013175947471e-01,+1.039218203378e-01,-1.683454856980e-02 },
  {-3.143493208132e-03,+5.615619694848e-02,-2.013175947471e-01,+2.614921223203e-01,-1.349844130101e-01,+2.186645354746e-02 },
  {+1.622697394230e-03,-2.898829691200e-02,+1.039218203378e-01,-1.349844130101e-01,+6.968007905553e-02,-1.128764557236e-02 },
  {-2.628646997180e-04,+4.695884759662e-03,-1.683454856980e-02,+2.186645354746e-02,-1.128764557236e-02,+1.828513174700e-03 }   }
{ {+1.199807780717e-03,-8.330901526953e-03,+1.742316091126e-02,-1.434585495307e-02,+4.417302841883e-03,-2.672751833441e-04 },
  {-8.330901526953e-03,+5.784586611893e-02,-1.209782434927e-01,+9.961087672111e-02,-3.067167556496e-02,+1.855833299987e-03 },
  {+1.742316091126e-02,-1.209782434927e-01,+2.530126417071e-01,-2.083251528072e-01,+6.414642365625e-02,-3.881270485019e-03 },
  {-1.434585495307e-02,+9.961087672111e-02,-2.083251528072e-01,+1.715304381604e-01,-5.281678188118e-02,+3.195754415361e-03 },
  {+4.417302841883e-03,-3.067167556496e-02,+6.414642365625e-02,-5.281678188118e-02,+1.626307539467e-02,-9.840204788848e-04 },
  {-2.672751833441e-04,+1.855833299987e-03,-3.881270485019e-03,+3.195754415361e-03,-9.840204788848e-04,+5.953955690213e-05 }   }
}
    main loop time = 0.110000
        total time = 0.110000
  file   read time = 0.000000
