SDPA-GMP start at Wed Jun  5 23:35:12 2024
*SDP Scan Problem: V = x^2 - 2*x^4 + x^8
* K = 6; eval = 3.266331658291458; Domain = R+ with BCs: Neumann
data      is /Users/gorg/qmBoot/data/K=6_BC-Neumann_V_0.0_0.0_1.0_0.0_-2.0_0.0_0.0_0.0_1.0/e=3.266331658291458_K=6_D=R+.dat
parameter is ./param.sdpa
out       is /Users/gorg/qmBoot/data/K=6_BC-Neumann_V_0.0_0.0_1.0_0.0_-2.0_0.0_0.0_0.0_1.0/e=3.266331658291458_K=6_D=R+.out
DENSE computation
   mu      thetaP  thetaD  objP      objD      alphaP  alphaD  beta 
 0 1.0e+20 1.0e+00 1.0e+00 +0.00e+00 -1.87e+10 1.0e+00 9.0e-01 3.00e-01
 1 1.6e+19 8.6e-88 1.0e-01 +1.60e+10 -1.87e+09 9.0e-01 9.0e-01 3.00e-01
 2 2.5e+18 3.5e-87 1.0e-02 +2.46e+10 -1.87e+08 9.0e-01 9.0e-01 3.00e-01
 3 3.8e+17 2.6e-87 1.0e-03 +3.79e+10 -1.87e+07 9.0e-01 9.0e-01 3.00e-01
 4 5.8e+16 4.3e-87 1.0e-04 +5.84e+10 -1.87e+06 9.0e-01 9.0e-01 3.00e-01
 5 9.0e+15 4.3e-87 1.0e-05 +9.00e+10 -1.87e+05 9.0e-01 9.0e-01 3.00e-01
 6 1.4e+15 4.3e-87 1.0e-06 +1.39e+11 -1.87e+04 9.0e-01 9.0e-01 3.00e-01
 7 2.1e+14 4.3e-87 1.0e-07 +2.13e+11 -1.87e+03 9.0e-01 9.0e-01 3.00e-01
 8 3.3e+13 6.0e-87 1.0e-08 +3.29e+11 -1.87e+02 9.0e-01 9.0e-01 3.00e-01
 9 5.1e+12 5.2e-87 1.0e-09 +5.05e+11 -1.88e+01 9.0e-01 9.0e-01 3.00e-01
10 8.5e+11 6.9e-87 1.0e-10 +7.66e+11 -2.02e+00 8.9e-01 8.9e-01 3.00e-01
11 2.0e+11 7.8e-87 1.1e-11 +1.03e+12 -3.42e-01 1.7e+00 9.4e-01 3.00e-01
12 5.0e+10 6.0e-87 7.1e-13 +5.14e+11 -1.87e-01 1.1e+00 1.0e+00 3.00e-01
13 1.2e+10 6.0e-87 5.0e-94 +1.43e+11 -2.76e-01 9.7e-01 9.7e-01 1.00e-01
14 1.5e+09 6.9e-87 5.2e-94 +1.80e+10 -2.79e-01 9.9e-01 9.9e-01 1.00e-01
15 1.6e+08 6.9e-87 1.4e-93 +1.92e+09 -2.81e-01 1.0e+00 1.0e+00 1.00e-01
16 1.6e+07 6.9e-87 4.8e-93 +1.93e+08 -2.83e-01 1.0e+00 1.0e+00 1.00e-01
17 1.6e+06 9.5e-87 1.7e-92 +1.93e+07 -2.84e-01 1.0e+00 1.0e+00 1.00e-01
18 1.6e+05 9.5e-87 4.8e-92 +1.93e+06 -2.86e-01 1.0e+00 1.0e+00 1.00e-01
19 1.6e+04 1.2e-86 1.6e-91 +1.93e+05 -2.87e-01 1.0e+00 1.0e+00 1.00e-01
20 1.6e+03 1.3e-86 3.7e-91 +1.93e+04 -2.89e-01 1.0e+00 1.0e+00 1.00e-01
21 1.6e+02 1.6e-86 1.2e-90 +1.93e+03 -2.90e-01 1.0e+00 1.0e+00 1.00e-01
22 1.6e+01 1.8e-86 4.0e-90 +1.93e+02 -2.91e-01 1.0e+00 9.0e+01 1.00e-01
23 1.6e+00 1.9e-86 3.0e-87 +1.94e+01 -2.16e-01 9.9e-01 1.7e+01 1.00e-01
24 1.8e-01 2.0e-86 4.8e-86 +2.01e+00 -1.29e-01 9.5e-01 1.9e+00 1.00e-01
25 2.3e-02 2.0e-86 4.2e-86 +2.19e-01 -5.30e-02 8.9e-01 1.1e+00 1.00e-01
26 4.0e-03 2.2e-86 4.7e-87 +2.81e-02 -1.94e-02 9.0e-01 9.1e-01 1.00e-01
27 7.5e-04 2.0e-86 5.0e-88 +3.16e-03 -5.80e-03 9.2e-01 9.4e-01 1.00e-01
28 1.2e-04 2.0e-86 2.2e-89 +3.15e-04 -1.11e-03 9.4e-01 9.8e-01 1.00e-01
29 1.5e-05 1.9e-86 1.9e-89 +1.38e-05 -1.70e-04 1.0e+00 9.5e-01 1.00e-01
30 2.1e-06 2.0e-86 2.7e-89 -1.66e-05 -4.21e-05 1.0e+00 9.8e-01 1.00e-01
31 2.5e-07 2.1e-86 2.9e-88 -1.98e-05 -2.28e-05 1.0e+00 9.8e-01 1.00e-01
32 2.8e-08 2.0e-86 3.8e-88 -2.02e-05 -2.05e-05 1.1e+00 9.9e-01 1.00e-01
33 2.9e-09 2.0e-86 1.4e-89 -2.02e-05 -2.02e-05 1.1e+00 9.9e-01 1.00e-01
34 3.0e-10 2.0e-86 5.2e-89 -2.02e-05 -2.02e-05 1.1e+00 9.9e-01 1.00e-01
35 3.0e-11 1.9e-86 7.2e-89 -2.02e-05 -2.02e-05 1.1e+00 9.9e-01 1.00e-01
36 3.0e-12 2.0e-86 4.4e-90 -2.02e-05 -2.02e-05 1.1e+00 9.9e-01 1.00e-01
37 3.0e-13 1.9e-86 3.4e-90 -2.02e-05 -2.02e-05 1.1e+00 9.9e-01 1.00e-01
38 3.0e-14 2.0e-86 2.8e-90 -2.02e-05 -2.02e-05 1.1e+00 9.9e-01 1.00e-01
39 3.0e-15 2.0e-86 1.6e-90 -2.02e-05 -2.02e-05 1.1e+00 9.9e-01 1.00e-01
40 3.0e-16 2.0e-86 2.1e-89 -2.02e-05 -2.02e-05 1.1e+00 9.9e-01 1.00e-01
41 3.0e-17 2.0e-86 4.8e-89 -2.02e-05 -2.02e-05 1.1e+00 9.9e-01 1.00e-01
42 3.0e-18 2.0e-86 4.1e-89 -2.02e-05 -2.02e-05 1.1e+00 9.9e-01 1.00e-01
43 3.0e-19 2.0e-86 3.9e-89 -2.02e-05 -2.02e-05 1.1e+00 9.9e-01 1.00e-01
44 3.0e-20 2.0e-86 5.2e-89 -2.02e-05 -2.02e-05 1.1e+00 9.9e-01 1.00e-01
45 3.0e-21 2.0e-86 1.9e-79 -2.02e-05 -2.02e-05 1.1e+00 9.9e-01 1.00e-01
46 3.0e-22 2.0e-86 7.1e-80 -2.02e-05 -2.02e-05 1.1e+00 9.9e-01 1.00e-01
47 3.0e-23 2.0e-86 8.0e-80 -2.02e-05 -2.02e-05 1.1e+00 9.9e-01 1.00e-01
48 3.0e-24 2.0e-86 2.1e-80 -2.02e-05 -2.02e-05 1.1e+00 9.9e-01 1.00e-01
49 3.0e-25 2.1e-86 8.6e-81 -2.02e-05 -2.02e-05 1.1e+00 9.9e-01 1.00e-01
50 3.0e-26 2.0e-86 3.2e-81 -2.02e-05 -2.02e-05 1.1e+00 9.9e-01 1.00e-01
51 3.0e-27 2.0e-86 1.2e-81 -2.02e-05 -2.02e-05 1.1e+00 9.9e-01 1.00e-01
52 3.0e-28 2.0e-86 1.0e-81 -2.02e-05 -2.02e-05 1.1e+00 9.9e-01 1.00e-01
53 3.0e-29 2.0e-86 8.1e-81 -2.02e-05 -2.02e-05 1.1e+00 9.9e-01 1.00e-01
54 3.0e-30 2.0e-86 1.2e-79 -2.02e-05 -2.02e-05 1.1e+00 9.9e-01 1.00e-01
55 3.0e-31 1.9e-86 6.8e-79 -2.02e-05 -2.02e-05 1.1e+00 9.9e-01 1.00e-01
56 3.0e-32 2.0e-86 1.0e-77 -2.02e-05 -2.02e-05 1.1e+00 9.9e-01 1.00e-01

phase.value = pdOPT     
   Iteration = 56
          mu = 2.9808466801147057e-32
relative gap = 3.5770160161376469e-31
         gap = 3.5770160161376469e-31
      digits = 2.5751772785094921e+01
objValPrimal = -2.0197316440034177e-05
objValDual   = -2.0197316440034177e-05
p.feas.error = 1.9863187676717223e-76
d.feas.error = 1.2212233039653920e-66
relative eps = 8.6361685550944446e-78
total time   = 0.110


Parameters are
maxIteration =    200
epsilonStar  = 1.000e-30
lambdaStar   = 1.000e+10
omegaStar    = 2.000e+00
lowerBound   = -1.000e+05
upperBound   = 1.000e+05
betaStar     = 1.000e-01
betaBar      = 3.000e-01
gammaStar    = 9.000e-01
epsilonDash  = 1.000e-30
precision    =    200

                         Time(sec)  Ratio(% : MainLoop) 
 Predictor time  =       0.040000,  36.363636
 Corrector time  =       0.030000,  27.272727
 Make bMat time  =       0.010000,  9.090909
 Make bDia time  =       0.000000,  0.000000
 Make bF1  time  =       0.010000,  9.090909
 Make bF2  time  =       0.000000,  0.000000
 Make bF3  time  =       0.000000,  0.000000
 Make bPRE time  =       0.010000,  9.090909
 Make rMat time  =       0.000000,  0.000000
 Make gVec Mul   =       0.000000,  0.000000
 Make gVec time  =       0.010000,  9.090909
 Cholesky bMat   =       0.000000,  0.000000
 Ste Pre time    =       0.000000,  0.000000
 Ste Cor time    =       0.040000,  36.363636
 solve           =       0.000000,  0.000000
 sumDz           =       0.000000,  0.000000
 makedX          =       0.030000,  27.272727
 symmetriseDx    =       0.010000,  9.090909
 makedXdZ        =       0.040000,  36.363636
 xMatTime        =       0.000000,  0.000000
 zMatTime        =       0.000000,  0.000000
 invzMatTime     =       0.000000,  0.000000
 xMatzMatTime    =       0.000000,  0.000000
 EigxMatTime     =       0.020000,  18.181818
 EigzMatTime     =       0.020000,  18.181818
 EigxMatzMatTime =       0.000000,  0.000000
 updateRes       =       0.000000,  0.000000
 EigTime         =       0.040000,  36.363636
 sub_total_bMat  =       0.100000,  90.909091
 Main Loop       =       0.110000,  100.000000
 File Check      =       0.000000,  0.000000
 File Change     =       0.000000,  0.000000
 File Read       =       0.000000,  0.000000
 Total           =       0.110000,  100.000000

xVec = 
{+2.019731644003e-05,+6.177577713116e-01,+5.553948851224e-01,+5.688527697002e-01,+6.218042047869e-01,+7.060173867793e-01,+8.221604336794e-01,+9.758077657644e-01}
xMat = 
{
{ {+9.999798026836e-01,+6.177577713116e-01,+5.553948851224e-01,+5.688527697002e-01,+6.218042047869e-01,+7.060173867793e-01 },
  {+6.177577713116e-01,+5.553746878059e-01,+5.688527697002e-01,+6.218042047869e-01,+7.060173867793e-01,+8.221604336794e-01 },
  {+5.553948851224e-01,+5.688527697002e-01,+6.217840074705e-01,+7.060173867793e-01,+8.221604336794e-01,+9.758077657644e-01 },
  {+5.688527697002e-01,+6.218042047869e-01,+7.060173867793e-01,+8.221402363629e-01,+9.758077657644e-01,+1.177273423354e+00 },
  {+6.218042047869e-01,+7.060173867793e-01,+8.221604336794e-01,+9.758077657644e-01,+1.177253226037e+00,+1.444112763837e+00 },
  {+7.060173867793e-01,+8.221604336794e-01,+9.758077657644e-01,+1.177273423354e+00,+1.444112763837e+00,+1.810936832117e+00 }   }
{ {+6.177375739952e-01,+5.553948851224e-01,+5.688527697002e-01,+6.218042047869e-01,+7.060173867793e-01,+8.221604336794e-01 },
  {+5.553948851224e-01,+5.688325723838e-01,+6.218042047869e-01,+7.060173867793e-01,+8.221604336794e-01,+9.758077657644e-01 },
  {+5.688527697002e-01,+6.218042047869e-01,+7.059971894629e-01,+8.221604336794e-01,+9.758077657644e-01,+1.177273423354e+00 },
  {+6.218042047869e-01,+7.060173867793e-01,+8.221604336794e-01,+9.757875684480e-01,+1.177273423354e+00,+1.444112763837e+00 },
  {+7.060173867793e-01,+8.221604336794e-01,+9.758077657644e-01,+1.177273423354e+00,+1.444092566520e+00,+1.810957029433e+00 },
  {+8.221604336794e-01,+9.758077657644e-01,+1.177273423354e+00,+1.444112763837e+00,+1.810957029433e+00,+2.414779818366e+00 }   }
}
yMat = 
{
{ {+3.312632432889e-05,-6.124995488911e-04,+2.238152177662e-03,-2.953402362537e-03,+1.547015342666e-03,-2.545222043382e-04 },
  {-6.124995488911e-04,+1.132500224495e-02,-4.138301568134e-02,+5.460785799196e-02,-2.860402470564e-02,+4.706068013828e-03 },
  {+2.238152177662e-03,-4.138301568134e-02,+1.512188651128e-01,-1.995441408952e-01,+1.045227874873e-01,-1.719657817291e-02 },
  {-2.953402362537e-03,+5.460785799196e-02,-1.995441408952e-01,+2.633128091254e-01,-1.379253165111e-01,+2.269211857456e-02 },
  {+1.547015342666e-03,-2.860402470564e-02,+1.045227874873e-01,-1.379253165111e-01,+7.224636354710e-02,-1.188630984986e-02 },
  {-2.545222043382e-04,+4.706068013828e-03,-1.719657817291e-02,+2.269211857456e-02,-1.188630984986e-02,+1.955591325436e-03 }   }
{ {+1.094698267929e-03,-7.792760271577e-03,+1.657213012562e-02,-1.385194381810e-02,+4.329059112214e-03,-2.657307021381e-04 },
  {-7.792760271577e-03,+5.547383642540e-02,-1.179709889398e-01,+9.860696836030e-02,-3.081700305125e-02,+1.891640572774e-03 },
  {+1.657213012562e-02,-1.179709889398e-01,+2.508778034516e-01,-2.096981626549e-01,+6.553562112124e-02,-4.022774040315e-03 },
  {-1.385194381810e-02,+9.860696836030e-02,-2.096981626549e-01,+1.752778397125e-01,-5.477845847060e-02,+3.362466959706e-03 },
  {+4.329059112214e-03,-3.081700305125e-02,+6.553562112124e-02,-5.477845847060e-02,+1.711956010718e-02,-1.050850221643e-03 },
  {-2.657307021381e-04,+1.891640572774e-03,-4.022774040315e-03,+3.362466959706e-03,-1.050850221643e-03,+6.450435533471e-05 }   }
}
    main loop time = 0.110000
        total time = 0.110000
  file   read time = 0.000000
