SDPA-GMP start at Wed Jun  5 23:35:12 2024
*SDP Scan Problem: V = x^2 - 2*x^4 + x^8
* K = 6; eval = 3.768844221105528; Domain = R+ with BCs: Neumann
data      is /Users/gorg/qmBoot/data/K=6_BC-Neumann_V_0.0_0.0_1.0_0.0_-2.0_0.0_0.0_0.0_1.0/e=3.768844221105528_K=6_D=R+.dat
parameter is ./param.sdpa
out       is /Users/gorg/qmBoot/data/K=6_BC-Neumann_V_0.0_0.0_1.0_0.0_-2.0_0.0_0.0_0.0_1.0/e=3.768844221105528_K=6_D=R+.out
DENSE computation
   mu      thetaP  thetaD  objP      objD      alphaP  alphaD  beta 
 0 1.0e+20 1.0e+00 1.0e+00 +0.00e+00 -1.97e+10 1.0e+00 9.0e-01 3.00e-01
 1 1.6e+19 8.6e-88 1.0e-01 +1.60e+10 -1.97e+09 9.0e-01 9.0e-01 3.00e-01
 2 2.5e+18 8.6e-88 1.0e-02 +2.46e+10 -1.97e+08 9.0e-01 9.0e-01 3.00e-01
 3 3.8e+17 1.7e-87 1.0e-03 +3.79e+10 -1.97e+07 9.0e-01 9.0e-01 3.00e-01
 4 5.8e+16 1.7e-87 1.0e-04 +5.84e+10 -1.97e+06 9.0e-01 9.0e-01 3.00e-01
 5 9.0e+15 3.5e-87 1.0e-05 +9.00e+10 -1.97e+05 9.0e-01 9.0e-01 3.00e-01
 6 1.4e+15 3.5e-87 1.0e-06 +1.39e+11 -1.97e+04 9.0e-01 9.0e-01 3.00e-01
 7 2.1e+14 4.3e-87 1.0e-07 +2.13e+11 -1.97e+03 9.0e-01 9.0e-01 3.00e-01
 8 3.3e+13 4.3e-87 1.0e-08 +3.29e+11 -1.97e+02 9.0e-01 9.0e-01 3.00e-01
 9 5.1e+12 4.3e-87 1.0e-09 +5.05e+11 -1.98e+01 9.0e-01 9.0e-01 3.00e-01
10 8.5e+11 6.0e-87 1.0e-10 +7.66e+11 -2.13e+00 8.9e-01 8.9e-01 3.00e-01
11 2.1e+11 6.9e-87 1.1e-11 +1.03e+12 -3.57e-01 1.7e+00 9.3e-01 3.00e-01
12 5.0e+10 6.9e-87 7.6e-13 +5.05e+11 -1.93e-01 1.2e+00 1.0e+00 3.00e-01
13 1.2e+10 6.9e-87 2.9e-94 +1.41e+11 -2.90e-01 9.7e-01 9.7e-01 1.00e-01
14 1.5e+09 6.9e-87 5.9e-94 +1.77e+10 -2.93e-01 9.9e-01 9.9e-01 1.00e-01
15 1.6e+08 7.8e-87 1.4e-93 +1.90e+09 -2.95e-01 1.0e+00 1.0e+00 1.00e-01
16 1.6e+07 1.0e-86 3.7e-93 +1.91e+08 -2.96e-01 1.0e+00 1.0e+00 1.00e-01
17 1.6e+06 1.0e-86 1.2e-92 +1.91e+07 -2.98e-01 1.0e+00 1.0e+00 1.00e-01
18 1.6e+05 1.2e-86 3.8e-92 +1.91e+06 -3.00e-01 1.0e+00 1.0e+00 1.00e-01
19 1.6e+04 1.4e-86 1.7e-91 +1.91e+05 -3.01e-01 1.0e+00 1.0e+00 1.00e-01
20 1.6e+03 1.4e-86 4.0e-91 +1.91e+04 -3.02e-01 1.0e+00 1.0e+00 1.00e-01
21 1.6e+02 1.6e-86 1.4e-90 +1.91e+03 -3.03e-01 1.0e+00 1.0e+00 1.00e-01
22 1.6e+01 1.6e-86 5.1e-90 +1.91e+02 -3.04e-01 1.0e+00 9.0e+01 1.00e-01
23 1.6e+00 1.7e-86 3.6e-87 +1.92e+01 -2.10e-01 9.8e-01 1.8e+01 1.00e-01
24 1.8e-01 2.0e-86 6.0e-86 +2.00e+00 -1.47e-01 9.4e-01 1.8e+00 1.00e-01
25 2.3e-02 2.0e-86 4.9e-86 +2.22e-01 -5.55e-02 8.9e-01 1.1e+00 1.00e-01
26 4.1e-03 2.0e-86 3.0e-87 +2.86e-02 -2.10e-02 9.0e-01 8.9e-01 1.00e-01
27 8.0e-04 2.0e-86 3.6e-88 +3.23e-03 -6.31e-03 9.3e-01 9.4e-01 1.00e-01
28 1.3e-04 2.0e-86 1.4e-89 +3.27e-04 -1.20e-03 9.5e-01 9.8e-01 1.00e-01
29 1.6e-05 2.0e-86 1.3e-89 +1.49e-05 -1.80e-04 1.0e+00 9.5e-01 1.00e-01
30 2.3e-06 2.1e-86 2.0e-89 -1.70e-05 -4.43e-05 1.0e+00 9.7e-01 1.00e-01
31 2.7e-07 2.0e-86 4.3e-88 -2.04e-05 -2.37e-05 1.0e+00 9.7e-01 1.00e-01
32 3.2e-08 2.1e-86 6.3e-88 -2.08e-05 -2.12e-05 1.1e+00 9.9e-01 1.00e-01
33 3.3e-09 2.0e-86 2.9e-88 -2.08e-05 -2.09e-05 1.1e+00 9.9e-01 1.00e-01
34 3.4e-10 2.0e-86 1.2e-88 -2.08e-05 -2.08e-05 1.1e+00 9.9e-01 1.00e-01
35 3.4e-11 2.0e-86 8.8e-90 -2.08e-05 -2.08e-05 1.1e+00 9.9e-01 1.00e-01
36 3.4e-12 2.0e-86 7.2e-89 -2.08e-05 -2.08e-05 1.1e+00 9.9e-01 1.00e-01
37 3.4e-13 1.9e-86 2.2e-90 -2.08e-05 -2.08e-05 1.1e+00 9.9e-01 1.00e-01
38 3.4e-14 1.9e-86 1.3e-89 -2.08e-05 -2.08e-05 1.1e+00 9.9e-01 1.00e-01
39 3.4e-15 2.0e-86 4.6e-90 -2.08e-05 -2.08e-05 1.1e+00 9.9e-01 1.00e-01
40 3.4e-16 2.0e-86 2.0e-89 -2.08e-05 -2.08e-05 1.1e+00 9.9e-01 1.00e-01
41 3.4e-17 2.0e-86 4.5e-89 -2.08e-05 -2.08e-05 1.1e+00 9.9e-01 1.00e-01
42 3.4e-18 2.0e-86 1.8e-89 -2.08e-05 -2.08e-05 1.1e+00 9.9e-01 1.00e-01
43 3.4e-19 2.0e-86 1.1e-89 -2.08e-05 -2.08e-05 1.1e+00 9.9e-01 1.00e-01
44 3.4e-20 2.0e-86 1.6e-89 -2.08e-05 -2.08e-05 1.1e+00 9.9e-01 1.00e-01
45 3.4e-21 2.1e-86 1.7e-79 -2.08e-05 -2.08e-05 1.1e+00 9.9e-01 1.00e-01
46 3.4e-22 1.9e-86 6.6e-80 -2.08e-05 -2.08e-05 1.1e+00 9.9e-01 1.00e-01
47 3.4e-23 1.9e-86 6.3e-80 -2.08e-05 -2.08e-05 1.1e+00 9.9e-01 1.00e-01
48 3.4e-24 2.0e-86 2.5e-80 -2.08e-05 -2.08e-05 1.1e+00 9.9e-01 1.00e-01
49 3.4e-25 2.0e-86 1.3e-80 -2.08e-05 -2.08e-05 1.1e+00 9.9e-01 1.00e-01
50 3.4e-26 2.0e-86 5.1e-81 -2.08e-05 -2.08e-05 1.1e+00 9.9e-01 1.00e-01
51 3.4e-27 2.1e-86 1.0e-81 -2.08e-05 -2.08e-05 1.1e+00 9.9e-01 1.00e-01
52 3.4e-28 2.0e-86 5.3e-82 -2.08e-05 -2.08e-05 1.1e+00 9.9e-01 1.00e-01
53 3.4e-29 2.0e-86 2.7e-81 -2.08e-05 -2.08e-05 1.1e+00 9.9e-01 1.00e-01
54 3.4e-30 1.9e-86 7.4e-80 -2.08e-05 -2.08e-05 1.1e+00 9.9e-01 1.00e-01
55 3.4e-31 2.0e-86 3.6e-79 -2.08e-05 -2.08e-05 1.1e+00 9.9e-01 1.00e-01
56 3.4e-32 2.0e-86 5.6e-78 -2.08e-05 -2.08e-05 1.1e+00 9.9e-01 1.00e-01

phase.value = pdOPT     
   Iteration = 56
          mu = 3.3958870710589777e-32
relative gap = 4.0750644852707732e-31
         gap = 4.0750644852707732e-31
      digits = 2.5708836000706654e+01
objValPrimal = -2.0843492303281112e-05
objValDual   = -2.0843492303281112e-05
p.feas.error = 1.9863187676717223e-76
d.feas.error = 6.7023593354928638e-67
relative eps = 8.6361685550944446e-78
total time   = 0.110


Parameters are
maxIteration =    200
epsilonStar  = 1.000e-30
lambdaStar   = 1.000e+10
omegaStar    = 2.000e+00
lowerBound   = -1.000e+05
upperBound   = 1.000e+05
betaStar     = 1.000e-01
betaBar      = 3.000e-01
gammaStar    = 9.000e-01
epsilonDash  = 1.000e-30
precision    =    200

                         Time(sec)  Ratio(% : MainLoop) 
 Predictor time  =       0.060000,  54.545455
 Corrector time  =       0.000000,  0.000000
 Make bMat time  =       0.020000,  18.181818
 Make bDia time  =       0.000000,  0.000000
 Make bF1  time  =       0.000000,  0.000000
 Make bF2  time  =       0.020000,  18.181818
 Make bF3  time  =       0.000000,  0.000000
 Make bPRE time  =       0.010000,  9.090909
 Make rMat time  =       0.000000,  0.000000
 Make gVec Mul   =       0.000000,  0.000000
 Make gVec time  =       0.000000,  0.000000
 Cholesky bMat   =       0.000000,  0.000000
 Ste Pre time    =       0.000000,  0.000000
 Ste Cor time    =       0.040000,  36.363636
 solve           =       0.010000,  9.090909
 sumDz           =       0.000000,  0.000000
 makedX          =       0.030000,  27.272727
 symmetriseDx    =       0.000000,  0.000000
 makedXdZ        =       0.030000,  27.272727
 xMatTime        =       0.000000,  0.000000
 zMatTime        =       0.000000,  0.000000
 invzMatTime     =       0.000000,  0.000000
 xMatzMatTime    =       0.000000,  0.000000
 EigxMatTime     =       0.010000,  9.090909
 EigzMatTime     =       0.020000,  18.181818
 EigxMatzMatTime =       0.000000,  0.000000
 updateRes       =       0.010000,  9.090909
 EigTime         =       0.030000,  27.272727
 sub_total_bMat  =       0.090000,  81.818182
 Main Loop       =       0.110000,  100.000000
 File Check      =       0.000000,  0.000000
 File Change     =       0.000000,  0.000000
 File Read       =       0.000000,  0.000000
 Total           =       0.110000,  100.000000

xVec = 
{+2.084349230328e-05,+6.365964282230e-01,+5.823584390165e-01,+6.056099075279e-01,+6.712156132315e-01,+7.717212927060e-01,+9.088275528780e-01,+1.089556875582e+00}
xMat = 
{
{ {+9.999791565077e-01,+6.365964282230e-01,+5.823584390165e-01,+6.056099075279e-01,+6.712156132315e-01,+7.717212927060e-01 },
  {+6.365964282230e-01,+5.823375955242e-01,+6.056099075279e-01,+6.712156132315e-01,+7.717212927060e-01,+9.088275528780e-01 },
  {+5.823584390165e-01,+6.056099075279e-01,+6.711947697392e-01,+7.717212927060e-01,+9.088275528780e-01,+1.089556875582e+00 },
  {+6.056099075279e-01,+6.712156132315e-01,+7.717212927060e-01,+9.088067093857e-01,+1.089556875582e+00,+1.326284204492e+00 },
  {+6.712156132315e-01,+7.717212927060e-01,+9.088275528780e-01,+1.089556875582e+00,+1.326263361000e+00,+1.639657576581e+00 },
  {+7.717212927060e-01,+9.088275528780e-01,+1.089556875582e+00,+1.326284204492e+00,+1.639657576581e+00,+2.069674554844e+00 }   }
{ {+6.365755847307e-01,+5.823584390165e-01,+6.056099075279e-01,+6.712156132315e-01,+7.717212927060e-01,+9.088275528780e-01 },
  {+5.823584390165e-01,+6.055890640356e-01,+6.712156132315e-01,+7.717212927060e-01,+9.088275528780e-01,+1.089556875582e+00 },
  {+6.056099075279e-01,+6.712156132315e-01,+7.717004492137e-01,+9.088275528780e-01,+1.089556875582e+00,+1.326284204492e+00 },
  {+6.712156132315e-01,+7.717212927060e-01,+9.088275528780e-01,+1.089536032090e+00,+1.326284204492e+00,+1.639657576581e+00 },
  {+7.717212927060e-01,+9.088275528780e-01,+1.089556875582e+00,+1.326284204492e+00,+1.639636733088e+00,+2.069695398336e+00 },
  {+9.088275528780e-01,+1.089556875582e+00,+1.326284204492e+00,+1.639657576581e+00,+2.069695398336e+00,+2.770660683223e+00 }   }
}
yMat = 
{
{ {+3.703467484316e-05,-6.651192657632e-04,+2.391415719397e-03,-3.113654968474e-03,+1.610826988410e-03,-2.615379523451e-04 },
  {-6.651192657632e-04,+1.194512006823e-02,-4.294830923062e-02,+5.591926796284e-02,-2.892943081963e-02,+4.697055707108e-03 },
  {+2.391415719397e-03,-4.294830923062e-02,+1.544193156061e-01,-2.010559959800e-01,+1.040148724844e-01,-1.688811831359e-02 },
  {-3.113654968474e-03,+5.591926796284e-02,-2.010559959800e-01,+2.617775720662e-01,-1.354287428486e-01,+2.198855392176e-02 },
  {+1.610826988410e-03,-2.892943081963e-02,+1.040148724844e-01,-1.354287428486e-01,+7.006308540790e-02,-1.137562011588e-02 },
  {-2.615379523451e-04,+4.697055707108e-03,-1.688811831359e-02,+2.198855392176e-02,-1.137562011588e-02,+1.846974512576e-03 }   }
{ {+1.183171528133e-03,-8.246805742390e-03,+1.729123677618e-02,-1.426959265168e-02,+4.403544669643e-03,-2.670047748111e-04 },
  {-8.246805742390e-03,+5.748093436632e-02,-1.205213845568e-01,+9.946026913536e-02,-3.069307924083e-02,+1.861045890474e-03 },
  {+1.729123677618e-02,-1.205213845568e-01,+2.526995132495e-01,-2.085402660332e-01,+6.435477166816e-02,-3.902090839621e-03 },
  {-1.426959265168e-02,+9.946026913536e-02,-2.085402660332e-01,+1.720978485394e-01,-5.310877346619e-02,+3.220200353045e-03 },
  {+4.403544669643e-03,-3.069307924083e-02,+6.435477166816e-02,-5.310877346619e-02,+1.638917536170e-02,-9.937421793304e-04 },
  {-2.670047748111e-04,+1.861045890474e-03,-3.902090839621e-03,+3.220200353045e-03,-9.937421793304e-04,+6.025461911208e-05 }   }
}
    main loop time = 0.110000
        total time = 0.110000
  file   read time = 0.000000
