SDPA-GMP start at Wed Jun  5 23:35:12 2024
*SDP Scan Problem: V = x^2 - 2*x^4 + x^8
* K = 6; eval = 3.0653266331658298; Domain = R+ with BCs: Neumann
data      is /Users/gorg/qmBoot/data/K=6_BC-Neumann_V_0.0_0.0_1.0_0.0_-2.0_0.0_0.0_0.0_1.0/e=3.0653266331658298_K=6_D=R+.dat
parameter is ./param.sdpa
out       is /Users/gorg/qmBoot/data/K=6_BC-Neumann_V_0.0_0.0_1.0_0.0_-2.0_0.0_0.0_0.0_1.0/e=3.0653266331658298_K=6_D=R+.out
DENSE computation
   mu      thetaP  thetaD  objP      objD      alphaP  alphaD  beta 
 0 1.0e+20 1.0e+00 1.0e+00 +0.00e+00 -1.83e+10 1.0e+00 9.0e-01 3.00e-01
 1 1.6e+19 8.6e-88 1.0e-01 +1.60e+10 -1.83e+09 9.0e-01 9.0e-01 3.00e-01
 2 2.5e+18 8.6e-88 1.0e-02 +2.46e+10 -1.83e+08 9.0e-01 9.0e-01 3.00e-01
 3 3.8e+17 2.6e-87 1.0e-03 +3.79e+10 -1.83e+07 9.0e-01 9.0e-01 3.00e-01
 4 5.8e+16 4.3e-87 1.0e-04 +5.84e+10 -1.83e+06 9.0e-01 9.0e-01 3.00e-01
 5 9.0e+15 5.2e-87 1.0e-05 +9.00e+10 -1.83e+05 9.0e-01 9.0e-01 3.00e-01
 6 1.4e+15 4.3e-87 1.0e-06 +1.39e+11 -1.83e+04 9.0e-01 9.0e-01 3.00e-01
 7 2.1e+14 4.3e-87 1.0e-07 +2.13e+11 -1.83e+03 9.0e-01 9.0e-01 3.00e-01
 8 3.3e+13 4.3e-87 1.0e-08 +3.29e+11 -1.83e+02 9.0e-01 9.0e-01 3.00e-01
 9 5.1e+12 5.2e-87 1.0e-09 +5.05e+11 -1.84e+01 9.0e-01 9.0e-01 3.00e-01
10 8.4e+11 6.0e-87 1.0e-10 +7.66e+11 -1.98e+00 8.9e-01 8.9e-01 3.00e-01
11 2.0e+11 6.0e-87 1.1e-11 +1.03e+12 -3.36e-01 1.6e+00 9.4e-01 3.00e-01
12 5.0e+10 7.8e-87 6.9e-13 +5.17e+11 -1.85e-01 1.1e+00 1.0e+00 3.00e-01
13 1.2e+10 6.9e-87 2.1e-94 +1.44e+11 -2.71e-01 9.7e-01 9.7e-01 1.00e-01
14 1.5e+09 6.9e-87 7.2e-94 +1.81e+10 -2.73e-01 9.9e-01 9.9e-01 1.00e-01
15 1.6e+08 8.6e-87 1.4e-93 +1.93e+09 -2.75e-01 1.0e+00 1.0e+00 1.00e-01
16 1.6e+07 9.5e-87 4.6e-93 +1.93e+08 -2.77e-01 1.0e+00 1.0e+00 1.00e-01
17 1.6e+06 1.0e-86 1.1e-92 +1.93e+07 -2.79e-01 1.0e+00 1.0e+00 1.00e-01
18 1.6e+05 1.0e-86 4.0e-92 +1.93e+06 -2.80e-01 1.0e+00 1.0e+00 1.00e-01
19 1.6e+04 1.2e-86 9.9e-92 +1.93e+05 -2.82e-01 1.0e+00 1.0e+00 1.00e-01
20 1.6e+03 1.5e-86 5.1e-91 +1.93e+04 -2.83e-01 1.0e+00 1.0e+00 1.00e-01
21 1.6e+02 1.6e-86 1.2e-90 +1.93e+03 -2.84e-01 1.0e+00 1.0e+00 1.00e-01
22 1.6e+01 1.6e-86 5.4e-90 +1.93e+02 -2.85e-01 1.0e+00 9.0e+01 1.00e-01
23 1.6e+00 1.9e-86 2.8e-87 +1.94e+01 -2.18e-01 9.9e-01 1.7e+01 1.00e-01
24 1.8e-01 1.9e-86 4.3e-86 +2.01e+00 -1.23e-01 9.5e-01 1.9e+00 1.00e-01
25 2.3e-02 2.1e-86 3.9e-86 +2.18e-01 -5.22e-02 8.9e-01 1.1e+00 1.00e-01
26 3.9e-03 1.8e-86 4.6e-87 +2.80e-02 -1.91e-02 9.0e-01 9.1e-01 1.00e-01
27 7.3e-04 1.8e-86 5.0e-88 +3.13e-03 -5.66e-03 9.2e-01 9.5e-01 1.00e-01
28 1.2e-04 1.9e-86 1.4e-89 +3.10e-04 -1.08e-03 9.4e-01 9.8e-01 1.00e-01
29 1.5e-05 1.8e-86 2.4e-89 +1.36e-05 -1.66e-04 1.0e+00 9.5e-01 1.00e-01
30 2.1e-06 1.8e-86 2.2e-89 -1.64e-05 -4.13e-05 1.0e+00 9.8e-01 1.00e-01
31 2.4e-07 1.8e-86 6.6e-89 -1.95e-05 -2.24e-05 1.0e+00 9.8e-01 1.00e-01
32 2.7e-08 1.8e-86 1.7e-88 -1.98e-05 -2.02e-05 1.1e+00 9.9e-01 1.00e-01
33 2.8e-09 1.9e-86 7.2e-89 -1.99e-05 -1.99e-05 1.1e+00 9.9e-01 1.00e-01
34 2.9e-10 1.8e-86 4.1e-90 -1.99e-05 -1.99e-05 1.1e+00 9.9e-01 1.00e-01
35 2.9e-11 1.8e-86 7.2e-89 -1.99e-05 -1.99e-05 1.1e+00 9.9e-01 1.00e-01
36 2.9e-12 1.9e-86 4.0e-90 -1.99e-05 -1.99e-05 1.1e+00 9.9e-01 1.00e-01
37 2.9e-13 1.8e-86 7.2e-89 -1.99e-05 -1.99e-05 1.1e+00 9.9e-01 1.00e-01
38 2.9e-14 1.8e-86 3.9e-90 -1.99e-05 -1.99e-05 1.1e+00 9.9e-01 1.00e-01
39 2.9e-15 1.8e-86 4.3e-90 -1.99e-05 -1.99e-05 1.1e+00 9.9e-01 1.00e-01
40 2.9e-16 1.8e-86 1.1e-90 -1.99e-05 -1.99e-05 1.1e+00 9.9e-01 1.00e-01
41 2.9e-17 1.8e-86 3.9e-90 -1.99e-05 -1.99e-05 1.1e+00 9.9e-01 1.00e-01
42 2.9e-18 1.7e-86 9.0e-91 -1.99e-05 -1.99e-05 1.1e+00 9.9e-01 1.00e-01
43 2.9e-19 1.8e-86 1.5e-89 -1.99e-05 -1.99e-05 1.1e+00 9.9e-01 1.00e-01
44 2.9e-20 1.8e-86 3.1e-89 -1.99e-05 -1.99e-05 1.1e+00 9.9e-01 1.00e-01
45 2.9e-21 1.8e-86 1.4e-79 -1.99e-05 -1.99e-05 1.1e+00 9.9e-01 1.00e-01
46 2.9e-22 1.8e-86 8.2e-80 -1.99e-05 -1.99e-05 1.1e+00 9.9e-01 1.00e-01
47 2.9e-23 1.8e-86 7.4e-80 -1.99e-05 -1.99e-05 1.1e+00 9.9e-01 1.00e-01
48 2.9e-24 1.8e-86 2.9e-80 -1.99e-05 -1.99e-05 1.1e+00 9.9e-01 1.00e-01
49 2.9e-25 1.7e-86 1.0e-80 -1.99e-05 -1.99e-05 1.1e+00 9.9e-01 1.00e-01
50 2.9e-26 1.8e-86 3.4e-81 -1.99e-05 -1.99e-05 1.1e+00 9.9e-01 1.00e-01
51 2.9e-27 1.9e-86 7.2e-82 -1.99e-05 -1.99e-05 1.1e+00 9.9e-01 1.00e-01
52 2.9e-28 1.8e-86 1.6e-81 -1.99e-05 -1.99e-05 1.1e+00 9.9e-01 1.00e-01
53 2.9e-29 1.8e-86 4.2e-81 -1.99e-05 -1.99e-05 1.1e+00 9.9e-01 1.00e-01
54 2.9e-30 1.8e-86 1.7e-79 -1.99e-05 -1.99e-05 1.1e+00 9.9e-01 1.00e-01
55 2.9e-31 1.8e-86 9.1e-79 -1.99e-05 -1.99e-05 1.1e+00 9.9e-01 1.00e-01
56 2.9e-32 1.8e-86 6.4e-78 -1.99e-05 -1.99e-05 1.1e+00 9.9e-01 1.00e-01

phase.value = pdOPT     
   Iteration = 56
          mu = 2.8678850456073345e-32
relative gap = 3.4414620547288014e-31
         gap = 3.4414620547288014e-31
      digits = 2.5761699360279458e+01
objValPrimal = -1.9881188622867183e-05
objValDual   = -1.9881188622867183e-05
p.feas.error = 1.8135953965698334e-76
d.feas.error = 7.6413411589589752e-67
relative eps = 8.6361685550944446e-78
total time   = 0.110


Parameters are
maxIteration =    200
epsilonStar  = 1.000e-30
lambdaStar   = 1.000e+10
omegaStar    = 2.000e+00
lowerBound   = -1.000e+05
upperBound   = 1.000e+05
betaStar     = 1.000e-01
betaBar      = 3.000e-01
gammaStar    = 9.000e-01
epsilonDash  = 1.000e-30
precision    =    200

                         Time(sec)  Ratio(% : MainLoop) 
 Predictor time  =       0.040000,  36.363636
 Corrector time  =       0.000000,  0.000000
 Make bMat time  =       0.020000,  18.181818
 Make bDia time  =       0.000000,  0.000000
 Make bF1  time  =       0.000000,  0.000000
 Make bF2  time  =       0.020000,  18.181818
 Make bF3  time  =       0.000000,  0.000000
 Make bPRE time  =       0.020000,  18.181818
 Make rMat time  =       0.000000,  0.000000
 Make gVec Mul   =       0.000000,  0.000000
 Make gVec time  =       0.000000,  0.000000
 Cholesky bMat   =       0.010000,  9.090909
 Ste Pre time    =       0.000000,  0.000000
 Ste Cor time    =       0.050000,  45.454545
 solve           =       0.000000,  0.000000
 sumDz           =       0.010000,  9.090909
 makedX          =       0.000000,  0.000000
 symmetriseDx    =       0.000000,  0.000000
 makedXdZ        =       0.010000,  9.090909
 xMatTime        =       0.020000,  18.181818
 zMatTime        =       0.000000,  0.000000
 invzMatTime     =       0.000000,  0.000000
 xMatzMatTime    =       0.000000,  0.000000
 EigxMatTime     =       0.020000,  18.181818
 EigzMatTime     =       0.030000,  27.272727
 EigxMatzMatTime =       0.000000,  0.000000
 updateRes       =       0.000000,  0.000000
 EigTime         =       0.050000,  45.454545
 sub_total_bMat  =       0.090000,  81.818182
 Main Loop       =       0.110000,  100.000000
 File Check      =       0.000000,  0.000000
 File Change     =       0.000000,  0.000000
 File Read       =       0.000000,  0.000000
 Total           =       0.110000,  100.000000

xVec = 
{+1.988118862287e-05,+6.092107693181e-01,+5.432617942971e-01,+5.525286611401e-01,+6.001990316748e-01,+6.777487524013e-01,+7.854597093184e-01,+9.283639213358e-01}
xMat = 
{
{ {+9.999801188114e-01,+6.092107693181e-01,+5.432617942971e-01,+5.525286611401e-01,+6.001990316748e-01,+6.777487524013e-01 },
  {+6.092107693181e-01,+5.432419131085e-01,+5.525286611401e-01,+6.001990316748e-01,+6.777487524013e-01,+7.854597093184e-01 },
  {+5.432617942971e-01,+5.525286611401e-01,+6.001791504861e-01,+6.777487524013e-01,+7.854597093184e-01,+9.283639213358e-01 },
  {+5.525286611401e-01,+6.001990316748e-01,+6.777487524013e-01,+7.854398281298e-01,+9.283639213358e-01,+1.115999446924e+00 },
  {+6.001990316748e-01,+6.777487524013e-01,+7.854597093184e-01,+9.283639213358e-01,+1.115979565735e+00,+1.364740127774e+00 },
  {+6.777487524013e-01,+7.854597093184e-01,+9.283639213358e-01,+1.115999446924e+00,+1.364740127774e+00,+1.707069476955e+00 }   }
{ {+6.091908881295e-01,+5.432617942971e-01,+5.525286611401e-01,+6.001990316748e-01,+6.777487524013e-01,+7.854597093184e-01 },
  {+5.432617942971e-01,+5.525087799515e-01,+6.001990316748e-01,+6.777487524013e-01,+7.854597093184e-01,+9.283639213358e-01 },
  {+5.525286611401e-01,+6.001990316748e-01,+6.777288712126e-01,+7.854597093184e-01,+9.283639213358e-01,+1.115999446924e+00 },
  {+6.001990316748e-01,+6.777487524013e-01,+7.854597093184e-01,+9.283440401472e-01,+1.115999446924e+00,+1.364740127774e+00 },
  {+6.777487524013e-01,+7.854597093184e-01,+9.283639213358e-01,+1.115999446924e+00,+1.364720246585e+00,+1.707089358144e+00 },
  {+7.854597093184e-01,+9.283639213358e-01,+1.115999446924e+00,+1.364740127774e+00,+1.707089358144e+00,+2.272681517843e+00 }   }
}
yMat = 
{
{ {+3.148929499851e-05,-5.898903771187e-04,+2.171416748313e-03,-2.883175084390e-03,+1.519076562142e-03,-2.515390388760e-04 },
  {-5.898903771187e-04,+1.105044292143e-02,-4.067724744567e-02,+5.401064831432e-02,-2.845692944719e-02,+4.712092109704e-03 },
  {+2.171416748313e-03,-4.067724744567e-02,+1.497350351946e-01,-1.988159679936e-01,+1.047514175583e-01,-1.734545285614e-02 },
  {-2.883175084390e-03,+5.401064831432e-02,-1.988159679936e-01,+2.639849055891e-01,-1.390873849496e-01,+2.303103609252e-02 },
  {+1.519076562142e-03,-2.845692944719e-02,+1.047514175583e-01,-1.390873849496e-01,+7.328184393330e-02,-1.213450661370e-02 },
  {-2.515390388760e-04,+4.712092109704e-03,-1.734545285614e-02,+2.303103609252e-02,-1.213450661370e-02,+2.009314215565e-03 }   }
{ {+1.056385656307e-03,-7.592287428133e-03,+1.625078985016e-02,-1.366449999516e-02,+4.296352888339e-03,-2.653174002245e-04 },
  {-7.592287428133e-03,+5.456608393653e-02,-1.167950991572e-01,+9.820732694124e-02,-3.087806600384e-02,+1.906847135005e-03 },
  {+1.625078985016e-02,-1.167950991572e-01,+2.499921966731e-01,-2.102062977693e-01,+6.609246111369e-02,-4.081480365526e-03 },
  {-1.366449999516e-02,+9.820732694124e-02,-2.102062977693e-01,+1.767522675104e-01,-5.557394089120e-02,+3.431918629753e-03 },
  {+4.296352888339e-03,-3.087806600384e-02,+6.609246111369e-02,-5.557394089120e-02,+1.747339906684e-02,-1.079054010224e-03 },
  {-2.653174002245e-04,+1.906847135005e-03,-4.081480365526e-03,+3.431918629753e-03,-1.079054010224e-03,+6.663600782691e-05 }   }
}
    main loop time = 0.110000
        total time = 0.110000
  file   read time = 0.000000
