SDPA-GMP start at Wed Jun  5 23:35:12 2024
*SDP Scan Problem: V = x^2 - 2*x^4 + x^8
* K = 6; eval = 3.467336683417086; Domain = R+ with BCs: Neumann
data      is /Users/gorg/qmBoot/data/K=6_BC-Neumann_V_0.0_0.0_1.0_0.0_-2.0_0.0_0.0_0.0_1.0/e=3.467336683417086_K=6_D=R+.dat
parameter is ./param.sdpa
out       is /Users/gorg/qmBoot/data/K=6_BC-Neumann_V_0.0_0.0_1.0_0.0_-2.0_0.0_0.0_0.0_1.0/e=3.467336683417086_K=6_D=R+.out
DENSE computation
   mu      thetaP  thetaD  objP      objD      alphaP  alphaD  beta 
 0 1.0e+20 1.0e+00 1.0e+00 +0.00e+00 -1.91e+10 1.0e+00 9.0e-01 3.00e-01
 1 1.6e+19 8.6e-88 1.0e-01 +1.60e+10 -1.91e+09 9.0e-01 9.0e-01 3.00e-01
 2 2.5e+18 1.7e-87 1.0e-02 +2.46e+10 -1.91e+08 9.0e-01 9.0e-01 3.00e-01
 3 3.8e+17 1.7e-87 1.0e-03 +3.79e+10 -1.91e+07 9.0e-01 9.0e-01 3.00e-01
 4 5.8e+16 3.5e-87 1.0e-04 +5.84e+10 -1.91e+06 9.0e-01 9.0e-01 3.00e-01
 5 9.0e+15 4.3e-87 1.0e-05 +9.00e+10 -1.91e+05 9.0e-01 9.0e-01 3.00e-01
 6 1.4e+15 4.3e-87 1.0e-06 +1.39e+11 -1.91e+04 9.0e-01 9.0e-01 3.00e-01
 7 2.1e+14 3.5e-87 1.0e-07 +2.13e+11 -1.91e+03 9.0e-01 9.0e-01 3.00e-01
 8 3.3e+13 3.5e-87 1.0e-08 +3.29e+11 -1.91e+02 9.0e-01 9.0e-01 3.00e-01
 9 5.1e+12 5.2e-87 1.0e-09 +5.05e+11 -1.92e+01 9.0e-01 9.0e-01 3.00e-01
10 8.5e+11 7.8e-87 1.0e-10 +7.66e+11 -2.07e+00 8.9e-01 8.9e-01 3.00e-01
11 2.0e+11 7.8e-87 1.1e-11 +1.03e+12 -3.48e-01 1.7e+00 9.3e-01 3.00e-01
12 5.0e+10 7.8e-87 7.3e-13 +5.10e+11 -1.89e-01 1.1e+00 1.0e+00 3.00e-01
13 1.2e+10 6.0e-87 3.2e-94 +1.42e+11 -2.82e-01 9.7e-01 9.7e-01 1.00e-01
14 1.5e+09 5.2e-87 3.3e-94 +1.79e+10 -2.84e-01 9.9e-01 9.9e-01 1.00e-01
15 1.6e+08 5.2e-87 1.3e-93 +1.91e+09 -2.86e-01 1.0e+00 1.0e+00 1.00e-01
16 1.6e+07 6.9e-87 4.9e-93 +1.92e+08 -2.88e-01 1.0e+00 1.0e+00 1.00e-01
17 1.6e+06 6.9e-87 1.2e-92 +1.92e+07 -2.90e-01 1.0e+00 1.0e+00 1.00e-01
18 1.6e+05 9.5e-87 3.2e-92 +1.92e+06 -2.91e-01 1.0e+00 1.0e+00 1.00e-01
19 1.6e+04 9.5e-87 1.4e-91 +1.92e+05 -2.93e-01 1.0e+00 1.0e+00 1.00e-01
20 1.6e+03 1.3e-86 4.1e-91 +1.92e+04 -2.94e-01 1.0e+00 1.0e+00 1.00e-01
21 1.6e+02 1.3e-86 1.4e-90 +1.92e+03 -2.95e-01 1.0e+00 1.0e+00 1.00e-01
22 1.6e+01 1.5e-86 5.6e-90 +1.92e+02 -2.96e-01 1.0e+00 9.0e+01 1.00e-01
23 1.6e+00 1.6e-86 2.6e-87 +1.93e+01 -2.14e-01 9.9e-01 1.8e+01 1.00e-01
24 1.8e-01 1.7e-86 4.1e-86 +2.00e+00 -1.35e-01 9.5e-01 1.9e+00 1.00e-01
25 2.3e-02 1.9e-86 3.5e-86 +2.20e-01 -5.39e-02 8.9e-01 1.1e+00 1.00e-01
26 4.0e-03 1.7e-86 3.5e-87 +2.83e-02 -1.99e-02 9.0e-01 9.0e-01 1.00e-01
27 7.6e-04 1.8e-86 3.6e-88 +3.19e-03 -5.97e-03 9.2e-01 9.4e-01 1.00e-01
28 1.2e-04 1.7e-86 7.2e-89 +3.20e-04 -1.14e-03 9.4e-01 9.8e-01 1.00e-01
29 1.6e-05 1.7e-86 1.8e-89 +1.41e-05 -1.73e-04 1.0e+00 9.5e-01 1.00e-01
30 2.2e-06 1.7e-86 3.1e-89 -1.68e-05 -4.29e-05 1.0e+00 9.8e-01 1.00e-01
31 2.5e-07 1.7e-86 5.9e-88 -2.01e-05 -2.31e-05 1.0e+00 9.8e-01 1.00e-01
32 2.9e-08 1.7e-86 5.1e-88 -2.04e-05 -2.08e-05 1.1e+00 9.9e-01 1.00e-01
33 3.1e-09 1.7e-86 2.2e-88 -2.05e-05 -2.05e-05 1.1e+00 9.9e-01 1.00e-01
34 3.1e-10 1.7e-86 8.4e-89 -2.05e-05 -2.05e-05 1.1e+00 9.9e-01 1.00e-01
35 3.1e-11 1.7e-86 4.5e-90 -2.05e-05 -2.05e-05 1.1e+00 9.9e-01 1.00e-01
36 3.1e-12 1.6e-86 9.7e-90 -2.05e-05 -2.05e-05 1.1e+00 9.9e-01 1.00e-01
37 3.1e-13 1.7e-86 4.4e-90 -2.05e-05 -2.05e-05 1.1e+00 9.9e-01 1.00e-01
38 3.1e-14 1.7e-86 4.0e-90 -2.05e-05 -2.05e-05 1.1e+00 9.9e-01 1.00e-01
39 3.1e-15 1.6e-86 2.8e-90 -2.05e-05 -2.05e-05 1.1e+00 9.9e-01 1.00e-01
40 3.1e-16 1.7e-86 2.4e-89 -2.05e-05 -2.05e-05 1.1e+00 9.9e-01 1.00e-01
41 3.1e-17 1.7e-86 1.5e-89 -2.05e-05 -2.05e-05 1.1e+00 9.9e-01 1.00e-01
42 3.1e-18 1.7e-86 5.0e-89 -2.05e-05 -2.05e-05 1.1e+00 9.9e-01 1.00e-01
43 3.1e-19 1.7e-86 1.8e-89 -2.05e-05 -2.05e-05 1.1e+00 9.9e-01 1.00e-01
44 3.1e-20 1.7e-86 9.5e-90 -2.05e-05 -2.05e-05 1.1e+00 9.9e-01 1.00e-01
45 3.1e-21 1.7e-86 1.6e-79 -2.05e-05 -2.05e-05 1.1e+00 9.9e-01 1.00e-01
46 3.1e-22 1.6e-86 1.3e-79 -2.05e-05 -2.05e-05 1.1e+00 9.9e-01 1.00e-01
47 3.1e-23 1.7e-86 9.2e-80 -2.05e-05 -2.05e-05 1.1e+00 9.9e-01 1.00e-01
48 3.1e-24 1.7e-86 1.8e-80 -2.05e-05 -2.05e-05 1.1e+00 9.9e-01 1.00e-01
49 3.1e-25 1.7e-86 6.6e-81 -2.05e-05 -2.05e-05 1.1e+00 9.9e-01 1.00e-01
50 3.1e-26 1.6e-86 2.7e-81 -2.05e-05 -2.05e-05 1.1e+00 9.9e-01 1.00e-01
51 3.1e-27 1.7e-86 8.4e-82 -2.05e-05 -2.05e-05 1.1e+00 9.9e-01 1.00e-01
52 3.1e-28 1.7e-86 8.3e-82 -2.05e-05 -2.05e-05 1.1e+00 9.9e-01 1.00e-01
53 3.1e-29 1.6e-86 7.7e-81 -2.05e-05 -2.05e-05 1.1e+00 9.9e-01 1.00e-01
54 3.1e-30 1.7e-86 1.0e-79 -2.05e-05 -2.05e-05 1.1e+00 9.9e-01 1.00e-01
55 3.1e-31 1.7e-86 9.6e-79 -2.05e-05 -2.05e-05 1.1e+00 9.9e-01 1.00e-01
56 3.1e-32 1.7e-86 5.1e-78 -2.05e-05 -2.05e-05 1.1e+00 9.9e-01 1.00e-01

phase.value = pdOPT     
   Iteration = 56
          mu = 3.1080672591685206e-32
relative gap = 3.7296807110022248e-31
         gap = 3.7296807110022248e-31
      digits = 2.5739593521287144e+01
objValPrimal = -2.0476945565011548e-05
objValDual   = -2.0476945565011548e-05
p.feas.error = 1.7272337110188889e-76
d.feas.error = 6.1252038582930240e-67
relative eps = 8.6361685550944446e-78
total time   = 0.110


Parameters are
maxIteration =    200
epsilonStar  = 1.000e-30
lambdaStar   = 1.000e+10
omegaStar    = 2.000e+00
lowerBound   = -1.000e+05
upperBound   = 1.000e+05
betaStar     = 1.000e-01
betaBar      = 3.000e-01
gammaStar    = 9.000e-01
epsilonDash  = 1.000e-30
precision    =    200

                         Time(sec)  Ratio(% : MainLoop) 
 Predictor time  =       0.030000,  27.272727
 Corrector time  =       0.020000,  18.181818
 Make bMat time  =       0.020000,  18.181818
 Make bDia time  =       0.000000,  0.000000
 Make bF1  time  =       0.020000,  18.181818
 Make bF2  time  =       0.000000,  0.000000
 Make bF3  time  =       0.000000,  0.000000
 Make bPRE time  =       0.020000,  18.181818
 Make rMat time  =       0.000000,  0.000000
 Make gVec Mul   =       0.000000,  0.000000
 Make gVec time  =       0.000000,  0.000000
 Cholesky bMat   =       0.000000,  0.000000
 Ste Pre time    =       0.000000,  0.000000
 Ste Cor time    =       0.040000,  36.363636
 solve           =       0.000000,  0.000000
 sumDz           =       0.000000,  0.000000
 makedX          =       0.020000,  18.181818
 symmetriseDx    =       0.010000,  9.090909
 makedXdZ        =       0.030000,  27.272727
 xMatTime        =       0.000000,  0.000000
 zMatTime        =       0.000000,  0.000000
 invzMatTime     =       0.000000,  0.000000
 xMatzMatTime    =       0.000000,  0.000000
 EigxMatTime     =       0.000000,  0.000000
 EigzMatTime     =       0.040000,  36.363636
 EigxMatzMatTime =       0.000000,  0.000000
 updateRes       =       0.020000,  18.181818
 EigTime         =       0.040000,  36.363636
 sub_total_bMat  =       0.090000,  81.818182
 Main Loop       =       0.110000,  100.000000
 File Check      =       0.000000,  0.000000
 File Change     =       0.000000,  0.000000
 File Read       =       0.000000,  0.000000
 Total           =       0.110000,  100.000000

xVec = 
{+2.047694556501e-05,+6.256994646270e-01,+5.667152956369e-01,+5.841944040251e-01,+6.422914236253e-01,+7.330782269417e-01,+8.576248873397e-01,+1.022069740521e+00}
xMat = 
{
{ {+9.999795230544e-01,+6.256994646270e-01,+5.667152956369e-01,+5.841944040251e-01,+6.422914236253e-01,+7.330782269417e-01 },
  {+6.256994646270e-01,+5.666948186913e-01,+5.841944040251e-01,+6.422914236253e-01,+7.330782269417e-01,+8.576248873397e-01 },
  {+5.667152956369e-01,+5.841944040251e-01,+6.422709466797e-01,+7.330782269417e-01,+8.576248873397e-01,+1.022069740521e+00 },
  {+5.841944040251e-01,+6.422914236253e-01,+7.330782269417e-01,+8.576044103941e-01,+1.022069740521e+00,+1.237530926779e+00 },
  {+6.422914236253e-01,+7.330782269417e-01,+8.576248873397e-01,+1.022069740521e+00,+1.237510449833e+00,+1.522777085184e+00 },
  {+7.330782269417e-01,+8.576248873397e-01,+1.022069740521e+00,+1.237530926779e+00,+1.522777085184e+00,+1.914559720160e+00 }   }
{ {+6.256789876814e-01,+5.667152956369e-01,+5.841944040251e-01,+6.422914236253e-01,+7.330782269417e-01,+8.576248873397e-01 },
  {+5.667152956369e-01,+5.841739270795e-01,+6.422914236253e-01,+7.330782269417e-01,+8.576248873397e-01,+1.022069740521e+00 },
  {+5.841944040251e-01,+6.422914236253e-01,+7.330577499961e-01,+8.576248873397e-01,+1.022069740521e+00,+1.237530926779e+00 },
  {+6.422914236253e-01,+7.330782269417e-01,+8.576248873397e-01,+1.022049263575e+00,+1.237530926779e+00,+1.522777085184e+00 },
  {+7.330782269417e-01,+8.576248873397e-01,+1.022069740521e+00,+1.237530926779e+00,+1.522756608238e+00,+1.914580197106e+00 },
  {+8.576248873397e-01,+1.022069740521e+00,+1.237530926779e+00,+1.522777085184e+00,+1.914580197106e+00,+2.556984184129e+00 }   }
}
yMat = 
{
{ {+3.471879991703e-05,-6.341611118362e-04,+2.301577652472e-03,-3.019897321869e-03,+1.573494158183e-03,-2.574046812403e-04 },
  {-6.341611118362e-04,+1.158335877756e-02,-4.203978958249e-02,+5.516035830282e-02,-2.874087834850e-02,+4.701661325773e-03 },
  {+2.301577652472e-03,-4.203978958249e-02,+1.525761173490e-01,-2.001949435286e-01,+1.043100279798e-01,-1.706386348030e-02 },
  {-3.019897321869e-03,+5.516035830282e-02,-2.001949435286e-01,+2.626755491671e-01,-1.368650646229e-01,+2.238947513657e-02 },
  {+1.573494158183e-03,-2.874087834850e-02,+1.043100279798e-01,-1.368650646229e-01,+7.131248406493e-02,-1.166586296728e-02 },
  {-2.574046812403e-04,+4.701661325773e-03,-1.706386348030e-02,+2.238947513657e-02,-1.166586296728e-02,+1.908394589753e-03 }   }
{ {+1.131233733370e-03,-7.981707237719e-03,+1.687280537844e-02,-1.402692421253e-02,+4.360043223680e-03,-2.662139591906e-04 },
  {-7.981707237719e-03,+5.631696487591e-02,-1.190503684932e-01,+9.897053032225e-02,-3.076339356636e-02,+1.878340277674e-03 },
  {+1.687280537844e-02,-1.190503684932e-01,+2.516646674693e-01,-2.092172071204e-01,+6.503179545006e-02,-3.970688099146e-03 },
  {-1.402692421253e-02,+9.897053032225e-02,-2.092172071204e-01,+1.739292217514e-01,-5.406309417569e-02,+3.300965061180e-03 },
  {+4.360043223680e-03,-3.076339356636e-02,+6.503179545006e-02,-5.406309417569e-02,+1.680464112021e-02,-1.026051765058e-03 },
  {-2.662139591906e-04,+1.878340277674e-03,-3.970688099146e-03,+3.300965061180e-03,-1.026051765058e-03,+6.264830156433e-05 }   }
}
    main loop time = 0.110000
        total time = 0.110000
  file   read time = 0.000000
