SDPA-GMP start at Wed Jun  5 23:35:12 2024
*SDP Scan Problem: V = x^2 - 2*x^4 + x^8
* K = 6; eval = 3.366834170854272; Domain = R+ with BCs: Neumann
data      is /Users/gorg/qmBoot/data/K=6_BC-Neumann_V_0.0_0.0_1.0_0.0_-2.0_0.0_0.0_0.0_1.0/e=3.366834170854272_K=6_D=R+.dat
parameter is ./param.sdpa
out       is /Users/gorg/qmBoot/data/K=6_BC-Neumann_V_0.0_0.0_1.0_0.0_-2.0_0.0_0.0_0.0_1.0/e=3.366834170854272_K=6_D=R+.out
DENSE computation
   mu      thetaP  thetaD  objP      objD      alphaP  alphaD  beta 
 0 1.0e+20 1.0e+00 1.0e+00 +0.00e+00 -1.89e+10 1.0e+00 9.0e-01 3.00e-01
 1 1.6e+19 8.6e-88 1.0e-01 +1.60e+10 -1.89e+09 9.0e-01 9.0e-01 3.00e-01
 2 2.5e+18 1.7e-87 1.0e-02 +2.46e+10 -1.89e+08 9.0e-01 9.0e-01 3.00e-01
 3 3.8e+17 1.7e-87 1.0e-03 +3.79e+10 -1.89e+07 9.0e-01 9.0e-01 3.00e-01
 4 5.8e+16 8.6e-88 1.0e-04 +5.84e+10 -1.89e+06 9.0e-01 9.0e-01 3.00e-01
 5 9.0e+15 1.7e-87 1.0e-05 +9.00e+10 -1.89e+05 9.0e-01 9.0e-01 3.00e-01
 6 1.4e+15 2.6e-87 1.0e-06 +1.39e+11 -1.89e+04 9.0e-01 9.0e-01 3.00e-01
 7 2.1e+14 5.2e-87 1.0e-07 +2.13e+11 -1.89e+03 9.0e-01 9.0e-01 3.00e-01
 8 3.3e+13 5.2e-87 1.0e-08 +3.29e+11 -1.89e+02 9.0e-01 9.0e-01 3.00e-01
 9 5.1e+12 6.9e-87 1.0e-09 +5.05e+11 -1.90e+01 9.0e-01 9.0e-01 3.00e-01
10 8.5e+11 8.6e-87 1.0e-10 +7.66e+11 -2.05e+00 8.9e-01 8.9e-01 3.00e-01
11 2.0e+11 6.9e-87 1.1e-11 +1.03e+12 -3.45e-01 1.7e+00 9.4e-01 3.00e-01
12 5.0e+10 8.6e-87 7.2e-13 +5.12e+11 -1.88e-01 1.1e+00 1.0e+00 3.00e-01
13 1.2e+10 5.2e-87 1.8e-94 +1.43e+11 -2.79e-01 9.7e-01 9.7e-01 1.00e-01
14 1.5e+09 5.2e-87 5.3e-94 +1.79e+10 -2.81e-01 9.9e-01 9.9e-01 1.00e-01
15 1.6e+08 6.9e-87 1.5e-93 +1.92e+09 -2.83e-01 1.0e+00 1.0e+00 1.00e-01
16 1.6e+07 7.8e-87 3.6e-93 +1.92e+08 -2.85e-01 1.0e+00 1.0e+00 1.00e-01
17 1.6e+06 9.5e-87 1.7e-92 +1.92e+07 -2.87e-01 1.0e+00 1.0e+00 1.00e-01
18 1.6e+05 1.2e-86 3.7e-92 +1.92e+06 -2.89e-01 1.0e+00 1.0e+00 1.00e-01
19 1.6e+04 1.4e-86 1.0e-91 +1.92e+05 -2.90e-01 1.0e+00 1.0e+00 1.00e-01
20 1.6e+03 1.5e-86 4.8e-91 +1.92e+04 -2.91e-01 1.0e+00 1.0e+00 1.00e-01
21 1.6e+02 1.6e-86 1.9e-90 +1.92e+03 -2.92e-01 1.0e+00 1.0e+00 1.00e-01
22 1.6e+01 1.6e-86 3.6e-90 +1.92e+02 -2.93e-01 1.0e+00 9.0e+01 1.00e-01
23 1.6e+00 1.5e-86 2.6e-87 +1.93e+01 -2.15e-01 9.9e-01 1.8e+01 1.00e-01
24 1.8e-01 1.8e-86 4.0e-86 +2.01e+00 -1.32e-01 9.5e-01 1.9e+00 1.00e-01
25 2.3e-02 1.7e-86 3.5e-86 +2.19e-01 -5.34e-02 8.9e-01 1.1e+00 1.00e-01
26 4.0e-03 1.9e-86 3.7e-87 +2.82e-02 -1.96e-02 9.0e-01 9.1e-01 1.00e-01
27 7.5e-04 1.8e-86 3.6e-88 +3.17e-03 -5.88e-03 9.2e-01 9.4e-01 1.00e-01
28 1.2e-04 2.0e-86 7.2e-89 +3.17e-04 -1.12e-03 9.4e-01 9.8e-01 1.00e-01
29 1.5e-05 2.0e-86 1.8e-89 +1.39e-05 -1.72e-04 1.0e+00 9.5e-01 1.00e-01
30 2.1e-06 1.8e-86 6.5e-89 -1.67e-05 -4.25e-05 1.0e+00 9.8e-01 1.00e-01
31 2.5e-07 1.8e-86 5.6e-89 -2.00e-05 -2.30e-05 1.0e+00 9.8e-01 1.00e-01
32 2.9e-08 1.9e-86 2.4e-89 -2.03e-05 -2.06e-05 1.1e+00 9.9e-01 1.00e-01
33 3.0e-09 1.9e-86 2.9e-88 -2.03e-05 -2.04e-05 1.1e+00 9.9e-01 1.00e-01
34 3.0e-10 1.8e-86 1.1e-88 -2.03e-05 -2.03e-05 1.1e+00 9.9e-01 1.00e-01
35 3.0e-11 1.8e-86 7.2e-89 -2.03e-05 -2.03e-05 1.1e+00 9.9e-01 1.00e-01
36 3.0e-12 1.7e-86 6.8e-89 -2.03e-05 -2.03e-05 1.1e+00 9.9e-01 1.00e-01
37 3.0e-13 1.8e-86 7.2e-89 -2.03e-05 -2.03e-05 1.1e+00 9.9e-01 1.00e-01
38 3.0e-14 1.9e-86 1.5e-90 -2.03e-05 -2.03e-05 1.1e+00 9.9e-01 1.00e-01
39 3.0e-15 1.7e-86 4.1e-90 -2.03e-05 -2.03e-05 1.1e+00 9.9e-01 1.00e-01
40 3.0e-16 1.8e-86 2.4e-89 -2.03e-05 -2.03e-05 1.1e+00 9.9e-01 1.00e-01
41 3.0e-17 1.8e-86 3.9e-89 -2.03e-05 -2.03e-05 1.1e+00 9.9e-01 1.00e-01
42 3.0e-18 1.8e-86 4.2e-89 -2.03e-05 -2.03e-05 1.1e+00 9.9e-01 1.00e-01
43 3.0e-19 1.8e-86 5.2e-89 -2.03e-05 -2.03e-05 1.1e+00 9.9e-01 1.00e-01
44 3.0e-20 1.8e-86 2.9e-89 -2.03e-05 -2.03e-05 1.1e+00 9.9e-01 1.00e-01
45 3.0e-21 1.8e-86 1.7e-79 -2.03e-05 -2.03e-05 1.1e+00 9.9e-01 1.00e-01
46 3.0e-22 1.8e-86 1.1e-79 -2.03e-05 -2.03e-05 1.1e+00 9.9e-01 1.00e-01
47 3.0e-23 1.7e-86 9.4e-80 -2.03e-05 -2.03e-05 1.1e+00 9.9e-01 1.00e-01
48 3.0e-24 1.7e-86 2.1e-80 -2.03e-05 -2.03e-05 1.1e+00 9.9e-01 1.00e-01
49 3.0e-25 1.7e-86 1.1e-80 -2.03e-05 -2.03e-05 1.1e+00 9.9e-01 1.00e-01
50 3.0e-26 1.7e-86 2.7e-81 -2.03e-05 -2.03e-05 1.1e+00 9.9e-01 1.00e-01
51 3.0e-27 1.8e-86 9.9e-82 -2.03e-05 -2.03e-05 1.1e+00 9.9e-01 1.00e-01
52 3.0e-28 1.8e-86 8.1e-82 -2.03e-05 -2.03e-05 1.1e+00 9.9e-01 1.00e-01
53 3.0e-29 1.8e-86 6.9e-81 -2.03e-05 -2.03e-05 1.1e+00 9.9e-01 1.00e-01
54 3.0e-30 1.8e-86 1.2e-79 -2.03e-05 -2.03e-05 1.1e+00 9.9e-01 1.00e-01
55 3.0e-31 1.8e-86 1.7e-78 -2.03e-05 -2.03e-05 1.1e+00 9.9e-01 1.00e-01
56 3.0e-32 1.7e-86 4.4e-78 -2.03e-05 -2.03e-05 1.1e+00 9.9e-01 1.00e-01

phase.value = pdOPT     
   Iteration = 56
          mu = 3.0423249626950176e-32
relative gap = 3.6507899552340211e-31
         gap = 3.6507899552340211e-31
      digits = 2.5745989494996941e+01
objValPrimal = -2.0341189321868976e-05
objValDual   = -2.0341189321868976e-05
p.feas.error = 1.7272337110188889e-76
d.feas.error = 5.3276100578359557e-67
relative eps = 8.6361685550944446e-78
total time   = 0.110


Parameters are
maxIteration =    200
epsilonStar  = 1.000e-30
lambdaStar   = 1.000e+10
omegaStar    = 2.000e+00
lowerBound   = -1.000e+05
upperBound   = 1.000e+05
betaStar     = 1.000e-01
betaBar      = 3.000e-01
gammaStar    = 9.000e-01
epsilonDash  = 1.000e-30
precision    =    200

                         Time(sec)  Ratio(% : MainLoop) 
 Predictor time  =       0.050000,  45.454545
 Corrector time  =       0.020000,  18.181818
 Make bMat time  =       0.050000,  45.454545
 Make bDia time  =       0.000000,  0.000000
 Make bF1  time  =       0.040000,  36.363636
 Make bF2  time  =       0.010000,  9.090909
 Make bF3  time  =       0.000000,  0.000000
 Make bPRE time  =       0.030000,  27.272727
 Make rMat time  =       0.010000,  9.090909
 Make gVec Mul   =       0.000000,  0.000000
 Make gVec time  =       0.000000,  0.000000
 Cholesky bMat   =       0.000000,  0.000000
 Ste Pre time    =       0.000000,  0.000000
 Ste Cor time    =       0.030000,  27.272727
 solve           =       0.010000,  9.090909
 sumDz           =       0.000000,  0.000000
 makedX          =       0.000000,  0.000000
 symmetriseDx    =       0.000000,  0.000000
 makedXdZ        =       0.000000,  0.000000
 xMatTime        =       0.000000,  0.000000
 zMatTime        =       0.000000,  0.000000
 invzMatTime     =       0.000000,  0.000000
 xMatzMatTime    =       0.000000,  0.000000
 EigxMatTime     =       0.010000,  9.090909
 EigzMatTime     =       0.020000,  18.181818
 EigxMatzMatTime =       0.000000,  0.000000
 updateRes       =       0.010000,  9.090909
 EigTime         =       0.030000,  27.272727
 sub_total_bMat  =       0.060000,  54.545455
 Main Loop       =       0.110000,  100.000000
 File Check      =       0.000000,  0.000000
 File Change     =       0.000000,  0.000000
 File Read       =       0.000000,  0.000000
 Total           =       0.110000,  100.000000

xVec = 
{+2.034118932187e-05,+6.218009478825e-01,+5.611512124522e-01,+5.766389861505e-01,+6.321786627506e-01,+7.196889692712e-01,+8.400370994230e-01,+9.990768093836e-01}
xMat = 
{
{ {+9.999796588107e-01,+6.218009478825e-01,+5.611512124522e-01,+5.766389861505e-01,+6.321786627506e-01,+7.196889692712e-01 },
  {+6.218009478825e-01,+5.611308712629e-01,+5.766389861505e-01,+6.321786627506e-01,+7.196889692712e-01,+8.400370994230e-01 },
  {+5.611512124522e-01,+5.766389861505e-01,+6.321583215613e-01,+7.196889692712e-01,+8.400370994230e-01,+9.990768093836e-01 },
  {+5.766389861505e-01,+6.321786627506e-01,+7.196889692712e-01,+8.400167582337e-01,+9.990768093836e-01,+1.207520744491e+00 },
  {+6.321786627506e-01,+7.196889692712e-01,+8.400370994230e-01,+9.990768093836e-01,+1.207500403301e+00,+1.483526944937e+00 },
  {+7.196889692712e-01,+8.400370994230e-01,+9.990768093836e-01,+1.207520744491e+00,+1.483526944937e+00,+1.862774740886e+00 }   }
{ {+6.217806066932e-01,+5.611512124522e-01,+5.766389861505e-01,+6.321786627506e-01,+7.196889692712e-01,+8.400370994230e-01 },
  {+5.611512124522e-01,+5.766186449612e-01,+6.321786627506e-01,+7.196889692712e-01,+8.400370994230e-01,+9.990768093836e-01 },
  {+5.766389861505e-01,+6.321786627506e-01,+7.196686280819e-01,+8.400370994230e-01,+9.990768093836e-01,+1.207520744491e+00 },
  {+6.321786627506e-01,+7.196889692712e-01,+8.400370994230e-01,+9.990564681942e-01,+1.207520744491e+00,+1.483526944937e+00 },
  {+7.196889692712e-01,+8.400370994230e-01,+9.990768093836e-01,+1.207520744491e+00,+1.483506603747e+00,+1.862795082076e+00 },
  {+8.400370994230e-01,+9.990768093836e-01,+1.207520744491e+00,+1.483526944937e+00,+1.862795082076e+00,+2.485863899413e+00 }   }
}
yMat = 
{
{ {+3.392778248725e-05,-6.234410773330e-04,+2.270249654844e-03,-2.987083686227e-03,+1.560425763815e-03,-2.559760647853e-04 },
  {-6.234410773330e-04,+1.145606191776e-02,-4.171704682330e-02,+5.488925402436e-02,-2.867365468571e-02,+4.703696554917e-03 },
  {+2.270249654844e-03,-4.171704682330e-02,+1.519118880598e-01,-1.998782475748e-01,+1.044146063198e-01,-1.712842779942e-02 },
  {-2.987083686227e-03,+5.488925402436e-02,-1.998782475748e-01,+2.629900422134e-01,-1.373836425771e-01,+2.253674926949e-02 },
  {+1.560425763815e-03,-2.867365468571e-02,+1.044146063198e-01,-1.373836425771e-01,+7.176798440314e-02,-1.177299596757e-02 },
  {-2.559760647853e-04,+4.703696554917e-03,-1.712842779942e-02,+2.253674926949e-02,-1.177299596757e-02,+1.931271098181e-03 }   }
{ {+1.113173472134e-03,-7.888570967948e-03,+1.672485523163e-02,-1.394087829461e-02,+4.344758558654e-03,-2.659657401643e-04 },
  {-7.888570967948e-03,+5.590283408124e-02,-1.185216956081e-01,+9.879287508685e-02,-3.078939364484e-02,+1.884782263367e-03 },
  {+1.672485523163e-02,-1.185216956081e-01,+2.512822929409e-01,-2.094544804702e-01,+6.527774846317e-02,-3.995997580047e-03 },
  {-1.394087829461e-02,+9.879287508685e-02,-2.094544804702e-01,+1.745892194614e-01,-5.441178019588e-02,+3.330833968813e-03 },
  {+4.344758558654e-03,-3.078939364484e-02,+6.527774846317e-02,-5.441178019588e-02,+1.695775852150e-02,-1.038074437466e-03 },
  {-2.659657401643e-04,+1.884782263367e-03,-3.995997580047e-03,+3.330833968813e-03,-1.038074437466e-03,+6.354604804364e-05 }   }
}
    main loop time = 0.110000
        total time = 0.110000
  file   read time = 0.000000
