SDPA-GMP start at Wed Jun  5 23:35:12 2024
*SDP Scan Problem: V = x^2 - 2*x^4 + x^8
* K = 6; eval = 3.668341708542714; Domain = R+ with BCs: Neumann
data      is /Users/gorg/qmBoot/data/K=6_BC-Neumann_V_0.0_0.0_1.0_0.0_-2.0_0.0_0.0_0.0_1.0/e=3.668341708542714_K=6_D=R+.dat
parameter is ./param.sdpa
out       is /Users/gorg/qmBoot/data/K=6_BC-Neumann_V_0.0_0.0_1.0_0.0_-2.0_0.0_0.0_0.0_1.0/e=3.668341708542714_K=6_D=R+.out
DENSE computation
   mu      thetaP  thetaD  objP      objD      alphaP  alphaD  beta 
 0 1.0e+20 1.0e+00 1.0e+00 +0.00e+00 -1.95e+10 1.0e+00 9.0e-01 3.00e-01
 1 1.6e+19 8.6e-88 1.0e-01 +1.60e+10 -1.95e+09 9.0e-01 9.0e-01 3.00e-01
 2 2.5e+18 1.7e-87 1.0e-02 +2.46e+10 -1.95e+08 9.0e-01 9.0e-01 3.00e-01
 3 3.8e+17 3.5e-87 1.0e-03 +3.79e+10 -1.95e+07 9.0e-01 9.0e-01 3.00e-01
 4 5.8e+16 3.5e-87 1.0e-04 +5.84e+10 -1.95e+06 9.0e-01 9.0e-01 3.00e-01
 5 9.0e+15 3.5e-87 1.0e-05 +9.00e+10 -1.95e+05 9.0e-01 9.0e-01 3.00e-01
 6 1.4e+15 5.2e-87 1.0e-06 +1.39e+11 -1.95e+04 9.0e-01 9.0e-01 3.00e-01
 7 2.1e+14 5.2e-87 1.0e-07 +2.13e+11 -1.95e+03 9.0e-01 9.0e-01 3.00e-01
 8 3.3e+13 4.3e-87 1.0e-08 +3.29e+11 -1.95e+02 9.0e-01 9.0e-01 3.00e-01
 9 5.1e+12 6.0e-87 1.0e-09 +5.05e+11 -1.96e+01 9.0e-01 9.0e-01 3.00e-01
10 8.5e+11 5.2e-87 1.0e-10 +7.66e+11 -2.11e+00 8.9e-01 8.9e-01 3.00e-01
11 2.1e+11 6.9e-87 1.1e-11 +1.03e+12 -3.54e-01 1.7e+00 9.3e-01 3.00e-01
12 5.0e+10 7.8e-87 7.5e-13 +5.07e+11 -1.92e-01 1.1e+00 1.0e+00 3.00e-01
13 1.2e+10 6.0e-87 2.2e-94 +1.41e+11 -2.88e-01 9.7e-01 9.7e-01 1.00e-01
14 1.5e+09 6.0e-87 8.0e-94 +1.78e+10 -2.90e-01 9.9e-01 9.9e-01 1.00e-01
15 1.6e+08 7.8e-87 1.2e-93 +1.90e+09 -2.92e-01 1.0e+00 1.0e+00 1.00e-01
16 1.6e+07 9.5e-87 5.0e-93 +1.91e+08 -2.94e-01 1.0e+00 1.0e+00 1.00e-01
17 1.6e+06 9.5e-87 1.6e-92 +1.91e+07 -2.95e-01 1.0e+00 1.0e+00 1.00e-01
18 1.6e+05 1.1e-86 3.2e-92 +1.91e+06 -2.97e-01 1.0e+00 1.0e+00 1.00e-01
19 1.6e+04 1.2e-86 1.0e-91 +1.91e+05 -2.98e-01 1.0e+00 1.0e+00 1.00e-01
20 1.6e+03 1.3e-86 4.5e-91 +1.91e+04 -2.99e-01 1.0e+00 1.0e+00 1.00e-01
21 1.6e+02 1.6e-86 1.0e-90 +1.91e+03 -3.01e-01 1.0e+00 1.0e+00 1.00e-01
22 1.6e+01 1.6e-86 4.7e-90 +1.91e+02 -3.01e-01 1.0e+00 9.0e+01 1.00e-01
23 1.6e+00 1.8e-86 2.3e-87 +1.92e+01 -2.11e-01 9.9e-01 1.8e+01 1.00e-01
24 1.8e-01 1.9e-86 3.7e-86 +2.00e+00 -1.43e-01 9.5e-01 1.8e+00 1.00e-01
25 2.3e-02 1.9e-86 3.1e-86 +2.21e-01 -5.49e-02 8.9e-01 1.1e+00 1.00e-01
26 4.1e-03 2.0e-86 2.3e-87 +2.85e-02 -2.05e-02 9.0e-01 9.0e-01 1.00e-01
27 7.8e-04 1.8e-86 2.2e-88 +3.22e-03 -6.19e-03 9.2e-01 9.4e-01 1.00e-01
28 1.3e-04 1.8e-86 2.9e-89 +3.25e-04 -1.18e-03 9.5e-01 9.8e-01 1.00e-01
29 1.6e-05 1.8e-86 1.8e-89 +1.46e-05 -1.77e-04 1.0e+00 9.5e-01 1.00e-01
30 2.2e-06 1.9e-86 6.6e-89 -1.70e-05 -4.38e-05 1.0e+00 9.8e-01 1.00e-01
31 2.6e-07 1.9e-86 4.2e-88 -2.03e-05 -2.35e-05 1.0e+00 9.7e-01 1.00e-01
32 3.1e-08 1.9e-86 3.7e-88 -2.07e-05 -2.11e-05 1.1e+00 9.9e-01 1.00e-01
33 3.2e-09 1.9e-86 2.2e-88 -2.07e-05 -2.08e-05 1.1e+00 9.9e-01 1.00e-01
34 3.3e-10 1.9e-86 1.5e-88 -2.07e-05 -2.07e-05 1.1e+00 9.9e-01 1.00e-01
35 3.3e-11 1.8e-86 7.2e-89 -2.07e-05 -2.07e-05 1.1e+00 9.9e-01 1.00e-01
36 3.3e-12 1.8e-86 9.9e-89 -2.07e-05 -2.07e-05 1.1e+00 9.9e-01 1.00e-01
37 3.3e-13 1.9e-86 7.2e-89 -2.07e-05 -2.07e-05 1.1e+00 9.9e-01 1.00e-01
38 3.3e-14 2.0e-86 8.6e-90 -2.07e-05 -2.07e-05 1.1e+00 9.9e-01 1.00e-01
39 3.3e-15 1.9e-86 7.1e-90 -2.07e-05 -2.07e-05 1.1e+00 9.9e-01 1.00e-01
40 3.3e-16 2.0e-86 3.9e-90 -2.07e-05 -2.07e-05 1.1e+00 9.9e-01 1.00e-01
41 3.3e-17 1.9e-86 1.8e-89 -2.07e-05 -2.07e-05 1.1e+00 9.9e-01 1.00e-01
42 3.3e-18 1.9e-86 1.4e-89 -2.07e-05 -2.07e-05 1.1e+00 9.9e-01 1.00e-01
43 3.3e-19 1.8e-86 4.0e-89 -2.07e-05 -2.07e-05 1.1e+00 9.9e-01 1.00e-01
44 3.3e-20 1.8e-86 2.7e-89 -2.07e-05 -2.07e-05 1.1e+00 9.9e-01 1.00e-01
45 3.3e-21 1.9e-86 1.9e-79 -2.07e-05 -2.07e-05 1.1e+00 9.9e-01 1.00e-01
46 3.3e-22 1.9e-86 8.0e-80 -2.07e-05 -2.07e-05 1.1e+00 9.9e-01 1.00e-01
47 3.3e-23 1.9e-86 8.7e-80 -2.07e-05 -2.07e-05 1.1e+00 9.9e-01 1.00e-01
48 3.3e-24 1.9e-86 2.5e-80 -2.07e-05 -2.07e-05 1.1e+00 9.9e-01 1.00e-01
49 3.3e-25 2.0e-86 1.1e-80 -2.07e-05 -2.07e-05 1.1e+00 9.9e-01 1.00e-01
50 3.3e-26 1.9e-86 3.3e-81 -2.07e-05 -2.07e-05 1.1e+00 9.9e-01 1.00e-01
51 3.3e-27 2.0e-86 7.9e-82 -2.07e-05 -2.07e-05 1.1e+00 9.9e-01 1.00e-01
52 3.3e-28 1.8e-86 4.0e-82 -2.07e-05 -2.07e-05 1.1e+00 9.9e-01 1.00e-01
53 3.3e-29 1.8e-86 9.6e-81 -2.07e-05 -2.07e-05 1.1e+00 9.9e-01 1.00e-01
54 3.3e-30 2.0e-86 1.2e-79 -2.07e-05 -2.07e-05 1.1e+00 9.9e-01 1.00e-01
55 3.3e-31 1.9e-86 8.5e-79 -2.07e-05 -2.07e-05 1.1e+00 9.9e-01 1.00e-01
56 3.3e-32 1.8e-86 5.2e-78 -2.07e-05 -2.07e-05 1.1e+00 9.9e-01 1.00e-01

phase.value = pdOPT     
   Iteration = 56
          mu = 3.2882563084283683e-32
relative gap = 3.9459075701140420e-31
         gap = 3.9459075701140420e-31
      digits = 2.5720397886339256e+01
objValPrimal = -2.0727398367838571e-05
objValDual   = -2.0727398367838571e-05
p.feas.error = 1.8135953965698334e-76
d.feas.error = 6.2989412571519553e-67
relative eps = 8.6361685550944446e-78
total time   = 0.110


Parameters are
maxIteration =    200
epsilonStar  = 1.000e-30
lambdaStar   = 1.000e+10
omegaStar    = 2.000e+00
lowerBound   = -1.000e+05
upperBound   = 1.000e+05
betaStar     = 1.000e-01
betaBar      = 3.000e-01
gammaStar    = 9.000e-01
epsilonDash  = 1.000e-30
precision    =    200

                         Time(sec)  Ratio(% : MainLoop) 
 Predictor time  =       0.020000,  18.181818
 Corrector time  =       0.030000,  27.272727
 Make bMat time  =       0.010000,  9.090909
 Make bDia time  =       0.000000,  0.000000
 Make bF1  time  =       0.000000,  0.000000
 Make bF2  time  =       0.010000,  9.090909
 Make bF3  time  =       0.000000,  0.000000
 Make bPRE time  =       0.000000,  0.000000
 Make rMat time  =       0.010000,  9.090909
 Make gVec Mul   =       0.000000,  0.000000
 Make gVec time  =       0.000000,  0.000000
 Cholesky bMat   =       0.000000,  0.000000
 Ste Pre time    =       0.000000,  0.000000
 Ste Cor time    =       0.050000,  45.454545
 solve           =       0.010000,  9.090909
 sumDz           =       0.000000,  0.000000
 makedX          =       0.020000,  18.181818
 symmetriseDx    =       0.000000,  0.000000
 makedXdZ        =       0.020000,  18.181818
 xMatTime        =       0.010000,  9.090909
 zMatTime        =       0.000000,  0.000000
 invzMatTime     =       0.000000,  0.000000
 xMatzMatTime    =       0.000000,  0.000000
 EigxMatTime     =       0.030000,  27.272727
 EigzMatTime     =       0.020000,  18.181818
 EigxMatzMatTime =       0.000000,  0.000000
 updateRes       =       0.000000,  0.000000
 EigTime         =       0.050000,  45.454545
 sub_total_bMat  =       0.100000,  90.909091
 Main Loop       =       0.110000,  100.000000
 File Check      =       0.000000,  0.000000
 File Change     =       0.000000,  0.000000
 File Read       =       0.000000,  0.000000
 Total           =       0.110000,  100.000000

xVec = 
{+2.072739836784e-05,+6.330903480865e-01,+5.773089263306e-01,+5.986673252190e-01,+6.617954857866e-01,+7.590788780060e-01,+8.920043615847e-01,+1.067294728201e+00}
xMat = 
{
{ {+9.999792726016e-01,+6.330903480865e-01,+5.773089263306e-01,+5.986673252190e-01,+6.617954857866e-01,+7.590788780060e-01 },
  {+6.330903480865e-01,+5.772881989322e-01,+5.986673252190e-01,+6.617954857866e-01,+7.590788780060e-01,+8.920043615847e-01 },
  {+5.773089263306e-01,+5.986673252190e-01,+6.617747583882e-01,+7.590788780060e-01,+8.920043615847e-01,+1.067294728201e+00 },
  {+5.986673252190e-01,+6.617954857866e-01,+7.590788780060e-01,+8.919836341863e-01,+1.067294728201e+00,+1.296899354120e+00 },
  {+6.617954857866e-01,+7.590788780060e-01,+8.920043615847e-01,+1.067294728201e+00,+1.296878626722e+00,+1.600831854325e+00 },
  {+7.590788780060e-01,+8.920043615847e-01,+1.067294728201e+00,+1.296899354120e+00,+1.600831854325e+00,+2.018002260061e+00 }   }
{ {+6.330696206881e-01,+5.773089263306e-01,+5.986673252190e-01,+6.617954857866e-01,+7.590788780060e-01,+8.920043615847e-01 },
  {+5.773089263306e-01,+5.986465978206e-01,+6.617954857866e-01,+7.590788780060e-01,+8.920043615847e-01,+1.067294728201e+00 },
  {+5.986673252190e-01,+6.617954857866e-01,+7.590581506076e-01,+8.920043615847e-01,+1.067294728201e+00,+1.296899354120e+00 },
  {+6.617954857866e-01,+7.590788780060e-01,+8.920043615847e-01,+1.067274000802e+00,+1.296899354120e+00,+1.600831854325e+00 },
  {+7.590788780060e-01,+8.920043615847e-01,+1.067294728201e+00,+1.296899354120e+00,+1.600811126927e+00,+2.018022987460e+00 },
  {+8.920043615847e-01,+1.067294728201e+00,+1.296899354120e+00,+1.600831854325e+00,+2.018022987460e+00,+2.699372986535e+00 }   }
}
yMat = 
{
{ {+3.627176525064e-05,-6.549887731054e-04,+2.362118630123e-03,-3.083136559252e-03,+1.598678890811e-03,-2.601857000196e-04 },
  {-6.549887731054e-04,+1.182766512547e-02,-4.265469774582e-02,+5.567470505795e-02,-2.886864529604e-02,+4.698384852730e-03 },
  {+2.362118630123e-03,-4.265469774582e-02,+1.538277606347e-01,-2.007824613855e-01,+1.041104331558e-01,-1.694401926846e-02 },
  {-3.083136559252e-03,+5.567470505795e-02,-2.007824613855e-01,+2.620697111737e-01,-1.358893150279e-01,+2.211604641742e-02 },
  {+1.598678890811e-03,-2.886864529604e-02,+1.041104331558e-01,-1.358893150279e-01,+7.046180902046e-02,-1.146769073515e-02 },
  {-2.601857000196e-04,+4.698384852730e-03,-1.694401926846e-02,+2.211604641742e-02,-1.146769073515e-02,+1.866371764012e-03 }   }
{ {+1.166210381721e-03,-8.160667540299e-03,+1.715570608739e-02,-1.419111452868e-02,+4.389423442639e-03,-2.667362656165e-04 },
  {-8.160667540299e-03,+5.710504360713e-02,-1.200486773164e-01,+9.930366725419e-02,-3.071540604543e-02,+1.866512268073e-03 },
  {+1.715570608739e-02,-1.200486773164e-01,+2.523714897157e-01,-2.087604378441e-01,+6.457124688246e-02,-3.923862321488e-03 },
  {-1.419111452868e-02,+9.930366725419e-02,-2.087604378441e-01,+1.726855932021e-01,-5.341301343708e-02,+3.245799346021e-03 },
  {+4.389423442639e-03,-3.071540604543e-02,+6.457124688246e-02,-5.341301343708e-02,+1.652106554767e-02,-1.003951290136e-03 },
  {-2.667362656165e-04,+1.866512268073e-03,-3.923862321488e-03,+3.245799346021e-03,-1.003951290136e-03,+6.100806210453e-05 }   }
}
    main loop time = 0.110000
        total time = 0.110000
  file   read time = 0.000000
