SDPA-GMP start at Wed Jun  5 23:35:12 2024
*SDP Scan Problem: V = x^2 - 2*x^4 + x^8
* K = 6; eval = 3.5678391959799; Domain = R+ with BCs: Neumann
data      is /Users/gorg/qmBoot/data/K=6_BC-Neumann_V_0.0_0.0_1.0_0.0_-2.0_0.0_0.0_0.0_1.0/e=3.5678391959799_K=6_D=R+.dat
parameter is ./param.sdpa
out       is /Users/gorg/qmBoot/data/K=6_BC-Neumann_V_0.0_0.0_1.0_0.0_-2.0_0.0_0.0_0.0_1.0/e=3.5678391959799_K=6_D=R+.out
DENSE computation
   mu      thetaP  thetaD  objP      objD      alphaP  alphaD  beta 
 0 1.0e+20 1.0e+00 1.0e+00 +0.00e+00 -1.93e+10 1.0e+00 9.0e-01 3.00e-01
 1 1.6e+19 8.6e-88 1.0e-01 +1.60e+10 -1.93e+09 9.0e-01 9.0e-01 3.00e-01
 2 2.5e+18 8.6e-88 1.0e-02 +2.46e+10 -1.93e+08 9.0e-01 9.0e-01 3.00e-01
 3 3.8e+17 2.6e-87 1.0e-03 +3.79e+10 -1.93e+07 9.0e-01 9.0e-01 3.00e-01
 4 5.8e+16 2.6e-87 1.0e-04 +5.84e+10 -1.93e+06 9.0e-01 9.0e-01 3.00e-01
 5 9.0e+15 3.5e-87 1.0e-05 +9.00e+10 -1.93e+05 9.0e-01 9.0e-01 3.00e-01
 6 1.4e+15 3.5e-87 1.0e-06 +1.39e+11 -1.93e+04 9.0e-01 9.0e-01 3.00e-01
 7 2.1e+14 4.3e-87 1.0e-07 +2.13e+11 -1.93e+03 9.0e-01 9.0e-01 3.00e-01
 8 3.3e+13 5.2e-87 1.0e-08 +3.29e+11 -1.93e+02 9.0e-01 9.0e-01 3.00e-01
 9 5.1e+12 5.2e-87 1.0e-09 +5.05e+11 -1.94e+01 9.0e-01 9.0e-01 3.00e-01
10 8.5e+11 5.2e-87 1.0e-10 +7.66e+11 -2.09e+00 8.9e-01 8.9e-01 3.00e-01
11 2.1e+11 6.0e-87 1.1e-11 +1.03e+12 -3.51e-01 1.7e+00 9.3e-01 3.00e-01
12 5.0e+10 6.9e-87 7.4e-13 +5.08e+11 -1.91e-01 1.1e+00 1.0e+00 3.00e-01
13 1.2e+10 6.9e-87 3.2e-94 +1.42e+11 -2.85e-01 9.7e-01 9.7e-01 1.00e-01
14 1.5e+09 6.9e-87 4.2e-94 +1.78e+10 -2.87e-01 9.9e-01 9.9e-01 1.00e-01
15 1.6e+08 6.9e-87 1.3e-93 +1.91e+09 -2.89e-01 1.0e+00 1.0e+00 1.00e-01
16 1.6e+07 8.6e-87 4.9e-93 +1.92e+08 -2.91e-01 1.0e+00 1.0e+00 1.00e-01
17 1.6e+06 1.0e-86 1.6e-92 +1.92e+07 -2.93e-01 1.0e+00 1.0e+00 1.00e-01
18 1.6e+05 1.2e-86 2.8e-92 +1.92e+06 -2.94e-01 1.0e+00 1.0e+00 1.00e-01
19 1.6e+04 1.3e-86 1.4e-91 +1.92e+05 -2.95e-01 1.0e+00 1.0e+00 1.00e-01
20 1.6e+03 1.3e-86 4.7e-91 +1.92e+04 -2.97e-01 1.0e+00 1.0e+00 1.00e-01
21 1.6e+02 1.6e-86 1.2e-90 +1.92e+03 -2.98e-01 1.0e+00 1.0e+00 1.00e-01
22 1.6e+01 1.6e-86 5.8e-90 +1.92e+02 -2.99e-01 1.0e+00 9.0e+01 1.00e-01
23 1.6e+00 1.7e-86 2.4e-87 +1.93e+01 -2.12e-01 9.9e-01 1.8e+01 1.00e-01
24 1.8e-01 1.9e-86 3.9e-86 +2.00e+00 -1.39e-01 9.5e-01 1.8e+00 1.00e-01
25 2.3e-02 1.7e-86 3.3e-86 +2.21e-01 -5.44e-02 8.9e-01 1.1e+00 1.00e-01
26 4.0e-03 1.9e-86 2.9e-87 +2.84e-02 -2.02e-02 9.0e-01 9.0e-01 1.00e-01
27 7.7e-04 1.9e-86 2.9e-88 +3.20e-03 -6.07e-03 9.2e-01 9.4e-01 1.00e-01
28 1.2e-04 1.9e-86 7.2e-89 +3.22e-04 -1.16e-03 9.4e-01 9.8e-01 1.00e-01
29 1.6e-05 1.9e-86 2.5e-89 +1.44e-05 -1.75e-04 1.0e+00 9.5e-01 1.00e-01
30 2.2e-06 1.9e-86 4.1e-89 -1.69e-05 -4.34e-05 1.0e+00 9.8e-01 1.00e-01
31 2.6e-07 1.9e-86 7.1e-89 -2.02e-05 -2.33e-05 1.0e+00 9.7e-01 1.00e-01
32 3.0e-08 1.9e-86 3.7e-88 -2.06e-05 -2.09e-05 1.1e+00 9.9e-01 1.00e-01
33 3.1e-09 1.9e-86 7.2e-89 -2.06e-05 -2.06e-05 1.1e+00 9.9e-01 1.00e-01
34 3.2e-10 1.8e-86 8.6e-89 -2.06e-05 -2.06e-05 1.1e+00 9.9e-01 1.00e-01
35 3.2e-11 1.7e-86 1.4e-88 -2.06e-05 -2.06e-05 1.1e+00 9.9e-01 1.00e-01
36 3.2e-12 1.9e-86 1.0e-89 -2.06e-05 -2.06e-05 1.1e+00 9.9e-01 1.00e-01
37 3.2e-13 2.1e-86 2.9e-90 -2.06e-05 -2.06e-05 1.1e+00 9.9e-01 1.00e-01
38 3.2e-14 2.0e-86 3.4e-89 -2.06e-05 -2.06e-05 1.1e+00 9.9e-01 1.00e-01
39 3.2e-15 1.9e-86 7.2e-89 -2.06e-05 -2.06e-05 1.1e+00 9.9e-01 1.00e-01
40 3.2e-16 2.0e-86 4.2e-89 -2.06e-05 -2.06e-05 1.1e+00 9.9e-01 1.00e-01
41 3.2e-17 1.8e-86 1.4e-89 -2.06e-05 -2.06e-05 1.1e+00 9.9e-01 1.00e-01
42 3.2e-18 1.8e-86 1.1e-89 -2.06e-05 -2.06e-05 1.1e+00 9.9e-01 1.00e-01
43 3.2e-19 1.8e-86 3.6e-89 -2.06e-05 -2.06e-05 1.1e+00 9.9e-01 1.00e-01
44 3.2e-20 1.8e-86 6.0e-90 -2.06e-05 -2.06e-05 1.1e+00 9.9e-01 1.00e-01
45 3.2e-21 1.8e-86 2.0e-79 -2.06e-05 -2.06e-05 1.1e+00 9.9e-01 1.00e-01
46 3.2e-22 1.9e-86 7.2e-80 -2.06e-05 -2.06e-05 1.1e+00 9.9e-01 1.00e-01
47 3.2e-23 1.9e-86 1.2e-79 -2.06e-05 -2.06e-05 1.1e+00 9.9e-01 1.00e-01
48 3.2e-24 1.9e-86 2.4e-80 -2.06e-05 -2.06e-05 1.1e+00 9.9e-01 1.00e-01
49 3.2e-25 1.9e-86 1.3e-80 -2.06e-05 -2.06e-05 1.1e+00 9.9e-01 1.00e-01
50 3.2e-26 2.0e-86 4.4e-81 -2.06e-05 -2.06e-05 1.1e+00 9.9e-01 1.00e-01
51 3.2e-27 1.9e-86 1.1e-81 -2.06e-05 -2.06e-05 1.1e+00 9.9e-01 1.00e-01
52 3.2e-28 1.9e-86 4.8e-82 -2.06e-05 -2.06e-05 1.1e+00 9.9e-01 1.00e-01
53 3.2e-29 1.9e-86 4.9e-81 -2.06e-05 -2.06e-05 1.1e+00 9.9e-01 1.00e-01
54 3.2e-30 1.9e-86 7.9e-80 -2.06e-05 -2.06e-05 1.1e+00 9.9e-01 1.00e-01
55 3.2e-31 1.9e-86 5.6e-79 -2.06e-05 -2.06e-05 1.1e+00 9.9e-01 1.00e-01
56 3.2e-32 1.9e-86 2.8e-78 -2.06e-05 -2.06e-05 1.1e+00 9.9e-01 1.00e-01

phase.value = pdOPT     
   Iteration = 56
          mu = 3.1907184820234963e-32
relative gap = 3.8288621784281956e-31
         gap = 3.8288621784281956e-31
      digits = 2.5730912032420342e+01
objValPrimal = -2.0605434008820748e-05
objValDual   = -2.0605434008820748e-05
p.feas.error = 1.8999570821207778e-76
d.feas.error = 3.4084031095287601e-67
relative eps = 8.6361685550944446e-78
total time   = 0.100


Parameters are
maxIteration =    200
epsilonStar  = 1.000e-30
lambdaStar   = 1.000e+10
omegaStar    = 2.000e+00
lowerBound   = -1.000e+05
upperBound   = 1.000e+05
betaStar     = 1.000e-01
betaBar      = 3.000e-01
gammaStar    = 9.000e-01
epsilonDash  = 1.000e-30
precision    =    200

                         Time(sec)  Ratio(% : MainLoop) 
 Predictor time  =       0.030000,  30.000000
 Corrector time  =       0.010000,  10.000000
 Make bMat time  =       0.020000,  20.000000
 Make bDia time  =       0.000000,  0.000000
 Make bF1  time  =       0.010000,  10.000000
 Make bF2  time  =       0.000000,  0.000000
 Make bF3  time  =       0.010000,  10.000000
 Make bPRE time  =       0.010000,  10.000000
 Make rMat time  =       0.010000,  10.000000
 Make gVec Mul   =       0.000000,  0.000000
 Make gVec time  =       0.000000,  0.000000
 Cholesky bMat   =       0.000000,  0.000000
 Ste Pre time    =       0.000000,  0.000000
 Ste Cor time    =       0.040000,  40.000000
 solve           =       0.000000,  0.000000
 sumDz           =       0.000000,  0.000000
 makedX          =       0.010000,  10.000000
 symmetriseDx    =       0.000000,  0.000000
 makedXdZ        =       0.010000,  10.000000
 xMatTime        =       0.000000,  0.000000
 zMatTime        =       0.020000,  20.000000
 invzMatTime     =       0.000000,  0.000000
 xMatzMatTime    =       0.000000,  0.000000
 EigxMatTime     =       0.030000,  30.000000
 EigzMatTime     =       0.010000,  10.000000
 EigxMatzMatTime =       0.000000,  0.000000
 updateRes       =       0.000000,  0.000000
 EigTime         =       0.040000,  40.000000
 sub_total_bMat  =       0.080000,  80.000000
 Main Loop       =       0.100000,  100.000000
 File Check      =       0.000000,  0.000000
 File Change     =       0.000000,  0.000000
 File Read       =       0.000000,  0.000000
 Total           =       0.100000,  100.000000

xVec = 
{+2.060543400882e-05,+6.294602859186e-01,+5.720977887400e-01,+5.915328592214e-01,+6.521587007644e-01,+7.462028022196e-01,+8.749418206734e-01,+1.044803803129e+00}
xMat = 
{
{ {+9.999793945660e-01,+6.294602859186e-01,+5.720977887400e-01,+5.915328592214e-01,+6.521587007644e-01,+7.462028022196e-01 },
  {+6.294602859186e-01,+5.720771833060e-01,+5.915328592214e-01,+6.521587007644e-01,+7.462028022196e-01,+8.749418206734e-01 },
  {+5.720977887400e-01,+5.915328592214e-01,+6.521380953304e-01,+7.462028022196e-01,+8.749418206734e-01,+1.044803803129e+00 },
  {+5.915328592214e-01,+6.521587007644e-01,+7.462028022196e-01,+8.749212152394e-01,+1.044803803129e+00,+1.267319164617e+00 },
  {+6.521587007644e-01,+7.462028022196e-01,+8.749418206734e-01,+1.044803803129e+00,+1.267298559183e+00,+1.561875063122e+00 },
  {+7.462028022196e-01,+8.749418206734e-01,+1.044803803129e+00,+1.267319164617e+00,+1.561875063122e+00,+1.966299701348e+00 }   }
{ {+6.294396804846e-01,+5.720977887400e-01,+5.915328592214e-01,+6.521587007644e-01,+7.462028022196e-01,+8.749418206734e-01 },
  {+5.720977887400e-01,+5.915122537874e-01,+6.521587007644e-01,+7.462028022196e-01,+8.749418206734e-01,+1.044803803129e+00 },
  {+5.915328592214e-01,+6.521587007644e-01,+7.461821967856e-01,+8.749418206734e-01,+1.044803803129e+00,+1.267319164617e+00 },
  {+6.521587007644e-01,+7.462028022196e-01,+8.749418206734e-01,+1.044783197695e+00,+1.267319164617e+00,+1.561875063122e+00 },
  {+7.462028022196e-01,+8.749418206734e-01,+1.044803803129e+00,+1.267319164617e+00,+1.561854457688e+00,+1.966320306782e+00 },
  {+8.749418206734e-01,+1.044803803129e+00,+1.267319164617e+00,+1.561875063122e+00,+1.966320306782e+00,+2.628150622731e+00 }   }
}
yMat = 
{
{ {+3.549995758584e-05,-6.446730073301e-04,+2.332185867801e-03,-3.051898604451e-03,+1.586239604012e-03,-2.588079267586e-04 },
  {-6.446730073301e-04,+1.170714881490e-02,-4.235208657397e-02,+5.542194372038e-02,-2.880583317295e-02,+4.699906586111e-03 },
  {+2.332185867801e-03,-4.235208657397e-02,+1.532140118426e-01,-2.004958675810e-01,+1.042087326014e-01,-1.700250451854e-02 },
  {-3.051898604451e-03,+5.542194372038e-02,-2.004958675810e-01,+2.623689076059e-01,-1.363675554289e-01,+2.224947870953e-02 },
  {+1.586239604012e-03,-2.880583317295e-02,+1.042087326014e-01,-1.363675554289e-01,+7.087772077620e-02,-1.156427813369e-02 },
  {-2.588079267586e-04,+4.699906586111e-03,-1.700250451854e-02,+2.224947870953e-02,-1.156427813369e-02,+1.886806281138e-03 }   }
{ {+1.148904890597e-03,-8.072351171398e-03,+1.701632057982e-02,-1.411027773598e-02,+4.374927133573e-03,-2.664718081953e-04 },
  {-8.072351171398e-03,+5.671736099977e-02,-1.195588220484e-01,+9.914059722702e-02,-3.073879174902e-02,+1.872264650134e-03 },
  {+1.701632057982e-02,-1.195588220484e-01,+2.520270985398e-01,-2.089859755937e-01,+6.479662783885e-02,-3.946688495147e-03 },
  {-1.411027773598e-02,+9.914059722702e-02,-2.089859755937e-01,+1.732954045335e-01,-5.373067643339e-02,+3.272674050932e-03 },
  {+4.374927133573e-03,-3.073879174902e-02,+6.479662783885e-02,-5.373067643339e-02,+1.665933149099e-02,-1.014700828195e-03 },
  {-2.664718081953e-04,+1.872264650134e-03,-3.946688495147e-03,+3.272674050932e-03,-1.014700828195e-03,+6.180426695373e-05 }   }
}
    main loop time = 0.100000
        total time = 0.100000
  file   read time = 0.000000
