SDPA-GMP start at Wed Jun  5 23:35:12 2024
*SDP Scan Problem: V = x^2 - 2*x^4 + x^8
* K = 6; eval = 3.165829145728644; Domain = R+ with BCs: Neumann
data      is /Users/gorg/qmBoot/data/K=6_BC-Neumann_V_0.0_0.0_1.0_0.0_-2.0_0.0_0.0_0.0_1.0/e=3.165829145728644_K=6_D=R+.dat
parameter is ./param.sdpa
out       is /Users/gorg/qmBoot/data/K=6_BC-Neumann_V_0.0_0.0_1.0_0.0_-2.0_0.0_0.0_0.0_1.0/e=3.165829145728644_K=6_D=R+.out
DENSE computation
   mu      thetaP  thetaD  objP      objD      alphaP  alphaD  beta 
 0 1.0e+20 1.0e+00 1.0e+00 +0.00e+00 -1.85e+10 1.0e+00 9.0e-01 3.00e-01
 1 1.6e+19 8.6e-88 1.0e-01 +1.60e+10 -1.85e+09 9.0e-01 9.0e-01 3.00e-01
 2 2.5e+18 3.5e-87 1.0e-02 +2.46e+10 -1.85e+08 9.0e-01 9.0e-01 3.00e-01
 3 3.8e+17 4.3e-87 1.0e-03 +3.79e+10 -1.85e+07 9.0e-01 9.0e-01 3.00e-01
 4 5.8e+16 5.2e-87 1.0e-04 +5.84e+10 -1.85e+06 9.0e-01 9.0e-01 3.00e-01
 5 9.0e+15 6.9e-87 1.0e-05 +9.00e+10 -1.85e+05 9.0e-01 9.0e-01 3.00e-01
 6 1.4e+15 6.9e-87 1.0e-06 +1.39e+11 -1.85e+04 9.0e-01 9.0e-01 3.00e-01
 7 2.1e+14 7.8e-87 1.0e-07 +2.13e+11 -1.85e+03 9.0e-01 9.0e-01 3.00e-01
 8 3.3e+13 7.8e-87 1.0e-08 +3.29e+11 -1.85e+02 9.0e-01 9.0e-01 3.00e-01
 9 5.1e+12 9.5e-87 1.0e-09 +5.05e+11 -1.86e+01 9.0e-01 9.0e-01 3.00e-01
10 8.4e+11 1.1e-86 1.0e-10 +7.66e+11 -2.00e+00 8.9e-01 8.9e-01 3.00e-01
11 2.0e+11 1.2e-86 1.1e-11 +1.03e+12 -3.39e-01 1.7e+00 9.4e-01 3.00e-01
12 5.0e+10 1.1e-86 7.0e-13 +5.16e+11 -1.86e-01 1.1e+00 1.0e+00 3.00e-01
13 1.2e+10 9.5e-87 2.4e-94 +1.44e+11 -2.74e-01 9.7e-01 9.7e-01 1.00e-01
14 1.5e+09 9.5e-87 4.6e-94 +1.80e+10 -2.76e-01 9.9e-01 9.9e-01 1.00e-01
15 1.6e+08 6.9e-87 8.0e-94 +1.92e+09 -2.78e-01 1.0e+00 1.0e+00 1.00e-01
16 1.6e+07 6.9e-87 5.0e-93 +1.93e+08 -2.80e-01 1.0e+00 1.0e+00 1.00e-01
17 1.6e+06 8.6e-87 1.2e-92 +1.93e+07 -2.82e-01 1.0e+00 1.0e+00 1.00e-01
18 1.6e+05 1.2e-86 4.4e-92 +1.93e+06 -2.83e-01 1.0e+00 1.0e+00 1.00e-01
19 1.6e+04 1.3e-86 1.5e-91 +1.93e+05 -2.85e-01 1.0e+00 1.0e+00 1.00e-01
20 1.6e+03 1.4e-86 3.2e-91 +1.93e+04 -2.86e-01 1.0e+00 1.0e+00 1.00e-01
21 1.6e+02 1.6e-86 1.7e-90 +1.93e+03 -2.87e-01 1.0e+00 1.0e+00 1.00e-01
22 1.6e+01 1.6e-86 3.5e-90 +1.93e+02 -2.88e-01 1.0e+00 9.0e+01 1.00e-01
23 1.6e+00 1.9e-86 1.8e-87 +1.94e+01 -2.17e-01 9.9e-01 1.7e+01 1.00e-01
24 1.8e-01 2.1e-86 2.7e-86 +2.01e+00 -1.26e-01 9.5e-01 1.9e+00 1.00e-01
25 2.3e-02 2.0e-86 2.4e-86 +2.18e-01 -5.26e-02 8.9e-01 1.1e+00 1.00e-01
26 3.9e-03 2.0e-86 2.9e-87 +2.81e-02 -1.92e-02 9.0e-01 9.1e-01 1.00e-01
27 7.4e-04 1.9e-86 2.9e-88 +3.14e-03 -5.72e-03 9.2e-01 9.4e-01 1.00e-01
28 1.2e-04 1.9e-86 2.6e-89 +3.13e-04 -1.09e-03 9.4e-01 9.8e-01 1.00e-01
29 1.5e-05 1.9e-86 2.4e-89 +1.37e-05 -1.68e-04 1.0e+00 9.5e-01 1.00e-01
30 2.1e-06 2.0e-86 2.0e-89 -1.65e-05 -4.17e-05 1.0e+00 9.8e-01 1.00e-01
31 2.4e-07 1.8e-86 2.7e-88 -1.97e-05 -2.26e-05 1.0e+00 9.8e-01 1.00e-01
32 2.8e-08 1.9e-86 1.9e-88 -2.00e-05 -2.03e-05 1.1e+00 9.9e-01 1.00e-01
33 2.9e-09 1.9e-86 7.2e-89 -2.00e-05 -2.01e-05 1.1e+00 9.9e-01 1.00e-01
34 2.9e-10 1.8e-86 3.0e-89 -2.00e-05 -2.00e-05 1.1e+00 9.9e-01 1.00e-01
35 2.9e-11 1.9e-86 2.6e-90 -2.00e-05 -2.00e-05 1.1e+00 9.9e-01 1.00e-01
36 2.9e-12 1.9e-86 6.5e-89 -2.00e-05 -2.00e-05 1.1e+00 9.9e-01 1.00e-01
37 2.9e-13 1.9e-86 7.2e-89 -2.00e-05 -2.00e-05 1.1e+00 9.9e-01 1.00e-01
38 2.9e-14 1.9e-86 1.1e-90 -2.00e-05 -2.00e-05 1.1e+00 9.9e-01 1.00e-01
39 2.9e-15 1.9e-86 1.6e-90 -2.00e-05 -2.00e-05 1.1e+00 9.9e-01 1.00e-01
40 2.9e-16 1.9e-86 3.8e-90 -2.00e-05 -2.00e-05 1.1e+00 9.9e-01 1.00e-01
41 2.9e-17 1.9e-86 1.7e-89 -2.00e-05 -2.00e-05 1.1e+00 9.9e-01 1.00e-01
42 2.9e-18 1.9e-86 1.7e-89 -2.00e-05 -2.00e-05 1.1e+00 9.9e-01 1.00e-01
43 2.9e-19 1.9e-86 4.5e-89 -2.00e-05 -2.00e-05 1.1e+00 9.9e-01 1.00e-01
44 2.9e-20 1.9e-86 6.6e-90 -2.00e-05 -2.00e-05 1.1e+00 9.9e-01 1.00e-01
45 2.9e-21 1.9e-86 1.7e-79 -2.00e-05 -2.00e-05 1.1e+00 9.9e-01 1.00e-01
46 2.9e-22 1.9e-86 9.6e-80 -2.00e-05 -2.00e-05 1.1e+00 9.9e-01 1.00e-01
47 2.9e-23 1.9e-86 8.5e-80 -2.00e-05 -2.00e-05 1.1e+00 9.9e-01 1.00e-01
48 2.9e-24 1.9e-86 2.3e-80 -2.00e-05 -2.00e-05 1.1e+00 9.9e-01 1.00e-01
49 2.9e-25 1.9e-86 9.6e-81 -2.00e-05 -2.00e-05 1.1e+00 9.9e-01 1.00e-01
50 2.9e-26 1.9e-86 4.5e-81 -2.00e-05 -2.00e-05 1.1e+00 9.9e-01 1.00e-01
51 2.9e-27 1.9e-86 9.1e-82 -2.00e-05 -2.00e-05 1.1e+00 9.9e-01 1.00e-01
52 2.9e-28 1.9e-86 1.1e-81 -2.00e-05 -2.00e-05 1.1e+00 9.9e-01 1.00e-01
53 2.9e-29 1.9e-86 6.8e-81 -2.00e-05 -2.00e-05 1.1e+00 9.9e-01 1.00e-01
54 2.9e-30 1.9e-86 4.4e-80 -2.00e-05 -2.00e-05 1.1e+00 9.9e-01 1.00e-01
55 2.9e-31 1.9e-86 8.1e-79 -2.00e-05 -2.00e-05 1.1e+00 9.9e-01 1.00e-01
56 2.9e-32 1.9e-86 4.2e-78 -2.00e-05 -2.00e-05 1.1e+00 9.9e-01 1.00e-01

phase.value = pdOPT     
   Iteration = 56
          mu = 2.9233558977518721e-32
relative gap = 3.5080270773022466e-31
         gap = 3.5080270773022466e-31
      digits = 2.5756929148943797e+01
objValPrimal = -2.0044355000875894e-05
objValDual   = -2.0044355000875894e-05
p.feas.error = 1.8999570821207778e-76
d.feas.error = 5.0921672973976557e-67
relative eps = 8.6361685550944446e-78
total time   = 0.100


Parameters are
maxIteration =    200
epsilonStar  = 1.000e-30
lambdaStar   = 1.000e+10
omegaStar    = 2.000e+00
lowerBound   = -1.000e+05
upperBound   = 1.000e+05
betaStar     = 1.000e-01
betaBar      = 3.000e-01
gammaStar    = 9.000e-01
epsilonDash  = 1.000e-30
precision    =    200

                         Time(sec)  Ratio(% : MainLoop) 
 Predictor time  =       0.030000,  30.000000
 Corrector time  =       0.020000,  20.000000
 Make bMat time  =       0.020000,  20.000000
 Make bDia time  =       0.000000,  0.000000
 Make bF1  time  =       0.020000,  20.000000
 Make bF2  time  =       0.000000,  0.000000
 Make bF3  time  =       0.000000,  0.000000
 Make bPRE time  =       0.010000,  10.000000
 Make rMat time  =       0.000000,  0.000000
 Make gVec Mul   =       0.000000,  0.000000
 Make gVec time  =       0.000000,  0.000000
 Cholesky bMat   =       0.000000,  0.000000
 Ste Pre time    =       0.000000,  0.000000
 Ste Cor time    =       0.040000,  40.000000
 solve           =       0.000000,  0.000000
 sumDz           =       0.000000,  0.000000
 makedX          =       0.020000,  20.000000
 symmetriseDx    =       0.000000,  0.000000
 makedXdZ        =       0.020000,  20.000000
 xMatTime        =       0.000000,  0.000000
 zMatTime        =       0.010000,  10.000000
 invzMatTime     =       0.000000,  0.000000
 xMatzMatTime    =       0.000000,  0.000000
 EigxMatTime     =       0.010000,  10.000000
 EigzMatTime     =       0.030000,  30.000000
 EigxMatzMatTime =       0.000000,  0.000000
 updateRes       =       0.000000,  0.000000
 EigTime         =       0.040000,  40.000000
 sub_total_bMat  =       0.080000,  80.000000
 Main Loop       =       0.100000,  100.000000
 File Check      =       0.000000,  0.000000
 File Change     =       0.000000,  0.000000
 File Read       =       0.000000,  0.000000
 Total           =       0.100000,  100.000000

xVec = 
{+2.004435500088e-05,+6.135631461181e-01,+5.494353914911e-01,+5.608211069387e-01,+6.111505735255e-01,+6.920442695570e-01,+8.039751612472e-01,+9.522437058133e-01}
xMat = 
{
{ {+9.999799556450e-01,+6.135631461181e-01,+5.494353914911e-01,+5.608211069387e-01,+6.111505735255e-01,+6.920442695570e-01 },
  {+6.135631461181e-01,+5.494153471361e-01,+5.608211069387e-01,+6.111505735255e-01,+6.920442695570e-01,+8.039751612472e-01 },
  {+5.494353914911e-01,+5.608211069387e-01,+6.111305291705e-01,+6.920442695570e-01,+8.039751612472e-01,+9.522437058133e-01 },
  {+5.608211069387e-01,+6.111505735255e-01,+6.920442695570e-01,+8.039551168922e-01,+9.522437058133e-01,+1.146772360780e+00 },
  {+6.111505735255e-01,+6.920442695570e-01,+8.039751612472e-01,+9.522437058133e-01,+1.146752316425e+00,+1.404521734272e+00 },
  {+6.920442695570e-01,+8.039751612472e-01,+9.522437058133e-01,+1.146772360780e+00,+1.404521734272e+00,+1.759037819445e+00 }   }
{ {+6.135431017631e-01,+5.494353914911e-01,+5.608211069387e-01,+6.111505735255e-01,+6.920442695570e-01,+8.039751612472e-01 },
  {+5.494353914911e-01,+5.608010625837e-01,+6.111505735255e-01,+6.920442695570e-01,+8.039751612472e-01,+9.522437058133e-01 },
  {+5.608211069387e-01,+6.111505735255e-01,+6.920242252020e-01,+8.039751612472e-01,+9.522437058133e-01,+1.146772360780e+00 },
  {+6.111505735255e-01,+6.920442695570e-01,+8.039751612472e-01,+9.522236614583e-01,+1.146772360780e+00,+1.404521734272e+00 },
  {+6.920442695570e-01,+8.039751612472e-01,+9.522437058133e-01,+1.146772360780e+00,+1.404501689917e+00,+1.759057863800e+00 },
  {+8.039751612472e-01,+9.522437058133e-01,+1.146772360780e+00,+1.404521734272e+00,+1.759057863800e+00,+2.343722108424e+00 }   }
}
yMat = 
{
{ {+3.231375572313e-05,-6.013215880117e-04,+2.205229132395e-03,-2.918790329959e-03,+1.533240885659e-03,-2.530432009740e-04 },
  {-6.013215880117e-04,+1.118989867062e-02,-4.103676140846e-02,+5.431530928569e-02,-2.853183802182e-02,+4.708841050511e-03 },
  {+2.205229132395e-03,-4.103676140846e-02,+1.504942838595e-01,-1.991907570921e-01,+1.046349269025e-01,-1.726875214765e-02 },
  {-2.918790329959e-03,+5.431530928569e-02,-1.991907570921e-01,+2.636442839780e-01,-1.384923717597e-01,+2.285652136487e-02 },
  {+1.533240885659e-03,-2.853183802182e-02,+1.046349269025e-01,-1.384923717597e-01,+7.275005832191e-02,-1.200653322058e-02 },
  {-2.530432009740e-04,+4.708841050511e-03,-1.726875214765e-02,+2.285652136487e-02,-1.200653322058e-02,+1.981535730721e-03 }   }
{ {+1.075779552948e-03,-7.694073569710e-03,+1.641425019385e-02,-1.375990058058e-02,+4.312929604013e-03,-2.655129901385e-04 },
  {-7.694073569710e-03,+5.502871655615e-02,-1.173962158297e-01,+9.841206508221e-02,-3.084646625166e-02,+1.898973143931e-03 },
  {+1.641425019385e-02,-1.173962158297e-01,+2.504487175720e-01,-2.099486369239e-01,+6.580670305053e-02,-4.051198628850e-03 },
  {-1.375990058058e-02,+9.841206508221e-02,-2.099486369239e-01,+1.759978273137e-01,-5.516509623148e-02,+3.396078998848e-03 },
  {+4.312929604013e-03,-3.084646625166e-02,+6.580670305053e-02,-5.516509623148e-02,+1.729105346740e-02,-1.064473508796e-03 },
  {-2.655129901385e-04,+1.898973143931e-03,-4.051198628850e-03,+3.396078998848e-03,-1.064473508796e-03,+6.553122127955e-05 }   }
}
    main loop time = 0.100000
        total time = 0.100000
  file   read time = 0.000000
