SDPA-GMP start at Wed Jun  5 23:35:12 2024
*SDP Scan Problem: V = x^2 - 2*x^4 + x^8
* K = 6; eval = 4.07035175879397; Domain = R+ with BCs: Neumann
data      is /Users/gorg/qmBoot/data/K=6_BC-Neumann_V_0.0_0.0_1.0_0.0_-2.0_0.0_0.0_0.0_1.0/e=4.07035175879397_K=6_D=R+.dat
parameter is ./param.sdpa
out       is /Users/gorg/qmBoot/data/K=6_BC-Neumann_V_0.0_0.0_1.0_0.0_-2.0_0.0_0.0_0.0_1.0/e=4.07035175879397_K=6_D=R+.out
DENSE computation
   mu      thetaP  thetaD  objP      objD      alphaP  alphaD  beta 
 0 1.0e+20 1.0e+00 1.0e+00 +0.00e+00 -2.03e+10 1.0e+00 9.0e-01 3.00e-01
 1 1.6e+19 8.6e-88 1.0e-01 +1.60e+10 -2.03e+09 9.0e-01 9.0e-01 3.00e-01
 2 2.5e+18 1.7e-87 1.0e-02 +2.46e+10 -2.03e+08 9.0e-01 9.0e-01 3.00e-01
 3 3.8e+17 1.7e-87 1.0e-03 +3.79e+10 -2.03e+07 9.0e-01 9.0e-01 3.00e-01
 4 5.8e+16 2.6e-87 1.0e-04 +5.84e+10 -2.03e+06 9.0e-01 9.0e-01 3.00e-01
 5 9.0e+15 3.5e-87 1.0e-05 +9.00e+10 -2.03e+05 9.0e-01 9.0e-01 3.00e-01
 6 1.4e+15 3.5e-87 1.0e-06 +1.39e+11 -2.03e+04 9.0e-01 9.0e-01 3.00e-01
 7 2.1e+14 3.5e-87 1.0e-07 +2.13e+11 -2.03e+03 9.0e-01 9.0e-01 3.00e-01
 8 3.3e+13 6.0e-87 1.0e-08 +3.29e+11 -2.03e+02 9.0e-01 9.0e-01 3.00e-01
 9 5.1e+12 6.9e-87 1.0e-09 +5.05e+11 -2.04e+01 9.0e-01 9.0e-01 3.00e-01
10 8.5e+11 7.8e-87 1.0e-10 +7.66e+11 -2.19e+00 8.9e-01 8.9e-01 3.00e-01
11 2.1e+11 8.6e-87 1.1e-11 +1.03e+12 -3.66e-01 1.7e+00 9.3e-01 3.00e-01
12 5.0e+10 9.5e-87 7.8e-13 +5.01e+11 -1.96e-01 1.2e+00 1.0e+00 3.00e-01
13 1.2e+10 8.6e-87 3.4e-94 +1.39e+11 -2.99e-01 9.7e-01 9.7e-01 1.00e-01
14 1.5e+09 7.8e-87 4.2e-94 +1.76e+10 -3.01e-01 9.9e-01 9.9e-01 1.00e-01
15 1.6e+08 6.9e-87 1.2e-93 +1.89e+09 -3.03e-01 1.0e+00 1.0e+00 1.00e-01
16 1.6e+07 8.6e-87 6.9e-93 +1.90e+08 -3.05e-01 1.0e+00 1.0e+00 1.00e-01
17 1.6e+06 7.8e-87 1.3e-92 +1.90e+07 -3.06e-01 1.0e+00 1.0e+00 1.00e-01
18 1.6e+05 7.8e-87 5.0e-92 +1.90e+06 -3.08e-01 1.0e+00 1.0e+00 1.00e-01
19 1.6e+04 1.2e-86 1.5e-91 +1.90e+05 -3.09e-01 1.0e+00 1.0e+00 1.00e-01
20 1.6e+03 1.2e-86 3.5e-91 +1.90e+04 -3.11e-01 1.0e+00 1.0e+00 1.00e-01
21 1.6e+02 1.4e-86 1.4e-90 +1.90e+03 -3.12e-01 1.0e+00 1.0e+00 1.00e-01
22 1.6e+01 1.5e-86 4.7e-90 +1.90e+02 -3.12e-01 1.0e+00 9.0e+01 1.00e-01
23 1.6e+00 1.6e-86 2.2e-87 +1.91e+01 -2.06e-01 9.8e-01 1.9e+01 1.00e-01
24 1.8e-01 1.8e-86 3.8e-86 +1.99e+00 -1.60e-01 9.4e-01 1.8e+00 1.00e-01
25 2.4e-02 1.7e-86 3.0e-86 +2.25e-01 -5.76e-02 8.9e-01 1.0e+00 1.00e-01
26 4.3e-03 1.7e-86 4.3e-88 +2.88e-02 -2.24e-02 9.0e-01 8.8e-01 1.00e-01
27 8.3e-04 1.7e-86 9.9e-89 +3.27e-03 -6.75e-03 9.3e-01 9.3e-01 1.00e-01
28 1.3e-04 1.6e-86 1.5e-89 +3.36e-04 -1.28e-03 9.5e-01 9.8e-01 1.00e-01
29 1.7e-05 1.7e-86 1.4e-89 +1.61e-05 -1.87e-04 1.0e+00 9.4e-01 1.00e-01
30 2.4e-06 1.8e-86 2.2e-89 -1.71e-05 -4.58e-05 1.0e+00 9.7e-01 1.00e-01
31 2.9e-07 1.7e-86 5.0e-88 -2.07e-05 -2.43e-05 1.0e+00 9.7e-01 1.00e-01
32 3.5e-08 1.7e-86 3.2e-88 -2.11e-05 -2.15e-05 1.1e+00 9.9e-01 1.00e-01
33 3.7e-09 1.8e-86 7.2e-89 -2.12e-05 -2.12e-05 1.1e+00 9.9e-01 1.00e-01
34 3.8e-10 1.7e-86 1.9e-89 -2.12e-05 -2.12e-05 1.1e+00 9.9e-01 1.00e-01
35 3.8e-11 1.6e-86 7.2e-89 -2.12e-05 -2.12e-05 1.1e+00 9.9e-01 1.00e-01
36 3.8e-12 1.6e-86 8.4e-90 -2.12e-05 -2.12e-05 1.1e+00 9.9e-01 1.00e-01
37 3.8e-13 1.7e-86 7.2e-89 -2.12e-05 -2.12e-05 1.1e+00 9.9e-01 1.00e-01
38 3.8e-14 1.6e-86 5.9e-89 -2.12e-05 -2.12e-05 1.1e+00 9.9e-01 1.00e-01
39 3.8e-15 1.6e-86 2.8e-90 -2.12e-05 -2.12e-05 1.1e+00 9.9e-01 1.00e-01
40 3.8e-16 1.8e-86 2.1e-90 -2.12e-05 -2.12e-05 1.1e+00 9.9e-01 1.00e-01
41 3.8e-17 1.7e-86 3.9e-90 -2.12e-05 -2.12e-05 1.1e+00 9.9e-01 1.00e-01
42 3.8e-18 1.8e-86 3.9e-90 -2.12e-05 -2.12e-05 1.1e+00 9.9e-01 1.00e-01
43 3.8e-19 1.7e-86 6.0e-89 -2.12e-05 -2.12e-05 1.1e+00 9.9e-01 1.00e-01
44 3.8e-20 1.8e-86 5.6e-90 -2.12e-05 -2.12e-05 1.1e+00 9.9e-01 1.00e-01
45 3.8e-21 1.8e-86 2.0e-79 -2.12e-05 -2.12e-05 1.1e+00 9.9e-01 1.00e-01
46 3.8e-22 1.6e-86 1.4e-79 -2.12e-05 -2.12e-05 1.1e+00 9.9e-01 1.00e-01
47 3.8e-23 1.7e-86 1.6e-79 -2.12e-05 -2.12e-05 1.1e+00 9.9e-01 1.00e-01
48 3.8e-24 1.7e-86 2.8e-80 -2.12e-05 -2.12e-05 1.1e+00 9.9e-01 1.00e-01
49 3.8e-25 1.8e-86 1.8e-80 -2.12e-05 -2.12e-05 1.1e+00 9.9e-01 1.00e-01
50 3.8e-26 1.7e-86 5.0e-81 -2.12e-05 -2.12e-05 1.1e+00 9.9e-01 1.00e-01
51 3.8e-27 1.7e-86 1.5e-81 -2.12e-05 -2.12e-05 1.1e+00 9.9e-01 1.00e-01
52 3.8e-28 1.6e-86 6.4e-82 -2.12e-05 -2.12e-05 1.1e+00 9.9e-01 1.00e-01
53 3.8e-29 1.6e-86 4.1e-81 -2.12e-05 -2.12e-05 1.1e+00 9.9e-01 1.00e-01
54 3.8e-30 1.8e-86 1.2e-79 -2.12e-05 -2.12e-05 1.1e+00 9.9e-01 1.00e-01
55 3.8e-31 1.7e-86 1.6e-78 -2.12e-05 -2.12e-05 1.1e+00 9.9e-01 1.00e-01
56 3.8e-32 1.7e-86 1.8e-78 -2.12e-05 -2.12e-05 1.1e+00 9.9e-01 1.00e-01

phase.value = pdOPT     
   Iteration = 56
          mu = 3.7884310901711245e-32
relative gap = 4.5461173082053494e-31
         gap = 4.5461173082053494e-31
      digits = 2.5667915860743975e+01
objValPrimal = -2.1161989707809058e-05
objValDual   = -2.1161989707809058e-05
p.feas.error = 1.7272337110188889e-76
d.feas.error = 2.1636281357062682e-67
relative eps = 8.6361685550944446e-78
total time   = 0.120


Parameters are
maxIteration =    200
epsilonStar  = 1.000e-30
lambdaStar   = 1.000e+10
omegaStar    = 2.000e+00
lowerBound   = -1.000e+05
upperBound   = 1.000e+05
betaStar     = 1.000e-01
betaBar      = 3.000e-01
gammaStar    = 9.000e-01
epsilonDash  = 1.000e-30
precision    =    200

                         Time(sec)  Ratio(% : MainLoop) 
 Predictor time  =       0.050000,  41.666667
 Corrector time  =       0.010000,  8.333333
 Make bMat time  =       0.020000,  16.666667
 Make bDia time  =       0.000000,  0.000000
 Make bF1  time  =       0.010000,  8.333333
 Make bF2  time  =       0.010000,  8.333333
 Make bF3  time  =       0.000000,  0.000000
 Make bPRE time  =       0.010000,  8.333333
 Make rMat time  =       0.000000,  0.000000
 Make gVec Mul   =       0.000000,  0.000000
 Make gVec time  =       0.010000,  8.333333
 Cholesky bMat   =       0.000000,  0.000000
 Ste Pre time    =       0.000000,  0.000000
 Ste Cor time    =       0.050000,  41.666667
 solve           =       0.000000,  0.000000
 sumDz           =       0.000000,  0.000000
 makedX          =       0.030000,  25.000000
 symmetriseDx    =       0.000000,  0.000000
 makedXdZ        =       0.030000,  25.000000
 xMatTime        =       0.000000,  0.000000
 zMatTime        =       0.000000,  0.000000
 invzMatTime     =       0.000000,  0.000000
 xMatzMatTime    =       0.000000,  0.000000
 EigxMatTime     =       0.040000,  33.333333
 EigzMatTime     =       0.010000,  8.333333
 EigxMatzMatTime =       0.000000,  0.000000
 updateRes       =       0.000000,  0.000000
 EigTime         =       0.050000,  41.666667
 sub_total_bMat  =       0.100000,  83.333333
 Main Loop       =       0.120000,  100.000000
 File Check      =       0.000000,  0.000000
 File Change     =       0.000000,  0.000000
 File Read       =       0.000000,  0.000000
 Total           =       0.120000,  100.000000

xVec = 
{+2.116198970781e-05,+6.464346648593e-01,+5.966263132248e-01,+6.253949511442e-01,+6.982986627444e-01,+8.083771557002e-01,+9.579929130937e-01,+1.155096396219e+00}
xMat = 
{
{ {+9.999788380103e-01,+6.464346648593e-01,+5.966263132248e-01,+6.253949511442e-01,+6.982986627444e-01,+8.083771557002e-01 },
  {+6.464346648593e-01,+5.966051512351e-01,+6.253949511442e-01,+6.982986627444e-01,+8.083771557002e-01,+9.579929130937e-01 },
  {+5.966263132248e-01,+6.253949511442e-01,+6.982775007547e-01,+8.083771557002e-01,+9.579929130937e-01,+1.155096396219e+00 },
  {+6.253949511442e-01,+6.982986627444e-01,+8.083771557002e-01,+9.579717511040e-01,+1.155096396219e+00,+1.413378221762e+00 },
  {+6.982986627444e-01,+8.083771557002e-01,+9.579929130937e-01,+1.155096396219e+00,+1.413357059772e+00,+1.755437813958e+00 },
  {+8.083771557002e-01,+9.579929130937e-01,+1.155096396219e+00,+1.413378221762e+00,+1.755437813958e+00,+2.224574748023e+00 }   }
{ {+6.464135028696e-01,+5.966263132248e-01,+6.253949511442e-01,+6.982986627444e-01,+8.083771557002e-01,+9.579929130937e-01 },
  {+5.966263132248e-01,+6.253737891545e-01,+6.982986627444e-01,+8.083771557002e-01,+9.579929130937e-01,+1.155096396219e+00 },
  {+6.253949511442e-01,+6.982986627444e-01,+8.083559937105e-01,+9.579929130937e-01,+1.155096396219e+00,+1.413378221762e+00 },
  {+6.982986627444e-01,+8.083771557002e-01,+9.579929130937e-01,+1.155075234230e+00,+1.413378221762e+00,+1.755437813958e+00 },
  {+8.083771557002e-01,+9.579929130937e-01,+1.155096396219e+00,+1.413378221762e+00,+1.755416651968e+00,+2.224595910013e+00 },
  {+9.579929130937e-01,+1.155096396219e+00,+1.413378221762e+00,+1.755437813958e+00,+2.224595910013e+00,+2.985002428336e+00 }   }
}
yMat = 
{
{ {+3.927386826658e-05,-6.944935042070e-04,+2.475835561370e-03,-3.201268507660e-03,+1.645653259670e-03,-2.654420795458e-04 },
  {-6.944935042070e-04,+1.228097074910e-02,-4.378106335706e-02,+5.660914704661e-02,-2.910066029809e-02,+4.693904830979e-03 },
  {+2.475835561370e-03,-4.378106335706e-02,+1.560773612962e-01,-2.018088556737e-01,+1.037424384662e-01,-1.673354240439e-02 },
  {-3.201268507660e-03,+5.660914704661e-02,-2.018088556737e-01,+2.609399203708e-01,-1.341395229762e-01,+2.163655904964e-02 },
  {+1.645653259670e-03,-2.910066029809e-02,+1.037424384662e-01,-1.341395229762e-01,+6.895614744847e-02,-1.112255152696e-02 },
  {-2.654420795458e-04,+4.693904830979e-03,-1.673354240439e-02,+2.163655904964e-02,-1.112255152696e-02,+1.794055454770e-03 }   }
{ {+1.232175301920e-03,-8.493449522442e-03,+1.767706847608e-02,-1.449223900196e-02,+4.443776153176e-03,-2.678147848733e-04 },
  {-8.493449522442e-03,+5.854579675300e-02,-1.218489678964e-01,+9.989576989456e-02,-3.063118404274e-02,+1.846061476108e-03 },
  {+1.767706847608e-02,-1.218489678964e-01,+2.535992641804e-01,-2.079089727008e-01,+6.375142825025e-02,-3.842132108749e-03 },
  {-1.449223900196e-02,+9.989576989456e-02,-2.079089727008e-01,+1.704505770914e-01,-5.226550636319e-02,+3.149905589405e-03 },
  {+4.443776153176e-03,-3.063118404274e-02,+6.375142825025e-02,-5.226550636319e-02,+1.602624761977e-02,-9.658600952590e-04 },
  {-2.678147848733e-04,+1.846061476108e-03,-3.842132108749e-03,+3.149905589405e-03,-9.658600952590e-04,+5.820986582429e-05 }   }
}
    main loop time = 0.120000
        total time = 0.120000
  file   read time = 0.000000
