SDPA-GMP start at Wed Jun  5 23:35:12 2024
*SDP Scan Problem: V = x^2 - 2*x^4 + x^8
* K = 6; eval = 4.170854271356784; Domain = R+ with BCs: Neumann
data      is /Users/gorg/qmBoot/data/K=6_BC-Neumann_V_0.0_0.0_1.0_0.0_-2.0_0.0_0.0_0.0_1.0/e=4.170854271356784_K=6_D=R+.dat
parameter is ./param.sdpa
out       is /Users/gorg/qmBoot/data/K=6_BC-Neumann_V_0.0_0.0_1.0_0.0_-2.0_0.0_0.0_0.0_1.0/e=4.170854271356784_K=6_D=R+.out
DENSE computation
   mu      thetaP  thetaD  objP      objD      alphaP  alphaD  beta 
 0 1.0e+20 1.0e+00 1.0e+00 +0.00e+00 -2.05e+10 1.0e+00 9.0e-01 3.00e-01
 1 1.6e+19 8.6e-88 1.0e-01 +1.60e+10 -2.05e+09 9.0e-01 9.0e-01 3.00e-01
 2 2.5e+18 2.6e-87 1.0e-02 +2.46e+10 -2.05e+08 9.0e-01 9.0e-01 3.00e-01
 3 3.8e+17 2.6e-87 1.0e-03 +3.79e+10 -2.05e+07 9.0e-01 9.0e-01 3.00e-01
 4 5.8e+16 3.5e-87 1.0e-04 +5.84e+10 -2.05e+06 9.0e-01 9.0e-01 3.00e-01
 5 9.0e+15 5.2e-87 1.0e-05 +9.00e+10 -2.05e+05 9.0e-01 9.0e-01 3.00e-01
 6 1.4e+15 6.0e-87 1.0e-06 +1.39e+11 -2.05e+04 9.0e-01 9.0e-01 3.00e-01
 7 2.1e+14 6.0e-87 1.0e-07 +2.13e+11 -2.05e+03 9.0e-01 9.0e-01 3.00e-01
 8 3.3e+13 8.6e-87 1.0e-08 +3.29e+11 -2.05e+02 9.0e-01 9.0e-01 3.00e-01
 9 5.1e+12 9.5e-87 1.0e-09 +5.05e+11 -2.07e+01 9.0e-01 9.0e-01 3.00e-01
10 8.5e+11 1.2e-86 1.0e-10 +7.66e+11 -2.22e+00 8.9e-01 8.9e-01 3.00e-01
11 2.1e+11 1.3e-86 1.1e-11 +1.03e+12 -3.69e-01 1.8e+00 9.3e-01 3.00e-01
12 4.9e+10 1.4e-86 7.9e-13 +4.99e+11 -1.98e-01 1.2e+00 1.0e+00 3.00e-01
13 1.2e+10 1.6e-86 3.3e-94 +1.39e+11 -3.02e-01 9.7e-01 9.7e-01 1.00e-01
14 1.5e+09 1.9e-86 4.0e-94 +1.75e+10 -3.04e-01 9.9e-01 9.9e-01 1.00e-01
15 1.6e+08 2.0e-86 1.6e-93 +1.88e+09 -3.06e-01 1.0e+00 1.0e+00 1.00e-01
16 1.6e+07 2.1e-86 3.5e-93 +1.90e+08 -3.08e-01 1.0e+00 1.0e+00 1.00e-01
17 1.6e+06 2.2e-86 1.7e-92 +1.90e+07 -3.09e-01 1.0e+00 1.0e+00 1.00e-01
18 1.6e+05 2.2e-86 4.2e-92 +1.90e+06 -3.11e-01 1.0e+00 1.0e+00 1.00e-01
19 1.6e+04 2.5e-86 1.1e-91 +1.90e+05 -3.12e-01 1.0e+00 1.0e+00 1.00e-01
20 1.6e+03 2.6e-86 4.3e-91 +1.90e+04 -3.13e-01 1.0e+00 1.0e+00 1.00e-01
21 1.6e+02 2.8e-86 1.6e-90 +1.90e+03 -3.14e-01 1.0e+00 1.0e+00 1.00e-01
22 1.6e+01 2.9e-86 6.6e-90 +1.90e+02 -3.15e-01 1.0e+00 9.0e+01 1.00e-01
23 1.6e+00 3.0e-86 2.7e-87 +1.91e+01 -2.05e-01 9.8e-01 1.9e+01 1.00e-01
24 1.8e-01 3.2e-86 4.6e-86 +1.99e+00 -1.65e-01 9.4e-01 1.8e+00 1.00e-01
25 2.4e-02 3.3e-86 3.5e-86 +2.26e-01 -5.85e-02 9.0e-01 1.0e+00 1.00e-01
26 4.3e-03 3.1e-86 1.5e-88 +2.88e-02 -2.29e-02 9.0e-01 8.8e-01 1.00e-01
27 8.5e-04 3.3e-86 1.0e-88 +3.28e-03 -6.91e-03 9.3e-01 9.3e-01 1.00e-01
28 1.4e-04 3.2e-86 2.5e-89 +3.40e-04 -1.31e-03 9.5e-01 9.8e-01 1.00e-01
29 1.7e-05 3.2e-86 1.9e-89 +1.65e-05 -1.90e-04 1.0e+00 9.4e-01 1.00e-01
30 2.4e-06 3.2e-86 2.3e-89 -1.72e-05 -4.64e-05 1.0e+00 9.7e-01 1.00e-01
31 3.0e-07 3.3e-86 9.7e-89 -2.08e-05 -2.45e-05 1.0e+00 9.7e-01 1.00e-01
32 3.6e-08 3.2e-86 4.9e-88 -2.12e-05 -2.16e-05 1.1e+00 9.8e-01 1.00e-01
33 3.9e-09 3.2e-86 2.4e-88 -2.13e-05 -2.13e-05 1.1e+00 9.9e-01 1.00e-01
34 3.9e-10 3.2e-86 9.7e-90 -2.13e-05 -2.13e-05 1.1e+00 9.9e-01 1.00e-01
35 3.9e-11 3.2e-86 7.2e-89 -2.13e-05 -2.13e-05 1.1e+00 9.9e-01 1.00e-01
36 3.9e-12 3.2e-86 4.0e-89 -2.13e-05 -2.13e-05 1.1e+00 9.9e-01 1.00e-01
37 3.9e-13 3.3e-86 8.4e-90 -2.13e-05 -2.13e-05 1.1e+00 9.9e-01 1.00e-01
38 3.9e-14 3.3e-86 7.8e-89 -2.13e-05 -2.13e-05 1.1e+00 9.9e-01 1.00e-01
39 3.9e-15 3.3e-86 6.5e-88 -2.13e-05 -2.13e-05 1.1e+00 9.9e-01 1.00e-01
40 3.9e-16 3.3e-86 4.3e-88 -2.13e-05 -2.13e-05 1.1e+00 9.9e-01 1.00e-01
41 3.9e-17 3.3e-86 5.9e-88 -2.13e-05 -2.13e-05 1.1e+00 9.9e-01 1.00e-01
42 3.9e-18 3.1e-86 6.4e-88 -2.13e-05 -2.13e-05 1.1e+00 9.9e-01 1.00e-01
43 3.9e-19 3.3e-86 6.8e-88 -2.13e-05 -2.13e-05 1.1e+00 9.9e-01 1.00e-01
44 3.9e-20 3.3e-86 6.3e-88 -2.13e-05 -2.13e-05 1.1e+00 9.9e-01 1.00e-01
45 3.9e-21 3.4e-86 1.1e-79 -2.13e-05 -2.13e-05 1.1e+00 9.9e-01 1.00e-01
46 3.9e-22 3.3e-86 1.3e-79 -2.13e-05 -2.13e-05 1.1e+00 9.9e-01 1.00e-01
47 3.9e-23 3.1e-86 1.2e-79 -2.13e-05 -2.13e-05 1.1e+00 9.9e-01 1.00e-01
48 3.9e-24 3.1e-86 3.4e-80 -2.13e-05 -2.13e-05 1.1e+00 9.9e-01 1.00e-01
49 3.9e-25 3.3e-86 1.6e-80 -2.13e-05 -2.13e-05 1.1e+00 9.9e-01 1.00e-01
50 3.9e-26 3.2e-86 4.2e-81 -2.13e-05 -2.13e-05 1.1e+00 9.9e-01 1.00e-01
51 3.9e-27 3.2e-86 1.5e-81 -2.13e-05 -2.13e-05 1.1e+00 9.9e-01 1.00e-01
52 3.9e-28 3.2e-86 8.0e-82 -2.13e-05 -2.13e-05 1.1e+00 9.9e-01 1.00e-01
53 3.9e-29 3.2e-86 4.7e-81 -2.13e-05 -2.13e-05 1.1e+00 9.9e-01 1.00e-01
54 3.9e-30 3.3e-86 6.0e-80 -2.13e-05 -2.13e-05 1.1e+00 9.9e-01 1.00e-01
55 3.9e-31 3.3e-86 5.8e-79 -2.13e-05 -2.13e-05 1.1e+00 9.9e-01 1.00e-01
56 3.9e-32 3.3e-86 1.2e-77 -2.13e-05 -2.13e-05 1.1e+00 9.9e-01 1.00e-01

phase.value = pdOPT     
   Iteration = 56
          mu = 3.9461346715766920e-32
relative gap = 4.7353616058920304e-31
         gap = 4.7353616058920304e-31
      digits = 2.5652204823368546e+01
objValPrimal = -2.1259741126977675e-05
objValDual   = -2.1259741126977675e-05
p.feas.error = 3.2817440509358890e-76
d.feas.error = 1.3965329514921166e-66
relative eps = 8.6361685550944446e-78
total time   = 0.110


Parameters are
maxIteration =    200
epsilonStar  = 1.000e-30
lambdaStar   = 1.000e+10
omegaStar    = 2.000e+00
lowerBound   = -1.000e+05
upperBound   = 1.000e+05
betaStar     = 1.000e-01
betaBar      = 3.000e-01
gammaStar    = 9.000e-01
epsilonDash  = 1.000e-30
precision    =    200

                         Time(sec)  Ratio(% : MainLoop) 
 Predictor time  =       0.010000,  9.090909
 Corrector time  =       0.030000,  27.272727
 Make bMat time  =       0.010000,  9.090909
 Make bDia time  =       0.000000,  0.000000
 Make bF1  time  =       0.010000,  9.090909
 Make bF2  time  =       0.000000,  0.000000
 Make bF3  time  =       0.000000,  0.000000
 Make bPRE time  =       0.010000,  9.090909
 Make rMat time  =       0.020000,  18.181818
 Make gVec Mul   =       0.000000,  0.000000
 Make gVec time  =       0.000000,  0.000000
 Cholesky bMat   =       0.000000,  0.000000
 Ste Pre time    =       0.000000,  0.000000
 Ste Cor time    =       0.060000,  54.545455
 solve           =       0.000000,  0.000000
 sumDz           =       0.000000,  0.000000
 makedX          =       0.010000,  9.090909
 symmetriseDx    =       0.000000,  0.000000
 makedXdZ        =       0.010000,  9.090909
 xMatTime        =       0.000000,  0.000000
 zMatTime        =       0.010000,  9.090909
 invzMatTime     =       0.000000,  0.000000
 xMatzMatTime    =       0.000000,  0.000000
 EigxMatTime     =       0.030000,  27.272727
 EigzMatTime     =       0.030000,  27.272727
 EigxMatzMatTime =       0.000000,  0.000000
 updateRes       =       0.000000,  0.000000
 EigTime         =       0.060000,  54.545455
 sub_total_bMat  =       0.100000,  90.909091
 Main Loop       =       0.110000,  100.000000
 File Check      =       0.000000,  0.000000
 File Change     =       0.000000,  0.000000
 File Read       =       0.000000,  0.000000
 Total           =       0.110000,  100.000000

xVec = 
{+2.125974112698e-05,+6.495071730762e-01,+6.011156668144e-01,+6.316747455698e-01,+7.069700855970e-01,+8.202103128927e-01,+9.739852280463e-01,+1.176564028890e+00}
xMat = 
{
{ {+9.999787402589e-01,+6.495071730762e-01,+6.011156668144e-01,+6.316747455698e-01,+7.069700855970e-01,+8.202103128927e-01 },
  {+6.495071730762e-01,+6.010944070733e-01,+6.316747455698e-01,+7.069700855970e-01,+8.202103128927e-01,+9.739852280463e-01 },
  {+6.011156668144e-01,+6.316747455698e-01,+7.069488258559e-01,+8.202103128927e-01,+9.739852280463e-01,+1.176564028890e+00 },
  {+6.316747455698e-01,+7.069700855970e-01,+8.202103128927e-01,+9.739639683052e-01,+1.176564028890e+00,+1.442088690262e+00 },
  {+7.069700855970e-01,+8.202103128927e-01,+9.739852280463e-01,+1.176564028890e+00,+1.442067430521e+00,+1.793825255320e+00 },
  {+8.202103128927e-01,+9.739852280463e-01,+1.176564028890e+00,+1.442088690262e+00,+1.793825255320e+00,+2.276188665632e+00 }   }
{ {+6.494859133350e-01,+6.011156668144e-01,+6.316747455698e-01,+7.069700855970e-01,+8.202103128927e-01,+9.739852280463e-01 },
  {+6.011156668144e-01,+6.316534858287e-01,+7.069700855970e-01,+8.202103128927e-01,+9.739852280463e-01,+1.176564028890e+00 },
  {+6.316747455698e-01,+7.069700855970e-01,+8.201890531516e-01,+9.739852280463e-01,+1.176564028890e+00,+1.442088690262e+00 },
  {+7.069700855970e-01,+8.202103128927e-01,+9.739852280463e-01,+1.176542769148e+00,+1.442088690262e+00,+1.793825255320e+00 },
  {+8.202103128927e-01,+9.739852280463e-01,+1.176564028890e+00,+1.442088690262e+00,+1.793803995579e+00,+2.276209925373e+00 },
  {+9.739852280463e-01,+1.176564028890e+00,+1.442088690262e+00,+1.793825255320e+00,+2.276209925373e+00,+3.056635373176e+00 }   }
}
yMat = 
{
{ {+4.000486514608e-05,-7.039733929044e-04,+2.502917520312e-03,-3.229267644882e-03,+1.656760403232e-03,-2.666930703034e-04 },
  {-7.039733929044e-04,+1.238795671746e-02,-4.404432642130e-02,+5.682605083815e-02,-2.915433505486e-02,+4.693049829815e-03 },
  {+2.502917520312e-03,-4.404432642130e-02,+1.565958562942e-01,-2.020401902778e-01,+1.036557584951e-01,-1.668573949120e-02 },
  {-3.229267644882e-03,+5.682605083815e-02,-2.020401902778e-01,+2.606725328083e-01,-1.337368029100e-01,+2.152796415887e-02 },
  {+1.656760403232e-03,-2.915433505486e-02,+1.036557584951e-01,-1.337368029100e-01,+6.861303053257e-02,-1.104481960086e-02 },
  {-2.666930703034e-04,+4.693049829815e-03,-1.668573949120e-02,+2.152796415887e-02,-1.104481960086e-02,+1.777913598462e-03 }   }
{ {+1.247937893154e-03,-8.572117746823e-03,+1.779944227985e-02,-1.456258668173e-02,+4.456513495553e-03,-2.680812280504e-04 },
  {-8.572117746823e-03,+5.888209907600e-02,-1.222648305558e-01,+1.000307855214e-01,-3.061190675734e-02,+1.841456906764e-03 },
  {+1.779944227985e-02,-1.222648305558e-01,+2.538749301642e-01,-2.077073887320e-01,+6.356362377376e-02,-3.823664920483e-03 },
  {-1.456258668173e-02,+1.000307855214e-01,-2.077073887320e-01,+1.699354847916e-01,-5.200448230101e-02,+3.128325650375e-03 },
  {+4.456513495553e-03,-3.061190675734e-02,+6.356362377376e-02,-5.200448230101e-02,+1.591466421927e-02,-9.573454073837e-04 },
  {-2.680812280504e-04,+1.841456906764e-03,-3.823664920483e-03,+3.128325650375e-03,-9.573454073837e-04,+5.758903966878e-05 }   }
}
    main loop time = 0.110000
        total time = 0.110000
  file   read time = 0.000000
