SDPA-GMP start at Wed Jun  5 23:35:12 2024
*SDP Scan Problem: V = x^2 - 2*x^4 + x^8
* K = 6; eval = 4.2713567839195985; Domain = R+ with BCs: Neumann
data      is /Users/gorg/qmBoot/data/K=6_BC-Neumann_V_0.0_0.0_1.0_0.0_-2.0_0.0_0.0_0.0_1.0/e=4.2713567839195985_K=6_D=R+.dat
parameter is ./param.sdpa
out       is /Users/gorg/qmBoot/data/K=6_BC-Neumann_V_0.0_0.0_1.0_0.0_-2.0_0.0_0.0_0.0_1.0/e=4.2713567839195985_K=6_D=R+.out
DENSE computation
   mu      thetaP  thetaD  objP      objD      alphaP  alphaD  beta 
 0 1.0e+20 1.0e+00 1.0e+00 +0.00e+00 -2.07e+10 1.0e+00 9.0e-01 3.00e-01
 1 1.6e+19 8.6e-88 1.0e-01 +1.60e+10 -2.07e+09 9.0e-01 9.0e-01 3.00e-01
 2 2.5e+18 2.6e-87 1.0e-02 +2.46e+10 -2.07e+08 9.0e-01 9.0e-01 3.00e-01
 3 3.8e+17 3.5e-87 1.0e-03 +3.79e+10 -2.07e+07 9.0e-01 9.0e-01 3.00e-01
 4 5.8e+16 2.6e-87 1.0e-04 +5.84e+10 -2.07e+06 9.0e-01 9.0e-01 3.00e-01
 5 9.0e+15 3.5e-87 1.0e-05 +9.00e+10 -2.07e+05 9.0e-01 9.0e-01 3.00e-01
 6 1.4e+15 4.3e-87 1.0e-06 +1.39e+11 -2.07e+04 9.0e-01 9.0e-01 3.00e-01
 7 2.1e+14 6.0e-87 1.0e-07 +2.13e+11 -2.07e+03 9.0e-01 9.0e-01 3.00e-01
 8 3.3e+13 6.9e-87 1.0e-08 +3.29e+11 -2.07e+02 9.0e-01 9.0e-01 3.00e-01
 9 5.1e+12 8.6e-87 1.0e-09 +5.05e+11 -2.09e+01 9.0e-01 9.0e-01 3.00e-01
10 8.5e+11 8.6e-87 1.0e-10 +7.66e+11 -2.24e+00 8.9e-01 8.9e-01 3.00e-01
11 2.1e+11 1.0e-86 1.1e-11 +1.03e+12 -3.72e-01 1.8e+00 9.3e-01 3.00e-01
12 4.9e+10 8.6e-87 8.0e-13 +4.98e+11 -1.99e-01 1.2e+00 1.0e+00 3.00e-01
13 1.2e+10 8.6e-87 3.4e-94 +1.38e+11 -3.05e-01 9.7e-01 9.7e-01 1.00e-01
14 1.5e+09 6.9e-87 6.0e-94 +1.75e+10 -3.07e-01 9.9e-01 9.9e-01 1.00e-01
15 1.6e+08 1.2e-86 1.3e-93 +1.88e+09 -3.09e-01 1.0e+00 1.0e+00 1.00e-01
16 1.6e+07 1.0e-86 3.9e-93 +1.89e+08 -3.10e-01 1.0e+00 1.0e+00 1.00e-01
17 1.6e+06 1.3e-86 1.5e-92 +1.89e+07 -3.12e-01 1.0e+00 1.0e+00 1.00e-01
18 1.6e+05 1.5e-86 4.7e-92 +1.89e+06 -3.14e-01 1.0e+00 1.0e+00 1.00e-01
19 1.6e+04 1.6e-86 1.0e-91 +1.89e+05 -3.15e-01 1.0e+00 1.0e+00 1.00e-01
20 1.6e+03 1.7e-86 3.2e-91 +1.89e+04 -3.16e-01 1.0e+00 1.0e+00 1.00e-01
21 1.6e+02 1.8e-86 1.8e-90 +1.89e+03 -3.17e-01 1.0e+00 1.0e+00 1.00e-01
22 1.6e+01 2.1e-86 6.0e-90 +1.89e+02 -3.18e-01 1.0e+00 9.0e+01 1.00e-01
23 1.6e+00 2.1e-86 3.4e-87 +1.90e+01 -2.03e-01 9.8e-01 1.9e+01 1.00e-01
24 1.8e-01 2.3e-86 5.9e-86 +1.99e+00 -1.70e-01 9.4e-01 1.7e+00 1.00e-01
25 2.4e-02 2.4e-86 4.4e-86 +2.27e-01 -5.95e-02 9.0e-01 9.8e-01 1.00e-01
26 4.4e-03 2.2e-86 8.7e-88 +2.88e-02 -2.34e-02 9.0e-01 8.7e-01 1.00e-01
27 8.6e-04 2.4e-86 7.5e-89 +3.29e-03 -7.08e-03 9.4e-01 9.3e-01 1.00e-01
28 1.4e-04 2.3e-86 1.8e-89 +3.43e-04 -1.34e-03 9.5e-01 9.8e-01 1.00e-01
29 1.8e-05 2.2e-86 2.1e-89 +1.70e-05 -1.93e-04 1.0e+00 9.4e-01 1.00e-01
30 2.5e-06 2.2e-86 2.4e-89 -1.72e-05 -4.70e-05 1.0e+00 9.7e-01 1.00e-01
31 3.1e-07 2.2e-86 7.2e-88 -2.09e-05 -2.47e-05 1.0e+00 9.7e-01 1.00e-01
32 3.7e-08 2.3e-86 3.3e-88 -2.13e-05 -2.18e-05 1.1e+00 9.8e-01 1.00e-01
33 4.0e-09 2.3e-86 7.2e-86 -2.13e-05 -2.14e-05 1.1e+00 9.9e-01 1.00e-01
34 4.1e-10 2.2e-86 6.7e-88 -2.14e-05 -2.14e-05 1.1e+00 9.9e-01 1.00e-01
35 4.1e-11 2.3e-86 7.2e-89 -2.14e-05 -2.14e-05 1.1e+00 9.9e-01 1.00e-01
36 4.1e-12 2.2e-86 9.8e-89 -2.14e-05 -2.14e-05 1.1e+00 9.9e-01 1.00e-01
37 4.1e-13 2.2e-86 2.2e-88 -2.14e-05 -2.14e-05 1.1e+00 9.9e-01 1.00e-01
38 4.1e-14 2.2e-86 2.5e-88 -2.14e-05 -2.14e-05 1.1e+00 9.9e-01 1.00e-01
39 4.1e-15 2.2e-86 5.6e-88 -2.14e-05 -2.14e-05 1.1e+00 9.9e-01 1.00e-01
40 4.1e-16 2.2e-86 5.4e-88 -2.14e-05 -2.14e-05 1.1e+00 9.9e-01 1.00e-01
41 4.1e-17 2.2e-86 5.9e-88 -2.14e-05 -2.14e-05 1.1e+00 9.9e-01 1.00e-01
42 4.1e-18 2.2e-86 7.6e-88 -2.14e-05 -2.14e-05 1.1e+00 9.9e-01 1.00e-01
43 4.1e-19 2.2e-86 7.2e-88 -2.14e-05 -2.14e-05 1.1e+00 9.9e-01 1.00e-01
44 4.1e-20 2.2e-86 7.7e-88 -2.14e-05 -2.14e-05 1.1e+00 9.9e-01 1.00e-01
45 4.1e-21 2.2e-86 6.7e-88 -2.14e-05 -2.14e-05 1.1e+00 9.9e-01 1.00e-01
46 4.1e-22 2.3e-86 2.4e-79 -2.14e-05 -2.14e-05 1.1e+00 9.9e-01 1.00e-01
47 4.1e-23 2.2e-86 1.4e-79 -2.14e-05 -2.14e-05 1.1e+00 9.9e-01 1.00e-01
48 4.1e-24 2.2e-86 3.5e-80 -2.14e-05 -2.14e-05 1.1e+00 9.9e-01 1.00e-01
49 4.1e-25 2.3e-86 2.3e-80 -2.14e-05 -2.14e-05 1.1e+00 9.9e-01 1.00e-01
50 4.1e-26 2.3e-86 6.3e-81 -2.14e-05 -2.14e-05 1.1e+00 9.9e-01 1.00e-01
51 4.1e-27 2.2e-86 2.2e-81 -2.14e-05 -2.14e-05 1.1e+00 9.9e-01 1.00e-01
52 4.1e-28 2.3e-86 8.1e-82 -2.14e-05 -2.14e-05 1.1e+00 9.9e-01 1.00e-01
53 4.1e-29 2.2e-86 6.5e-81 -2.14e-05 -2.14e-05 1.1e+00 9.9e-01 1.00e-01
54 4.1e-30 2.3e-86 4.9e-80 -2.14e-05 -2.14e-05 1.1e+00 9.9e-01 1.00e-01
55 4.1e-31 2.2e-86 3.4e-79 -2.14e-05 -2.14e-05 1.1e+00 9.9e-01 1.00e-01
56 4.1e-32 2.2e-86 7.1e-78 -2.14e-05 -2.14e-05 1.1e+00 9.9e-01 1.00e-01

phase.value = pdOPT     
   Iteration = 56
          mu = 4.1214273070174104e-32
relative gap = 4.9457127684208925e-31
         gap = 4.9457127684208925e-31
      digits = 2.5635248714434827e+01
objValPrimal = -2.1353919673841053e-05
objValDual   = -2.1353919673841053e-05
p.feas.error = 2.1590421387736112e-76
d.feas.error = 8.5664327958046339e-67
relative eps = 8.6361685550944446e-78
total time   = 0.100


Parameters are
maxIteration =    200
epsilonStar  = 1.000e-30
lambdaStar   = 1.000e+10
omegaStar    = 2.000e+00
lowerBound   = -1.000e+05
upperBound   = 1.000e+05
betaStar     = 1.000e-01
betaBar      = 3.000e-01
gammaStar    = 9.000e-01
epsilonDash  = 1.000e-30
precision    =    200

                         Time(sec)  Ratio(% : MainLoop) 
 Predictor time  =       0.020000,  20.000000
 Corrector time  =       0.020000,  20.000000
 Make bMat time  =       0.020000,  20.000000
 Make bDia time  =       0.000000,  0.000000
 Make bF1  time  =       0.020000,  20.000000
 Make bF2  time  =       0.000000,  0.000000
 Make bF3  time  =       0.000000,  0.000000
 Make bPRE time  =       0.010000,  10.000000
 Make rMat time  =       0.020000,  20.000000
 Make gVec Mul   =       0.000000,  0.000000
 Make gVec time  =       0.000000,  0.000000
 Cholesky bMat   =       0.000000,  0.000000
 Ste Pre time    =       0.000000,  0.000000
 Ste Cor time    =       0.040000,  40.000000
 solve           =       0.000000,  0.000000
 sumDz           =       0.000000,  0.000000
 makedX          =       0.000000,  0.000000
 symmetriseDx    =       0.000000,  0.000000
 makedXdZ        =       0.000000,  0.000000
 xMatTime        =       0.010000,  10.000000
 zMatTime        =       0.000000,  0.000000
 invzMatTime     =       0.000000,  0.000000
 xMatzMatTime    =       0.000000,  0.000000
 EigxMatTime     =       0.020000,  20.000000
 EigzMatTime     =       0.020000,  20.000000
 EigxMatzMatTime =       0.000000,  0.000000
 updateRes       =       0.010000,  10.000000
 EigTime         =       0.040000,  40.000000
 sub_total_bMat  =       0.080000,  80.000000
 Main Loop       =       0.100000,  100.000000
 File Check      =       0.000000,  0.000000
 File Change     =       0.000000,  0.000000
 File Read       =       0.000000,  0.000000
 Total           =       0.100000,  100.000000

xVec = 
{+2.135391967384e-05,+6.524853055355e-01,+6.054838783985e-01,+6.378113507398e-01,+7.154793944199e-01,+8.318676351443e-01,+9.897964526903e-01,+1.197858383961e+00}
xMat = 
{
{ {+9.999786460803e-01,+6.524853055355e-01,+6.054838783985e-01,+6.378113507398e-01,+7.154793944199e-01,+8.318676351443e-01 },
  {+6.524853055355e-01,+6.054625244788e-01,+6.378113507398e-01,+7.154793944199e-01,+8.318676351443e-01,+9.897964526903e-01 },
  {+6.054838783985e-01,+6.378113507398e-01,+7.154580405002e-01,+8.318676351443e-01,+9.897964526903e-01,+1.197858383961e+00 },
  {+6.378113507398e-01,+7.154793944199e-01,+8.318676351443e-01,+9.897750987706e-01,+1.197858383961e+00,+1.470653078728e+00 },
  {+7.154793944199e-01,+8.318676351443e-01,+9.897964526903e-01,+1.197858383961e+00,+1.470631724809e+00,+1.832121333410e+00 },
  {+8.318676351443e-01,+9.897964526903e-01,+1.197858383961e+00,+1.470653078728e+00,+1.832121333410e+00,+2.327801498063e+00 }   }
{ {+6.524639516158e-01,+6.054838783985e-01,+6.378113507398e-01,+7.154793944199e-01,+8.318676351443e-01,+9.897964526903e-01 },
  {+6.054838783985e-01,+6.377899968201e-01,+7.154793944199e-01,+8.318676351443e-01,+9.897964526903e-01,+1.197858383961e+00 },
  {+6.378113507398e-01,+7.154793944199e-01,+8.318462812246e-01,+9.897964526903e-01,+1.197858383961e+00,+1.470653078728e+00 },
  {+7.154793944199e-01,+8.318676351443e-01,+9.897964526903e-01,+1.197837030041e+00,+1.470653078728e+00,+1.832121333410e+00 },
  {+8.318676351443e-01,+9.897964526903e-01,+1.197858383961e+00,+1.470653078728e+00,+1.832099979490e+00,+2.327822851982e+00 },
  {+9.897964526903e-01,+1.197858383961e+00,+1.470653078728e+00,+1.832121333410e+00,+2.327822851982e+00,+3.128372849129e+00 }   }
}
yMat = 
{
{ {+4.072864806407e-05,-7.133096620228e-04,+2.529513838488e-03,-3.256711555937e-03,+1.667633495618e-03,-2.679192610140e-04 },
  {-7.133096620228e-04,+1.249269735481e-02,-4.430116753141e-02,+5.703709623793e-02,-2.920644660894e-02,+4.692259787820e-03 },
  {+2.529513838488e-03,-4.430116753141e-02,+1.570992547810e-01,-2.022629608464e-01,+1.035708820498e-01,-1.663952796239e-02 },
  {-3.256711555937e-03,+5.703709623793e-02,-2.022629608464e-01,+2.604105626558e-01,-1.333459747474e-01,+2.142314549773e-02 },
  {+1.667633495618e-03,-2.920644660894e-02,+1.035708820498e-01,-1.333459747474e-01,+6.828121255913e-02,-1.096994756825e-02 },
  {-2.679192610140e-04,+4.692259787820e-03,-1.663952796239e-02,+2.142314549773e-02,-1.096994756825e-02,+1.762413775910e-03 }   }
{ {+1.263438533463e-03,-8.649177772104e-03,+1.791899473429e-02,-1.463117298695e-02,+4.468932231594e-03,-2.683439904996e-04 },
  {-8.649177772104e-03,+5.921006376812e-02,-1.226688650452e-01,+1.001612764110e-01,-3.059316959140e-02,+1.837014477898e-03 },
  {+1.791899473429e-02,-1.226688650452e-01,+2.541400818349e-01,-2.075098271627e-01,+6.338161375082e-02,-3.805847633569e-03 },
  {-1.463117298695e-02,+1.001612764110e-01,-2.075098271627e-01,+1.694354076626e-01,-5.175219752731e-02,+3.107541238468e-03 },
  {+4.468932231594e-03,-3.059316959140e-02,+6.338161375082e-02,-5.175219752731e-02,+1.580714436170e-02,-9.491645826339e-04 },
  {-2.683439904996e-04,+1.837014477898e-03,-3.805847633569e-03,+3.107541238468e-03,-9.491645826339e-04,+5.699406447565e-05 }   }
}
    main loop time = 0.100000
        total time = 0.100000
  file   read time = 0.000000
