SDPA-GMP start at Wed Jun  5 23:35:12 2024
*SDP Scan Problem: V = x^2 - 2*x^4 + x^8
* K = 6; eval = 4.572864321608041; Domain = R+ with BCs: Neumann
data      is /Users/gorg/qmBoot/data/K=6_BC-Neumann_V_0.0_0.0_1.0_0.0_-2.0_0.0_0.0_0.0_1.0/e=4.572864321608041_K=6_D=R+.dat
parameter is ./param.sdpa
out       is /Users/gorg/qmBoot/data/K=6_BC-Neumann_V_0.0_0.0_1.0_0.0_-2.0_0.0_0.0_0.0_1.0/e=4.572864321608041_K=6_D=R+.out
DENSE computation
   mu      thetaP  thetaD  objP      objD      alphaP  alphaD  beta 
 0 1.0e+20 1.0e+00 1.0e+00 +0.00e+00 -2.13e+10 1.0e+00 9.0e-01 3.00e-01
 1 1.6e+19 8.6e-88 1.0e-01 +1.60e+10 -2.13e+09 9.0e-01 9.0e-01 3.00e-01
 2 2.5e+18 1.7e-87 1.0e-02 +2.46e+10 -2.13e+08 9.0e-01 9.0e-01 3.00e-01
 3 3.8e+17 2.6e-87 1.0e-03 +3.79e+10 -2.13e+07 9.0e-01 9.0e-01 3.00e-01
 4 5.8e+16 3.5e-87 1.0e-04 +5.84e+10 -2.13e+06 9.0e-01 9.0e-01 3.00e-01
 5 9.0e+15 5.2e-87 1.0e-05 +9.00e+10 -2.13e+05 9.0e-01 9.0e-01 3.00e-01
 6 1.4e+15 6.0e-87 1.0e-06 +1.39e+11 -2.13e+04 9.0e-01 9.0e-01 3.00e-01
 7 2.1e+14 6.0e-87 1.0e-07 +2.13e+11 -2.13e+03 9.0e-01 9.0e-01 3.00e-01
 8 3.3e+13 6.9e-87 1.0e-08 +3.29e+11 -2.13e+02 9.0e-01 9.0e-01 3.00e-01
 9 5.1e+12 6.9e-87 1.0e-09 +5.05e+11 -2.15e+01 9.0e-01 9.0e-01 3.00e-01
10 8.5e+11 7.8e-87 1.0e-10 +7.66e+11 -2.30e+00 8.9e-01 8.9e-01 3.00e-01
11 2.1e+11 9.5e-87 1.2e-11 +1.03e+12 -3.81e-01 1.8e+00 9.3e-01 3.00e-01
12 4.9e+10 7.8e-87 8.2e-13 +4.94e+11 -2.02e-01 1.2e+00 1.0e+00 3.00e-01
13 1.1e+10 6.9e-87 4.0e-94 +1.37e+11 -3.13e-01 9.7e-01 9.7e-01 1.00e-01
14 1.4e+09 7.8e-87 5.7e-94 +1.73e+10 -3.15e-01 9.9e-01 9.9e-01 1.00e-01
15 1.6e+08 8.6e-87 1.9e-93 +1.87e+09 -3.17e-01 1.0e+00 1.0e+00 1.00e-01
16 1.6e+07 1.2e-86 5.1e-93 +1.88e+08 -3.19e-01 1.0e+00 1.0e+00 1.00e-01
17 1.6e+06 1.3e-86 1.9e-92 +1.88e+07 -3.21e-01 1.0e+00 1.0e+00 1.00e-01
18 1.6e+05 1.4e-86 4.4e-92 +1.88e+06 -3.22e-01 1.0e+00 1.0e+00 1.00e-01
19 1.6e+04 1.6e-86 1.1e-91 +1.88e+05 -3.23e-01 1.0e+00 1.0e+00 1.00e-01
20 1.6e+03 1.6e-86 4.3e-91 +1.88e+04 -3.25e-01 1.0e+00 1.0e+00 1.00e-01
21 1.6e+02 1.8e-86 1.5e-90 +1.88e+03 -3.26e-01 1.0e+00 1.0e+00 1.00e-01
22 1.6e+01 1.9e-86 7.0e-90 +1.88e+02 -3.26e-01 1.0e+00 9.0e+01 1.00e-01
23 1.6e+00 2.2e-86 2.7e-87 +1.89e+01 -1.99e-01 9.8e-01 2.0e+01 1.00e-01
24 1.8e-01 2.1e-86 4.8e-86 +1.98e+00 -1.87e-01 9.3e-01 1.7e+00 1.00e-01
25 2.4e-02 2.2e-86 3.3e-86 +2.30e-01 -6.33e-02 9.0e-01 9.3e-01 1.00e-01
26 4.5e-03 2.2e-86 2.1e-87 +2.89e-02 -2.51e-02 9.0e-01 8.6e-01 1.00e-01
27 9.1e-04 2.3e-86 2.7e-88 +3.31e-03 -7.62e-03 9.4e-01 9.2e-01 1.00e-01
28 1.5e-04 2.4e-86 2.3e-89 +3.52e-04 -1.44e-03 9.5e-01 9.8e-01 1.00e-01
29 1.9e-05 2.4e-86 4.3e-89 +1.86e-05 -2.07e-04 1.0e+00 9.4e-01 1.00e-01
30 2.7e-06 2.2e-86 1.6e-88 -1.71e-05 -4.93e-05 9.9e-01 9.6e-01 1.00e-01
31 3.5e-07 2.2e-86 9.5e-89 -2.11e-05 -2.53e-05 1.0e+00 9.7e-01 1.00e-01
32 4.2e-08 2.1e-86 7.2e-88 -2.16e-05 -2.21e-05 1.1e+00 9.8e-01 1.00e-01
33 4.6e-09 2.2e-86 3.5e-85 -2.16e-05 -2.17e-05 1.1e+00 9.9e-01 1.00e-01
34 4.7e-10 2.2e-86 3.8e-87 -2.16e-05 -2.16e-05 1.1e+00 9.9e-01 1.00e-01
35 4.8e-11 2.2e-86 4.5e-88 -2.16e-05 -2.16e-05 1.1e+00 9.9e-01 1.00e-01
36 4.8e-12 2.2e-86 5.2e-88 -2.16e-05 -2.16e-05 1.1e+00 9.9e-01 1.00e-01
37 4.8e-13 2.2e-86 5.0e-88 -2.16e-05 -2.16e-05 1.1e+00 9.9e-01 1.00e-01
38 4.8e-14 2.2e-86 6.0e-88 -2.16e-05 -2.16e-05 1.1e+00 9.9e-01 1.00e-01
39 4.8e-15 2.2e-86 7.3e-88 -2.16e-05 -2.16e-05 1.1e+00 9.9e-01 1.00e-01
40 4.8e-16 2.2e-86 7.7e-88 -2.16e-05 -2.16e-05 1.1e+00 9.9e-01 1.00e-01
41 4.8e-17 2.2e-86 5.9e-88 -2.16e-05 -2.16e-05 1.1e+00 9.9e-01 1.00e-01
42 4.8e-18 2.2e-86 7.1e-88 -2.16e-05 -2.16e-05 1.1e+00 9.9e-01 1.00e-01
43 4.8e-19 2.1e-86 6.5e-88 -2.16e-05 -2.16e-05 1.1e+00 9.9e-01 1.00e-01
44 4.8e-20 2.2e-86 7.6e-88 -2.16e-05 -2.16e-05 1.1e+00 9.9e-01 1.00e-01
45 4.8e-21 2.2e-86 7.6e-88 -2.16e-05 -2.16e-05 1.1e+00 9.9e-01 1.00e-01
46 4.8e-22 2.2e-86 3.3e-79 -2.16e-05 -2.16e-05 1.1e+00 9.9e-01 1.00e-01
47 4.8e-23 2.2e-86 1.6e-79 -2.16e-05 -2.16e-05 1.1e+00 9.9e-01 1.00e-01
48 4.8e-24 2.2e-86 5.3e-80 -2.16e-05 -2.16e-05 1.1e+00 9.9e-01 1.00e-01
49 4.8e-25 2.2e-86 2.4e-80 -2.16e-05 -2.16e-05 1.1e+00 9.9e-01 1.00e-01
50 4.8e-26 2.1e-86 8.2e-81 -2.16e-05 -2.16e-05 1.1e+00 9.9e-01 1.00e-01
51 4.8e-27 2.1e-86 2.7e-81 -2.16e-05 -2.16e-05 1.1e+00 9.9e-01 1.00e-01
52 4.8e-28 2.2e-86 8.0e-82 -2.16e-05 -2.16e-05 1.1e+00 9.9e-01 1.00e-01
53 4.8e-29 2.3e-86 6.2e-81 -2.16e-05 -2.16e-05 1.1e+00 9.9e-01 1.00e-01
54 4.8e-30 2.2e-86 6.9e-80 -2.16e-05 -2.16e-05 1.1e+00 9.9e-01 1.00e-01
55 4.8e-31 2.2e-86 7.6e-79 -2.16e-05 -2.16e-05 1.1e+00 9.9e-01 1.00e-01
56 4.8e-32 2.2e-86 3.6e-78 -2.16e-05 -2.16e-05 1.1e+00 9.9e-01 1.00e-01

phase.value = pdOPT     
   Iteration = 56
          mu = 4.8184024499732059e-32
relative gap = 5.7820829399678471e-31
         gap = 5.7820829399678471e-31
      digits = 2.5572732316360796e+01
objValPrimal = -2.1618055794778550e-05
objValDual   = -2.1618055794778550e-05
p.feas.error = 2.1590421387736112e-76
d.feas.error = 4.3573349775454626e-67
relative eps = 8.6361685550944446e-78
total time   = 0.110


Parameters are
maxIteration =    200
epsilonStar  = 1.000e-30
lambdaStar   = 1.000e+10
omegaStar    = 2.000e+00
lowerBound   = -1.000e+05
upperBound   = 1.000e+05
betaStar     = 1.000e-01
betaBar      = 3.000e-01
gammaStar    = 9.000e-01
epsilonDash  = 1.000e-30
precision    =    200

                         Time(sec)  Ratio(% : MainLoop) 
 Predictor time  =       0.050000,  45.454545
 Corrector time  =       0.010000,  9.090909
 Make bMat time  =       0.040000,  36.363636
 Make bDia time  =       0.000000,  0.000000
 Make bF1  time  =       0.000000,  0.000000
 Make bF2  time  =       0.030000,  27.272727
 Make bF3  time  =       0.000000,  0.000000
 Make bPRE time  =       0.010000,  9.090909
 Make rMat time  =       0.010000,  9.090909
 Make gVec Mul   =       0.000000,  0.000000
 Make gVec time  =       0.010000,  9.090909
 Cholesky bMat   =       0.000000,  0.000000
 Ste Pre time    =       0.000000,  0.000000
 Ste Cor time    =       0.040000,  36.363636
 solve           =       0.000000,  0.000000
 sumDz           =       0.000000,  0.000000
 makedX          =       0.000000,  0.000000
 symmetriseDx    =       0.000000,  0.000000
 makedXdZ        =       0.000000,  0.000000
 xMatTime        =       0.000000,  0.000000
 zMatTime        =       0.010000,  9.090909
 invzMatTime     =       0.000000,  0.000000
 xMatzMatTime    =       0.000000,  0.000000
 EigxMatTime     =       0.020000,  18.181818
 EigzMatTime     =       0.020000,  18.181818
 EigxMatzMatTime =       0.000000,  0.000000
 updateRes       =       0.000000,  0.000000
 EigTime         =       0.040000,  36.363636
 sub_total_bMat  =       0.070000,  63.636364
 Main Loop       =       0.110000,  100.000000
 File Check      =       0.000000,  0.000000
 File Change     =       0.000000,  0.000000
 File Read       =       0.000000,  0.000000
 Total           =       0.110000,  100.000000

xVec = 
{+2.161805579478e-05,+6.609016065343e-01,+6.179250489390e-01,+6.554363312485e-01,+7.401166078210e-01,+8.658707566688e-01,+1.036230004006e+00,+1.260783965195e+00}
xMat = 
{
{ {+9.999783819442e-01,+6.609016065343e-01,+6.179250489390e-01,+6.554363312485e-01,+7.401166078210e-01,+8.658707566688e-01 },
  {+6.609016065343e-01,+6.179034308832e-01,+6.554363312485e-01,+7.401166078210e-01,+8.658707566688e-01,+1.036230004006e+00 },
  {+6.179250489390e-01,+6.554363312485e-01,+7.400949897652e-01,+8.658707566688e-01,+1.036230004006e+00,+1.260783965195e+00 },
  {+6.554363312485e-01,+7.401166078210e-01,+8.658707566688e-01,+1.036208385950e+00,+1.260783965195e+00,+1.555542774131e+00 },
  {+7.401166078210e-01,+8.658707566688e-01,+1.036230004006e+00,+1.260783965195e+00,+1.555521156075e+00,+1.946520587179e+00 },
  {+8.658707566688e-01,+1.036230004006e+00,+1.260783965195e+00,+1.555542774131e+00,+1.946520587179e+00,+2.482677787364e+00 }   }
{ {+6.608799884785e-01,+6.179250489390e-01,+6.554363312485e-01,+7.401166078210e-01,+8.658707566688e-01,+1.036230004006e+00 },
  {+6.179250489390e-01,+6.554147131927e-01,+7.401166078210e-01,+8.658707566688e-01,+1.036230004006e+00,+1.260783965195e+00 },
  {+6.554363312485e-01,+7.401166078210e-01,+8.658491386130e-01,+1.036230004006e+00,+1.260783965195e+00,+1.555542774131e+00 },
  {+7.401166078210e-01,+8.658707566688e-01,+1.036230004006e+00,+1.260762347139e+00,+1.555542774131e+00,+1.946520587179e+00 },
  {+8.658707566688e-01,+1.036230004006e+00,+1.260783965195e+00,+1.555542774131e+00,+1.946498969124e+00,+2.482699405420e+00 },
  {+1.036230004006e+00,+1.260783965195e+00,+1.555542774131e+00,+1.946520587179e+00,+2.482699405420e+00,+3.344272018845e+00 }   }
}
yMat = 
{
{ {+4.285920892093e-05,-7.405190235561e-04,+2.606609310129e-03,-3.335953814618e-03,+1.698935933540e-03,-2.714523204943e-04 },
  {-7.405190235561e-04,+1.279464642617e-02,-4.503685041621e-02,+5.763842412461e-02,-2.935412039243e-02,+4.690138067769e-03 },
  {+2.606609310129e-03,-4.503685041621e-02,+1.585286398586e-01,-2.028858789108e-01,+1.033258040261e-01,-1.650917419316e-02 },
  {-3.335953814618e-03,+5.763842412461e-02,-2.028858789108e-01,+2.596545324436e-01,-1.322369672931e-01,+2.112853752646e-02 },
  {+1.698935933540e-03,-2.935412039243e-02,+1.033258040261e-01,-1.322369672931e-01,+6.734569720123e-02,-1.076035029908e-02 },
  {-2.714523204943e-04,+4.690138067769e-03,-1.650917419316e-02,+2.112853752646e-02,-1.076035029908e-02,+1.719265571086e-03 }   }
{ {+1.308491804629e-03,-8.871543528801e-03,+1.826221719991e-02,-1.482723805580e-02,+4.504378441906e-03,-2.691025709194e-04 },
  {-8.871543528801e-03,+6.014885557937e-02,-1.238174012617e-01,+1.005283237989e-01,-3.053957944268e-02,+1.824509074629e-03 },
  {+1.826221719991e-02,-1.238174012617e-01,+2.548801420664e-01,-2.069391958680e-01,+6.286622290309e-02,-3.755781718921e-03 },
  {-1.482723805580e-02,+1.005283237989e-01,-2.069391958680e-01,+1.680155638619e-01,-5.104158177781e-02,+3.049348774164e-03 },
  {+4.504378441906e-03,-3.053957944268e-02,+6.286622290309e-02,-5.104158177781e-02,+1.550596272452e-02,-9.263640894217e-04 },
  {-2.691025709194e-04,+1.824509074629e-03,-3.755781718921e-03,+3.049348774164e-03,-9.263640894217e-04,+5.534325352229e-05 }   }
}
    main loop time = 0.110000
        total time = 0.110000
  file   read time = 0.000000
