SDPA-GMP start at Wed Jun  5 23:35:12 2024
*SDP Scan Problem: V = x^2 - 2*x^4 + x^8
* K = 6; eval = 4.773869346733669; Domain = R+ with BCs: Neumann
data      is /Users/gorg/qmBoot/data/K=6_BC-Neumann_V_0.0_0.0_1.0_0.0_-2.0_0.0_0.0_0.0_1.0/e=4.773869346733669_K=6_D=R+.dat
parameter is ./param.sdpa
out       is /Users/gorg/qmBoot/data/K=6_BC-Neumann_V_0.0_0.0_1.0_0.0_-2.0_0.0_0.0_0.0_1.0/e=4.773869346733669_K=6_D=R+.out
DENSE computation
   mu      thetaP  thetaD  objP      objD      alphaP  alphaD  beta 
 0 1.0e+20 1.0e+00 1.0e+00 +0.00e+00 -2.17e+10 1.0e+00 9.0e-01 3.00e-01
 1 1.6e+19 8.6e-88 1.0e-01 +1.60e+10 -2.17e+09 9.0e-01 9.0e-01 3.00e-01
 2 2.5e+18 2.6e-87 1.0e-02 +2.46e+10 -2.17e+08 9.0e-01 9.0e-01 3.00e-01
 3 3.8e+17 1.7e-87 1.0e-03 +3.79e+10 -2.17e+07 9.0e-01 9.0e-01 3.00e-01
 4 5.8e+16 2.6e-87 1.0e-04 +5.84e+10 -2.17e+06 9.0e-01 9.0e-01 3.00e-01
 5 9.0e+15 3.5e-87 1.0e-05 +9.00e+10 -2.17e+05 9.0e-01 9.0e-01 3.00e-01
 6 1.4e+15 6.9e-87 1.0e-06 +1.39e+11 -2.17e+04 9.0e-01 9.0e-01 3.00e-01
 7 2.1e+14 5.2e-87 1.0e-07 +2.13e+11 -2.17e+03 9.0e-01 9.0e-01 3.00e-01
 8 3.3e+13 6.0e-87 1.0e-08 +3.29e+11 -2.17e+02 9.0e-01 9.0e-01 3.00e-01
 9 5.1e+12 6.9e-87 1.0e-09 +5.05e+11 -2.19e+01 9.0e-01 9.0e-01 3.00e-01
10 8.5e+11 6.9e-87 1.0e-10 +7.66e+11 -2.34e+00 8.9e-01 8.9e-01 3.00e-01
11 2.1e+11 8.6e-87 1.2e-11 +1.03e+12 -3.87e-01 1.8e+00 9.3e-01 3.00e-01
12 4.9e+10 9.5e-87 8.3e-13 +4.91e+11 -2.05e-01 1.2e+00 1.0e+00 3.00e-01
13 1.1e+10 1.1e-86 4.8e-94 +1.36e+11 -3.19e-01 9.7e-01 9.7e-01 1.00e-01
14 1.4e+09 1.3e-86 5.7e-94 +1.72e+10 -3.21e-01 9.9e-01 9.9e-01 1.00e-01
15 1.6e+08 1.3e-86 1.6e-93 +1.86e+09 -3.23e-01 1.0e+00 1.0e+00 1.00e-01
16 1.6e+07 1.6e-86 4.4e-93 +1.88e+08 -3.25e-01 1.0e+00 1.0e+00 1.00e-01
17 1.6e+06 1.7e-86 1.6e-92 +1.88e+07 -3.26e-01 1.0e+00 1.0e+00 1.00e-01
18 1.6e+05 1.9e-86 4.3e-92 +1.88e+06 -3.28e-01 1.0e+00 1.0e+00 1.00e-01
19 1.6e+04 2.2e-86 1.3e-91 +1.88e+05 -3.29e-01 1.0e+00 1.0e+00 1.00e-01
20 1.6e+03 2.1e-86 4.7e-91 +1.88e+04 -3.30e-01 1.0e+00 1.0e+00 1.00e-01
21 1.6e+02 2.2e-86 8.9e-91 +1.88e+03 -3.31e-01 1.0e+00 1.0e+00 1.00e-01
22 1.6e+01 2.3e-86 5.1e-90 +1.88e+02 -3.32e-01 1.0e+00 9.0e+01 1.00e-01
23 1.6e+00 2.4e-86 3.0e-87 +1.89e+01 -1.97e-01 9.8e-01 9.8e-01 1.00e-01
24 1.8e-01 2.8e-86 1.8e-88 +1.97e+00 -1.97e-01 9.2e-01 1.8e+00 1.00e-01
25 2.6e-02 2.5e-86 2.8e-88 +2.52e-01 -5.97e-02 8.9e-01 1.1e+00 1.00e-01
26 4.5e-03 2.6e-86 7.2e-89 +3.18e-02 -2.21e-02 9.0e-01 9.2e-01 1.00e-01
27 8.4e-04 2.6e-86 7.2e-89 +3.67e-03 -6.41e-03 9.1e-01 9.5e-01 1.00e-01
28 1.3e-04 2.6e-86 2.0e-89 +3.89e-04 -1.18e-03 9.2e-01 9.7e-01 1.00e-01
29 1.8e-05 2.5e-86 1.5e-89 +2.13e-05 -1.96e-04 1.0e+00 9.4e-01 1.00e-01
30 2.5e-06 2.5e-86 2.0e-89 -1.73e-05 -4.79e-05 1.0e+00 9.8e-01 1.00e-01
31 3.0e-07 2.5e-86 7.5e-89 -2.13e-05 -2.49e-05 1.0e+00 9.8e-01 1.00e-01
32 3.3e-08 2.6e-86 1.6e-88 -2.17e-05 -2.21e-05 1.1e+00 9.9e-01 1.00e-01
33 3.4e-09 2.3e-86 5.0e-89 -2.18e-05 -2.18e-05 1.1e+00 9.9e-01 1.00e-01
34 3.4e-10 2.6e-86 6.9e-89 -2.18e-05 -2.18e-05 1.1e+00 9.9e-01 1.00e-01
35 3.4e-11 2.6e-86 3.2e-90 -2.18e-05 -2.18e-05 1.1e+00 9.9e-01 1.00e-01
36 3.4e-12 2.5e-86 4.8e-89 -2.18e-05 -2.18e-05 1.1e+00 9.9e-01 1.00e-01
37 3.4e-13 2.5e-86 2.3e-90 -2.18e-05 -2.18e-05 1.1e+00 9.9e-01 1.00e-01
38 3.4e-14 2.5e-86 2.6e-90 -2.18e-05 -2.18e-05 1.1e+00 9.9e-01 1.00e-01
39 3.4e-15 2.5e-86 2.7e-89 -2.18e-05 -2.18e-05 1.1e+00 9.9e-01 1.00e-01
40 3.4e-16 2.5e-86 1.2e-89 -2.18e-05 -2.18e-05 1.1e+00 9.9e-01 1.00e-01
41 3.4e-17 2.7e-86 2.0e-89 -2.18e-05 -2.18e-05 1.1e+00 9.9e-01 1.00e-01
42 3.4e-18 2.5e-86 1.5e-89 -2.18e-05 -2.18e-05 1.1e+00 9.9e-01 1.00e-01
43 3.4e-19 2.5e-86 1.2e-89 -2.18e-05 -2.18e-05 1.1e+00 9.9e-01 1.00e-01
44 3.4e-20 2.5e-86 5.3e-90 -2.18e-05 -2.18e-05 1.1e+00 9.9e-01 1.00e-01
45 3.4e-21 2.6e-86 9.2e-80 -2.18e-05 -2.18e-05 1.1e+00 9.9e-01 1.00e-01
46 3.4e-22 2.6e-86 4.4e-80 -2.18e-05 -2.18e-05 1.1e+00 9.9e-01 1.00e-01
47 3.4e-23 2.6e-86 4.1e-80 -2.18e-05 -2.18e-05 1.1e+00 9.9e-01 1.00e-01
48 3.4e-24 2.6e-86 1.5e-80 -2.18e-05 -2.18e-05 1.1e+00 9.9e-01 1.00e-01
49 3.4e-25 2.5e-86 6.3e-81 -2.18e-05 -2.18e-05 1.1e+00 9.9e-01 1.00e-01
50 3.4e-26 2.4e-86 2.4e-81 -2.18e-05 -2.18e-05 1.1e+00 9.9e-01 1.00e-01
51 3.4e-27 2.6e-86 6.1e-82 -2.18e-05 -2.18e-05 1.1e+00 9.9e-01 1.00e-01
52 3.4e-28 2.4e-86 5.0e-82 -2.18e-05 -2.18e-05 1.1e+00 9.9e-01 1.00e-01
53 3.4e-29 2.5e-86 3.6e-81 -2.18e-05 -2.18e-05 1.1e+00 9.9e-01 1.00e-01
54 3.4e-30 2.5e-86 4.8e-80 -2.18e-05 -2.18e-05 1.1e+00 9.9e-01 1.00e-01
55 3.4e-31 2.5e-86 3.4e-79 -2.18e-05 -2.18e-05 1.1e+00 9.9e-01 1.00e-01
56 3.4e-32 2.4e-86 1.3e-77 -2.18e-05 -2.18e-05 1.1e+00 9.9e-01 1.00e-01

phase.value = pdOPT     
   Iteration = 56
          mu = 3.3918325199042174e-32
relative gap = 4.0701990238850609e-31
         gap = 4.0701990238850609e-31
      digits = 2.5728468837512299e+01
objValPrimal = -2.1781334434789620e-05
objValDual   = -2.1781334434789620e-05
p.feas.error = 2.4181271954264445e-76
d.feas.error = 1.5435382867041622e-66
relative eps = 8.6361685550944446e-78
total time   = 0.110


Parameters are
maxIteration =    200
epsilonStar  = 1.000e-30
lambdaStar   = 1.000e+10
omegaStar    = 2.000e+00
lowerBound   = -1.000e+05
upperBound   = 1.000e+05
betaStar     = 1.000e-01
betaBar      = 3.000e-01
gammaStar    = 9.000e-01
epsilonDash  = 1.000e-30
precision    =    200

                         Time(sec)  Ratio(% : MainLoop) 
 Predictor time  =       0.030000,  27.272727
 Corrector time  =       0.010000,  9.090909
 Make bMat time  =       0.030000,  27.272727
 Make bDia time  =       0.000000,  0.000000
 Make bF1  time  =       0.030000,  27.272727
 Make bF2  time  =       0.000000,  0.000000
 Make bF3  time  =       0.000000,  0.000000
 Make bPRE time  =       0.030000,  27.272727
 Make rMat time  =       0.010000,  9.090909
 Make gVec Mul   =       0.000000,  0.000000
 Make gVec time  =       0.000000,  0.000000
 Cholesky bMat   =       0.000000,  0.000000
 Ste Pre time    =       0.000000,  0.000000
 Ste Cor time    =       0.050000,  45.454545
 solve           =       0.000000,  0.000000
 sumDz           =       0.000000,  0.000000
 makedX          =       0.000000,  0.000000
 symmetriseDx    =       0.000000,  0.000000
 makedXdZ        =       0.000000,  0.000000
 xMatTime        =       0.000000,  0.000000
 zMatTime        =       0.000000,  0.000000
 invzMatTime     =       0.000000,  0.000000
 xMatzMatTime    =       0.000000,  0.000000
 EigxMatTime     =       0.030000,  27.272727
 EigzMatTime     =       0.020000,  18.181818
 EigxMatzMatTime =       0.000000,  0.000000
 updateRes       =       0.010000,  9.090909
 EigTime         =       0.050000,  45.454545
 sub_total_bMat  =       0.080000,  72.727273
 Main Loop       =       0.110000,  100.000000
 File Check      =       0.000000,  0.000000
 File Change     =       0.000000,  0.000000
 File Read       =       0.000000,  0.000000
 Total           =       0.110000,  100.000000

xVec = 
{+2.178133443479e-05,+6.661238007964e-01,+6.257223199580e-01,+6.665975171922e-01,+7.558708466140e-01,+8.878073505746e-01,+1.066427641639e+00,+1.302008089354e+00}
xMat = 
{
{ {+9.999782186656e-01,+6.661238007964e-01,+6.257223199580e-01,+6.665975171922e-01,+7.558708466140e-01,+8.878073505746e-01 },
  {+6.661238007964e-01,+6.257005386236e-01,+6.665975171922e-01,+7.558708466140e-01,+8.878073505746e-01,+1.066427641639e+00 },
  {+6.257223199580e-01,+6.665975171922e-01,+7.558490652796e-01,+8.878073505746e-01,+1.066427641639e+00,+1.302008089354e+00 },
  {+6.665975171922e-01,+7.558708466140e-01,+8.878073505746e-01,+1.066405860305e+00,+1.302008089354e+00,+1.611529957300e+00 },
  {+7.558708466140e-01,+8.878073505746e-01,+1.066427641639e+00,+1.302008089354e+00,+1.611508175966e+00,+2.022430803561e+00 },
  {+8.878073505746e-01,+1.066427641639e+00,+1.302008089354e+00,+1.611529957300e+00,+2.022430803561e+00,+2.585998624148e+00 }   }
{ {+6.661020194620e-01,+6.257223199580e-01,+6.665975171922e-01,+7.558708466140e-01,+8.878073505746e-01,+1.066427641639e+00 },
  {+6.257223199580e-01,+6.665757358578e-01,+7.558708466140e-01,+8.878073505746e-01,+1.066427641639e+00,+1.302008089354e+00 },
  {+6.665975171922e-01,+7.558708466140e-01,+8.877855692402e-01,+1.066427641639e+00,+1.302008089354e+00,+1.611529957300e+00 },
  {+7.558708466140e-01,+8.878073505746e-01,+1.066427641639e+00,+1.301986308020e+00,+1.611529957300e+00,+2.022430803561e+00 },
  {+8.878073505746e-01,+1.066427641639e+00,+1.302008089354e+00,+1.611529957300e+00,+2.022409022226e+00,+2.586020405483e+00 },
  {+1.066427641639e+00,+1.302008089354e+00,+1.611529957300e+00,+2.022430803561e+00,+2.586020405483e+00,+3.488828336151e+00 }   }
}
yMat = 
{
{ {+4.424780484436e-05,-7.580472355019e-04,+2.655954533816e-03,-3.386419853491e-03,+1.718785379829e-03,-2.736903017403e-04 },
  {-7.580472355019e-04,+1.298675975618e-02,-4.550144349668e-02,+5.801567370896e-02,-2.944599195787e-02,+4.688824165350e-03 },
  {+2.655954533816e-03,-4.550144349668e-02,+1.594224732845e-01,-2.032683247207e-01,+1.031693173994e-01,-1.642813695110e-02 },
  {-3.386419853491e-03,+5.801567370896e-02,-2.032683247207e-01,+2.591730700417e-01,-1.315439026776e-01,+2.094635597814e-02 },
  {+1.718785379829e-03,-2.944599195787e-02,+1.031693173994e-01,-1.315439026776e-01,+6.676541790730e-02,-1.063137235592e-02 },
  {-2.736903017403e-04,+4.688824165350e-03,-1.642813695110e-02,+2.094635597814e-02,-1.063137235592e-02,+1.692883557279e-03 }   }
{ {+1.337428078767e-03,-9.013167475659e-03,+1.847946136260e-02,-1.495063230310e-02,+4.526597251408e-03,-2.695783096573e-04 },
  {-9.013167475659e-03,+6.074135068194e-02,-1.245364014449e-01,+1.007549900844e-01,-3.050554999519e-02,+1.816736534338e-03 },
  {+1.847946136260e-02,-1.245364014449e-01,+2.553337242377e-01,-2.065753189855e-01,+6.254473069576e-02,-3.724807364668e-03 },
  {-1.495063230310e-02,+1.007549900844e-01,-2.065753189855e-01,+1.671277953641e-01,-5.060121898471e-02,+3.013519940669e-03 },
  {+4.526597251408e-03,-3.050554999519e-02,+6.254473069576e-02,-5.060121898471e-02,+1.532051181051e-02,-9.124022853315e-04 },
  {-2.695783096573e-04,+1.816736534338e-03,-3.724807364668e-03,+3.013519940669e-03,-9.124022853315e-04,+5.433747518195e-05 }   }
}
    main loop time = 0.110000
        total time = 0.110000
  file   read time = 0.000000
