SDPA-GMP start at Wed Jun  5 23:35:12 2024
*SDP Scan Problem: V = x^2 - 2*x^4 + x^8
* K = 6; eval = 4.673366834170855; Domain = R+ with BCs: Neumann
data      is /Users/gorg/qmBoot/data/K=6_BC-Neumann_V_0.0_0.0_1.0_0.0_-2.0_0.0_0.0_0.0_1.0/e=4.673366834170855_K=6_D=R+.dat
parameter is ./param.sdpa
out       is /Users/gorg/qmBoot/data/K=6_BC-Neumann_V_0.0_0.0_1.0_0.0_-2.0_0.0_0.0_0.0_1.0/e=4.673366834170855_K=6_D=R+.out
DENSE computation
   mu      thetaP  thetaD  objP      objD      alphaP  alphaD  beta 
 0 1.0e+20 1.0e+00 1.0e+00 +0.00e+00 -2.15e+10 1.0e+00 9.0e-01 3.00e-01
 1 1.6e+19 8.6e-88 1.0e-01 +1.60e+10 -2.15e+09 9.0e-01 9.0e-01 3.00e-01
 2 2.5e+18 2.6e-87 1.0e-02 +2.46e+10 -2.15e+08 9.0e-01 9.0e-01 3.00e-01
 3 3.8e+17 1.7e-87 1.0e-03 +3.79e+10 -2.15e+07 9.0e-01 9.0e-01 3.00e-01
 4 5.8e+16 2.6e-87 1.0e-04 +5.84e+10 -2.15e+06 9.0e-01 9.0e-01 3.00e-01
 5 9.0e+15 3.5e-87 1.0e-05 +9.00e+10 -2.15e+05 9.0e-01 9.0e-01 3.00e-01
 6 1.4e+15 2.6e-87 1.0e-06 +1.39e+11 -2.15e+04 9.0e-01 9.0e-01 3.00e-01
 7 2.1e+14 2.6e-87 1.0e-07 +2.13e+11 -2.15e+03 9.0e-01 9.0e-01 3.00e-01
 8 3.3e+13 3.5e-87 1.0e-08 +3.29e+11 -2.15e+02 9.0e-01 9.0e-01 3.00e-01
 9 5.1e+12 3.5e-87 1.0e-09 +5.05e+11 -2.17e+01 9.0e-01 9.0e-01 3.00e-01
10 8.5e+11 4.3e-87 1.0e-10 +7.66e+11 -2.32e+00 8.9e-01 8.9e-01 3.00e-01
11 2.1e+11 5.2e-87 1.2e-11 +1.03e+12 -3.84e-01 1.8e+00 9.3e-01 3.00e-01
12 4.9e+10 5.2e-87 8.3e-13 +4.93e+11 -2.04e-01 1.2e+00 1.0e+00 3.00e-01
13 1.1e+10 5.2e-87 2.7e-94 +1.36e+11 -3.16e-01 9.7e-01 9.7e-01 1.00e-01
14 1.4e+09 6.0e-87 4.2e-94 +1.73e+10 -3.18e-01 9.9e-01 9.9e-01 1.00e-01
15 1.6e+08 6.9e-87 9.5e-94 +1.87e+09 -3.20e-01 1.0e+00 1.0e+00 1.00e-01
16 1.6e+07 8.6e-87 5.3e-93 +1.88e+08 -3.22e-01 1.0e+00 1.0e+00 1.00e-01
17 1.6e+06 9.5e-87 1.1e-92 +1.88e+07 -3.23e-01 1.0e+00 1.0e+00 1.00e-01
18 1.6e+05 1.1e-86 4.6e-92 +1.88e+06 -3.25e-01 1.0e+00 1.0e+00 1.00e-01
19 1.6e+04 1.2e-86 2.1e-91 +1.88e+05 -3.26e-01 1.0e+00 1.0e+00 1.00e-01
20 1.6e+03 1.3e-86 4.5e-91 +1.88e+04 -3.27e-01 1.0e+00 1.0e+00 1.00e-01
21 1.6e+02 1.5e-86 1.4e-90 +1.88e+03 -3.28e-01 1.0e+00 1.0e+00 1.00e-01
22 1.6e+01 1.7e-86 5.5e-90 +1.88e+02 -3.29e-01 1.0e+00 9.0e+01 1.00e-01
23 1.6e+00 1.9e-86 2.1e-87 +1.89e+01 -1.98e-01 9.8e-01 2.0e+01 1.00e-01
24 1.8e-01 2.0e-86 3.6e-86 +1.98e+00 -1.93e-01 9.3e-01 1.7e+00 1.00e-01
25 2.5e-02 2.1e-86 2.4e-86 +2.31e-01 -6.49e-02 9.0e-01 9.2e-01 1.00e-01
26 4.5e-03 2.0e-86 1.9e-87 +2.89e-02 -2.56e-02 9.1e-01 8.6e-01 1.00e-01
27 9.3e-04 2.0e-86 2.4e-88 +3.31e-03 -7.81e-03 9.5e-01 9.2e-01 1.00e-01
28 1.5e-04 2.1e-86 2.4e-89 +3.55e-04 -1.48e-03 9.5e-01 9.8e-01 1.00e-01
29 1.9e-05 1.9e-86 3.0e-89 +1.91e-05 -2.12e-04 1.0e+00 9.4e-01 1.00e-01
30 2.8e-06 1.9e-86 7.2e-89 -1.71e-05 -5.03e-05 9.9e-01 9.6e-01 1.00e-01
31 3.7e-07 1.9e-86 3.9e-88 -2.12e-05 -2.56e-05 1.0e+00 9.7e-01 1.00e-01
32 4.4e-08 1.9e-86 7.9e-88 -2.16e-05 -2.22e-05 1.1e+00 9.8e-01 1.00e-01
33 4.9e-09 1.9e-86 1.0e-85 -2.17e-05 -2.18e-05 1.1e+00 9.9e-01 1.00e-01
34 5.0e-10 2.0e-86 1.5e-87 -2.17e-05 -2.17e-05 1.1e+00 9.9e-01 1.00e-01
35 5.1e-11 1.8e-86 5.5e-88 -2.17e-05 -2.17e-05 1.1e+00 9.9e-01 1.00e-01
36 5.1e-12 1.9e-86 6.2e-88 -2.17e-05 -2.17e-05 1.1e+00 9.9e-01 1.00e-01
37 5.1e-13 1.8e-86 6.8e-88 -2.17e-05 -2.17e-05 1.1e+00 9.9e-01 1.00e-01
38 5.1e-14 2.0e-86 4.8e-88 -2.17e-05 -2.17e-05 1.1e+00 9.9e-01 1.00e-01
39 5.1e-15 1.8e-86 6.0e-88 -2.17e-05 -2.17e-05 1.1e+00 9.9e-01 1.00e-01
40 5.1e-16 1.9e-86 6.0e-88 -2.17e-05 -2.17e-05 1.1e+00 9.9e-01 1.00e-01
41 5.1e-17 2.0e-86 6.3e-88 -2.17e-05 -2.17e-05 1.1e+00 9.9e-01 1.00e-01
42 5.1e-18 1.9e-86 5.0e-88 -2.17e-05 -2.17e-05 1.1e+00 9.9e-01 1.00e-01
43 5.1e-19 2.0e-86 7.6e-88 -2.17e-05 -2.17e-05 1.1e+00 9.9e-01 1.00e-01
44 5.1e-20 1.9e-86 5.3e-88 -2.17e-05 -2.17e-05 1.1e+00 9.9e-01 1.00e-01
45 5.1e-21 1.9e-86 7.2e-88 -2.17e-05 -2.17e-05 1.1e+00 9.9e-01 1.00e-01
46 5.1e-22 1.9e-86 2.0e-79 -2.17e-05 -2.17e-05 1.1e+00 9.9e-01 1.00e-01
47 5.1e-23 1.9e-86 2.5e-79 -2.17e-05 -2.17e-05 1.1e+00 9.9e-01 1.00e-01
48 5.1e-24 2.0e-86 7.3e-80 -2.17e-05 -2.17e-05 1.1e+00 9.9e-01 1.00e-01
49 5.1e-25 2.0e-86 3.4e-80 -2.17e-05 -2.17e-05 1.1e+00 9.9e-01 1.00e-01
50 5.1e-26 2.0e-86 1.0e-80 -2.17e-05 -2.17e-05 1.1e+00 9.9e-01 1.00e-01
51 5.1e-27 1.9e-86 2.8e-81 -2.17e-05 -2.17e-05 1.1e+00 9.9e-01 1.00e-01
52 5.1e-28 2.0e-86 1.2e-81 -2.17e-05 -2.17e-05 1.1e+00 9.9e-01 1.00e-01
53 5.1e-29 2.0e-86 5.0e-81 -2.17e-05 -2.17e-05 1.1e+00 9.9e-01 1.00e-01
54 5.1e-30 1.9e-86 5.8e-80 -2.17e-05 -2.17e-05 1.1e+00 9.9e-01 1.00e-01
55 5.1e-31 1.9e-86 8.0e-79 -2.17e-05 -2.17e-05 1.1e+00 9.9e-01 1.00e-01
56 5.1e-32 1.9e-86 4.4e-78 -2.17e-05 -2.17e-05 1.1e+00 9.9e-01 1.00e-01

phase.value = pdOPT     
   Iteration = 56
          mu = 5.1167502291918545e-32
relative gap = 6.1401002750302254e-31
         gap = 6.1401002750302254e-31
      digits = 2.5548300868494284e+01
objValPrimal = -2.1700829372229516e-05
objValDual   = -2.1700829372229516e-05
p.feas.error = 1.8999570821207778e-76
d.feas.error = 5.2910505771236441e-67
relative eps = 8.6361685550944446e-78
total time   = 0.110


Parameters are
maxIteration =    200
epsilonStar  = 1.000e-30
lambdaStar   = 1.000e+10
omegaStar    = 2.000e+00
lowerBound   = -1.000e+05
upperBound   = 1.000e+05
betaStar     = 1.000e-01
betaBar      = 3.000e-01
gammaStar    = 9.000e-01
epsilonDash  = 1.000e-30
precision    =    200

                         Time(sec)  Ratio(% : MainLoop) 
 Predictor time  =       0.060000,  54.545455
 Corrector time  =       0.020000,  18.181818
 Make bMat time  =       0.040000,  36.363636
 Make bDia time  =       0.000000,  0.000000
 Make bF1  time  =       0.010000,  9.090909
 Make bF2  time  =       0.010000,  9.090909
 Make bF3  time  =       0.010000,  9.090909
 Make bPRE time  =       0.010000,  9.090909
 Make rMat time  =       0.020000,  18.181818
 Make gVec Mul   =       0.000000,  0.000000
 Make gVec time  =       0.000000,  0.000000
 Cholesky bMat   =       0.010000,  9.090909
 Ste Pre time    =       0.000000,  0.000000
 Ste Cor time    =       0.020000,  18.181818
 solve           =       0.000000,  0.000000
 sumDz           =       0.010000,  9.090909
 makedX          =       0.000000,  0.000000
 symmetriseDx    =       0.000000,  0.000000
 makedXdZ        =       0.010000,  9.090909
 xMatTime        =       0.000000,  0.000000
 zMatTime        =       0.010000,  9.090909
 invzMatTime     =       0.000000,  0.000000
 xMatzMatTime    =       0.000000,  0.000000
 EigxMatTime     =       0.010000,  9.090909
 EigzMatTime     =       0.000000,  0.000000
 EigxMatzMatTime =       0.000000,  0.000000
 updateRes       =       0.000000,  0.000000
 EigTime         =       0.010000,  9.090909
 sub_total_bMat  =       0.070000,  63.636364
 Main Loop       =       0.110000,  100.000000
 File Check      =       0.000000,  0.000000
 File Change     =       0.000000,  0.000000
 File Read       =       0.000000,  0.000000
 Total           =       0.110000,  100.000000

xVec = 
{+2.170082937223e-05,+6.635489261925e-01,+6.218699527788e-01,+6.610718456622e-01,+7.480564426386e-01,+8.769077181601e-01,+1.051400070775e+00,+1.281464322293e+00}
xMat = 
{
{ {+9.999782991706e-01,+6.635489261925e-01,+6.218699527788e-01,+6.610718456622e-01,+7.480564426386e-01,+8.769077181601e-01 },
  {+6.635489261925e-01,+6.218482519494e-01,+6.610718456622e-01,+7.480564426386e-01,+8.769077181601e-01,+1.051400070775e+00 },
  {+6.218699527788e-01,+6.610718456622e-01,+7.480347418092e-01,+8.769077181601e-01,+1.051400070775e+00,+1.281464322293e+00 },
  {+6.610718456622e-01,+7.480564426386e-01,+8.769077181601e-01,+1.051378369945e+00,+1.281464322293e+00,+1.583593116889e+00 },
  {+7.480564426386e-01,+8.769077181601e-01,+1.051400070775e+00,+1.281464322293e+00,+1.583571416060e+00,+1.984508181761e+00 },
  {+8.769077181601e-01,+1.051400070775e+00,+1.281464322293e+00,+1.583593116889e+00,+1.984508181761e+00,+2.534328895548e+00 }   }
{ {+6.635272253632e-01,+6.218699527788e-01,+6.610718456622e-01,+7.480564426386e-01,+8.769077181601e-01,+1.051400070775e+00 },
  {+6.218699527788e-01,+6.610501448329e-01,+7.480564426386e-01,+8.769077181601e-01,+1.051400070775e+00,+1.281464322293e+00 },
  {+6.610718456622e-01,+7.480564426386e-01,+8.768860173307e-01,+1.051400070775e+00,+1.281464322293e+00,+1.583593116889e+00 },
  {+7.480564426386e-01,+8.769077181601e-01,+1.051400070775e+00,+1.281442621463e+00,+1.583593116889e+00,+1.984508181761e+00 },
  {+8.769077181601e-01,+1.051400070775e+00,+1.281464322293e+00,+1.583593116889e+00,+1.984486480932e+00,+2.534350596377e+00 },
  {+1.051400070775e+00,+1.281464322293e+00,+1.583593116889e+00,+1.984508181761e+00,+2.534350596377e+00,+3.416484772665e+00 }   }
}
yMat = 
{
{ {+4.355654890138e-05,-7.493409216207e-04,+2.631475392381e-03,-3.361410109807e-03,+1.708957680470e-03,-2.725827707943e-04 },
  {-7.493409216207e-04,+1.289155892692e-02,-4.527154344146e-02,+5.782924068046e-02,-2.940067465385e-02,+4.689476779884e-03 },
  {+2.631475392381e-03,-4.527154344146e-02,+1.589809779554e-01,-2.030800926787e-01,+1.032469329229e-01,-1.646812871599e-02 },
  {-3.361410109807e-03,+5.782924068046e-02,-2.030800926787e-01,+2.594116892019e-01,-1.318861978108e-01,+2.103615884678e-02 },
  {+1.708957680470e-03,-2.940067465385e-02,+1.032469329229e-01,-1.318861978108e-01,+6.705160136192e-02,-1.069488817324e-02 },
  {-2.725827707943e-04,+4.689476779884e-03,-1.646812871599e-02,+2.103615884678e-02,-1.069488817324e-02,+1.705859826088e-03 }   }
{ {+1.323063304351e-03,-8.942973731943e-03,+1.837191866869e-02,-1.488962061225e-02,+4.515622875680e-03,-2.693436932506e-04 },
  {-8.942973731943e-03,+6.044818785862e-02,-1.241811979209e-01,+1.006433218849e-01,-3.052242219082e-02,+1.820573184733e-03 },
  {+1.837191866869e-02,-1.241811979209e-01,+2.551105411654e-01,-2.067557145575e-01,+6.270346697522e-02,-3.740078354567e-03 },
  {-1.488962061225e-02,+1.006433218849e-01,-2.067557145575e-01,+1.675662844307e-01,-5.081836313181e-02,+3.031166682361e-03 },
  {+4.515622875680e-03,-3.052242219082e-02,+6.270346697522e-02,-5.081836313181e-02,+1.541184755734e-02,-9.192716166061e-04 },
  {-2.693436932506e-04,+1.820573184733e-03,-3.740078354567e-03,+3.031166682361e-03,-9.192716166061e-04,+5.483186243266e-05 }   }
}
    main loop time = 0.110000
        total time = 0.110000
  file   read time = 0.000000
