SDPA-GMP start at Wed Jun  5 23:35:12 2024
*SDP Scan Problem: V = x^2 - 2*x^4 + x^8
* K = 6; eval = 4.874371859296483; Domain = R+ with BCs: Neumann
data      is /Users/gorg/qmBoot/data/K=6_BC-Neumann_V_0.0_0.0_1.0_0.0_-2.0_0.0_0.0_0.0_1.0/e=4.874371859296483_K=6_D=R+.dat
parameter is ./param.sdpa
out       is /Users/gorg/qmBoot/data/K=6_BC-Neumann_V_0.0_0.0_1.0_0.0_-2.0_0.0_0.0_0.0_1.0/e=4.874371859296483_K=6_D=R+.out
DENSE computation
   mu      thetaP  thetaD  objP      objD      alphaP  alphaD  beta 
 0 1.0e+20 1.0e+00 1.0e+00 +0.00e+00 -2.19e+10 1.0e+00 9.0e-01 3.00e-01
 1 1.6e+19 8.6e-88 1.0e-01 +1.60e+10 -2.19e+09 9.0e-01 9.0e-01 3.00e-01
 2 2.5e+18 2.6e-87 1.0e-02 +2.46e+10 -2.19e+08 9.0e-01 9.0e-01 3.00e-01
 3 3.8e+17 1.7e-87 1.0e-03 +3.79e+10 -2.19e+07 9.0e-01 9.0e-01 3.00e-01
 4 5.8e+16 2.6e-87 1.0e-04 +5.84e+10 -2.19e+06 9.0e-01 9.0e-01 3.00e-01
 5 9.0e+15 3.5e-87 1.0e-05 +9.00e+10 -2.19e+05 9.0e-01 9.0e-01 3.00e-01
 6 1.4e+15 5.2e-87 1.0e-06 +1.39e+11 -2.19e+04 9.0e-01 9.0e-01 3.00e-01
 7 2.1e+14 5.2e-87 1.0e-07 +2.13e+11 -2.19e+03 9.0e-01 9.0e-01 3.00e-01
 8 3.3e+13 5.2e-87 1.0e-08 +3.29e+11 -2.19e+02 9.0e-01 9.0e-01 3.00e-01
 9 5.1e+12 6.0e-87 1.0e-09 +5.05e+11 -2.21e+01 9.0e-01 9.0e-01 3.00e-01
10 8.5e+11 6.9e-87 1.0e-10 +7.66e+11 -2.36e+00 8.9e-01 8.9e-01 3.00e-01
11 2.1e+11 9.5e-87 1.2e-11 +1.03e+12 -3.90e-01 1.8e+00 9.3e-01 3.00e-01
12 4.9e+10 1.0e-86 8.4e-13 +4.90e+11 -2.06e-01 1.2e+00 1.0e+00 3.00e-01
13 1.1e+10 8.6e-87 3.8e-94 +1.36e+11 -3.22e-01 9.7e-01 9.7e-01 1.00e-01
14 1.4e+09 6.0e-87 4.3e-94 +1.72e+10 -3.24e-01 9.9e-01 9.9e-01 1.00e-01
15 1.5e+08 6.0e-87 1.5e-93 +1.86e+09 -3.26e-01 1.0e+00 1.0e+00 1.00e-01
16 1.6e+07 9.5e-87 4.8e-93 +1.87e+08 -3.28e-01 1.0e+00 1.0e+00 1.00e-01
17 1.6e+06 9.5e-87 1.6e-92 +1.87e+07 -3.29e-01 1.0e+00 1.0e+00 1.00e-01
18 1.6e+05 1.0e-86 4.4e-92 +1.87e+06 -3.31e-01 1.0e+00 1.0e+00 1.00e-01
19 1.6e+04 1.5e-86 1.2e-91 +1.87e+05 -3.32e-01 1.0e+00 1.0e+00 1.00e-01
20 1.6e+03 1.2e-86 5.8e-91 +1.87e+04 -3.33e-01 1.0e+00 1.0e+00 1.00e-01
21 1.6e+02 1.3e-86 1.9e-90 +1.87e+03 -3.34e-01 1.0e+00 1.0e+00 1.00e-01
22 1.6e+01 1.6e-86 5.2e-90 +1.87e+02 -3.35e-01 1.0e+00 9.0e+01 1.00e-01
23 1.6e+00 1.7e-86 2.8e-87 +1.89e+01 -1.95e-01 9.8e-01 9.8e-01 1.00e-01
24 1.8e-01 1.8e-86 1.6e-88 +1.97e+00 -1.96e-01 9.2e-01 1.8e+00 1.00e-01
25 2.6e-02 1.9e-86 3.3e-88 +2.51e-01 -5.80e-02 8.9e-01 1.2e+00 1.00e-01
26 4.4e-03 2.0e-86 1.4e-88 +3.17e-02 -2.15e-02 8.9e-01 9.2e-01 1.00e-01
27 8.3e-04 2.0e-86 4.3e-89 +3.65e-03 -6.30e-03 9.1e-01 9.6e-01 1.00e-01
28 1.3e-04 2.0e-86 7.2e-89 +3.86e-04 -1.17e-03 9.2e-01 9.7e-01 1.00e-01
29 1.8e-05 1.9e-86 1.7e-89 +2.08e-05 -1.93e-04 1.0e+00 9.5e-01 1.00e-01
30 2.5e-06 1.8e-86 1.1e-89 -1.75e-05 -4.74e-05 1.0e+00 9.8e-01 1.00e-01
31 2.9e-07 1.8e-86 5.9e-89 -2.14e-05 -2.49e-05 1.0e+00 9.8e-01 1.00e-01
32 3.2e-08 1.8e-86 1.4e-88 -2.18e-05 -2.22e-05 1.1e+00 9.9e-01 1.00e-01
33 3.3e-09 1.9e-86 2.1e-89 -2.19e-05 -2.19e-05 1.1e+00 9.9e-01 1.00e-01
34 3.3e-10 1.9e-86 2.1e-89 -2.19e-05 -2.19e-05 1.1e+00 9.9e-01 1.00e-01
35 3.3e-11 1.9e-86 6.0e-90 -2.19e-05 -2.19e-05 1.1e+00 9.9e-01 1.00e-01
36 3.3e-12 2.0e-86 2.1e-90 -2.19e-05 -2.19e-05 1.1e+00 9.9e-01 1.00e-01
37 3.3e-13 1.9e-86 1.7e-90 -2.19e-05 -2.19e-05 1.1e+00 9.9e-01 1.00e-01
38 3.3e-14 1.8e-86 8.8e-91 -2.19e-05 -2.19e-05 1.1e+00 9.9e-01 1.00e-01
39 3.3e-15 1.9e-86 2.2e-89 -2.19e-05 -2.19e-05 1.1e+00 9.9e-01 1.00e-01
40 3.3e-16 1.9e-86 3.1e-89 -2.19e-05 -2.19e-05 1.1e+00 9.9e-01 1.00e-01
41 3.3e-17 1.9e-86 2.7e-89 -2.19e-05 -2.19e-05 1.1e+00 9.9e-01 1.00e-01
42 3.3e-18 1.8e-86 2.0e-89 -2.19e-05 -2.19e-05 1.1e+00 9.9e-01 1.00e-01
43 3.3e-19 1.9e-86 1.1e-89 -2.19e-05 -2.19e-05 1.1e+00 9.9e-01 1.00e-01
44 3.3e-20 2.0e-86 2.2e-89 -2.19e-05 -2.19e-05 1.1e+00 9.9e-01 1.00e-01
45 3.3e-21 2.0e-86 7.0e-80 -2.19e-05 -2.19e-05 1.1e+00 9.9e-01 1.00e-01
46 3.3e-22 1.9e-86 5.6e-80 -2.19e-05 -2.19e-05 1.1e+00 9.9e-01 1.00e-01
47 3.3e-23 1.7e-86 3.8e-80 -2.19e-05 -2.19e-05 1.1e+00 9.9e-01 1.00e-01
48 3.3e-24 1.9e-86 1.1e-80 -2.19e-05 -2.19e-05 1.1e+00 9.9e-01 1.00e-01
49 3.3e-25 1.9e-86 5.6e-81 -2.19e-05 -2.19e-05 1.1e+00 9.9e-01 1.00e-01
50 3.3e-26 1.9e-86 1.6e-81 -2.19e-05 -2.19e-05 1.1e+00 9.9e-01 1.00e-01
51 3.3e-27 1.9e-86 5.0e-82 -2.19e-05 -2.19e-05 1.1e+00 9.9e-01 1.00e-01
52 3.3e-28 2.0e-86 2.5e-82 -2.19e-05 -2.19e-05 1.1e+00 9.9e-01 1.00e-01
53 3.3e-29 1.9e-86 1.2e-80 -2.19e-05 -2.19e-05 1.1e+00 9.9e-01 1.00e-01
54 3.3e-30 1.9e-86 4.5e-80 -2.19e-05 -2.19e-05 1.1e+00 9.9e-01 1.00e-01
55 3.3e-31 1.8e-86 4.7e-79 -2.19e-05 -2.19e-05 1.1e+00 9.9e-01 1.00e-01
56 3.3e-32 1.8e-86 1.7e-78 -2.19e-05 -2.19e-05 1.1e+00 9.9e-01 1.00e-01

phase.value = pdOPT     
   Iteration = 56
          mu = 3.3007290958582777e-32
relative gap = 3.9608749150299333e-31
         gap = 3.9608749150299333e-31
      digits = 2.5741854251843353e+01
objValPrimal = -2.1859759491534370e-05
objValDual   = -2.1859759491534370e-05
p.feas.error = 1.8135953965698334e-76
d.feas.error = 2.0634381456435937e-67
relative eps = 8.6361685550944446e-78
total time   = 0.110


Parameters are
maxIteration =    200
epsilonStar  = 1.000e-30
lambdaStar   = 1.000e+10
omegaStar    = 2.000e+00
lowerBound   = -1.000e+05
upperBound   = 1.000e+05
betaStar     = 1.000e-01
betaBar      = 3.000e-01
gammaStar    = 9.000e-01
epsilonDash  = 1.000e-30
precision    =    200

                         Time(sec)  Ratio(% : MainLoop) 
 Predictor time  =       0.040000,  36.363636
 Corrector time  =       0.010000,  9.090909
 Make bMat time  =       0.030000,  27.272727
 Make bDia time  =       0.000000,  0.000000
 Make bF1  time  =       0.030000,  27.272727
 Make bF2  time  =       0.000000,  0.000000
 Make bF3  time  =       0.000000,  0.000000
 Make bPRE time  =       0.020000,  18.181818
 Make rMat time  =       0.000000,  0.000000
 Make gVec Mul   =       0.000000,  0.000000
 Make gVec time  =       0.000000,  0.000000
 Cholesky bMat   =       0.000000,  0.000000
 Ste Pre time    =       0.000000,  0.000000
 Ste Cor time    =       0.050000,  45.454545
 solve           =       0.010000,  9.090909
 sumDz           =       0.000000,  0.000000
 makedX          =       0.010000,  9.090909
 symmetriseDx    =       0.000000,  0.000000
 makedXdZ        =       0.010000,  9.090909
 xMatTime        =       0.000000,  0.000000
 zMatTime        =       0.010000,  9.090909
 invzMatTime     =       0.000000,  0.000000
 xMatzMatTime    =       0.000000,  0.000000
 EigxMatTime     =       0.030000,  27.272727
 EigzMatTime     =       0.020000,  18.181818
 EigxMatzMatTime =       0.000000,  0.000000
 updateRes       =       0.000000,  0.000000
 EigTime         =       0.050000,  45.454545
 sub_total_bMat  =       0.080000,  72.727273
 Main Loop       =       0.110000,  100.000000
 File Check      =       0.000000,  0.000000
 File Change     =       0.000000,  0.000000
 File Read       =       0.000000,  0.000000
 Total           =       0.110000,  100.000000

xVec = 
{+2.185975949153e-05,+6.686298229283e-01,+6.294867561894e-01,+6.720186618716e-01,+7.635656396656e-01,+8.985757505847e-01,+1.081318822293e+00,+1.322421066290e+00}
xMat = 
{
{ {+9.999781402405e-01,+6.686298229283e-01,+6.294867561894e-01,+6.720186618716e-01,+7.635656396656e-01,+8.985757505847e-01 },
  {+6.686298229283e-01,+6.294648964299e-01,+6.720186618716e-01,+7.635656396656e-01,+8.985757505847e-01,+1.081318822293e+00 },
  {+6.294867561894e-01,+6.720186618716e-01,+7.635437799061e-01,+8.985757505847e-01,+1.081318822293e+00,+1.322421066290e+00 },
  {+6.720186618716e-01,+7.635656396656e-01,+8.985757505847e-01,+1.081296962534e+00,+1.322421066290e+00,+1.639358436982e+00 },
  {+7.635656396656e-01,+8.985757505847e-01,+1.081318822293e+00,+1.322421066290e+00,+1.639336577223e+00,+2.060292599642e+00 },
  {+8.985757505847e-01,+1.081318822293e+00,+1.322421066290e+00,+1.639358436982e+00,+2.060292599642e+00,+2.637690033780e+00 }   }
{ {+6.686079631688e-01,+6.294867561894e-01,+6.720186618716e-01,+7.635656396656e-01,+8.985757505847e-01,+1.081318822293e+00 },
  {+6.294867561894e-01,+6.719968021121e-01,+7.635656396656e-01,+8.985757505847e-01,+1.081318822293e+00,+1.322421066290e+00 },
  {+6.720186618716e-01,+7.635656396656e-01,+8.985538908252e-01,+1.081318822293e+00,+1.322421066290e+00,+1.639358436982e+00 },
  {+7.635656396656e-01,+8.985757505847e-01,+1.081318822293e+00,+1.322399206531e+00,+1.639358436982e+00,+2.060292599642e+00 },
  {+8.985757505847e-01,+1.081318822293e+00,+1.322421066290e+00,+1.639358436982e+00,+2.060270739883e+00,+2.637711893540e+00 },
  {+1.081318822293e+00,+1.322421066290e+00,+1.639358436982e+00,+2.060292599642e+00,+2.637711893540e+00,+3.561306689932e+00 }   }
}
yMat = 
{
{ {+4.493316244263e-05,-7.666424927960e-04,+2.680062507128e-03,-3.411000552957e-03,+1.728425736129e-03,-2.747753602557e-04 },
  {-7.666424927960e-04,+1.308033264987e-02,-4.572680153410e-02,+5.819795057128e-02,-2.949012584303e-02,+4.688173627091e-03 },
  {+2.680062507128e-03,-4.572680153410e-02,+1.598537617129e-01,-2.034509524106e-01,+1.030928775082e-01,-1.638912333055e-02 },
  {-3.411000552957e-03,+5.819795057128e-02,-2.034509524106e-01,+2.589384797281e-01,-1.312095748704e-01,+2.085895705578e-02 },
  {+1.728425736129e-03,-2.949012584303e-02,+1.030928775082e-01,-1.312095748704e-01,+6.648665179370e-02,-1.056967234226e-02 },
  {-2.747753602557e-04,+4.688173627091e-03,-1.638912333055e-02,+2.085895705578e-02,-1.056967234226e-02,+1.680306804580e-03 }   }
{ {+1.351594969900e-03,-9.082183216725e-03,+1.858494877000e-02,-1.501033506574e-02,+4.537310375710e-03,-2.698061713313e-04 },
  {-9.082183216725e-03,+6.102867635580e-02,-1.248834995406e-01,+1.008635103322e-01,-3.048892979114e-02,+1.812990678128e-03 },
  {+1.858494877000e-02,-1.248834995406e-01,+2.555501673768e-01,-2.063978591441e-01,+6.238975637236e-02,-3.709938246066e-03 },
  {-1.501033506574e-02,+1.008635103322e-01,-2.063978591441e-01,+1.666994653010e-01,-5.038976213540e-02,+2.996371786429e-03 },
  {+4.537310375710e-03,-3.048892979114e-02,+6.238975637236e-02,-5.038976213540e-02,+1.523177128060e-02,-9.057405272104e-04 },
  {-2.698061713313e-04,+1.812990678128e-03,-3.709938246066e-03,+2.996371786429e-03,-9.057405272104e-04,+5.385886431187e-05 }   }
}
    main loop time = 0.110000
        total time = 0.110000
  file   read time = 0.000000
