SDPA-GMP start at Wed Jun  5 23:35:12 2024
*SDP Scan Problem: V = x^2 - 2*x^4 + x^8
* K = 6; eval = 4.974874371859297; Domain = R+ with BCs: Neumann
data      is /Users/gorg/qmBoot/data/K=6_BC-Neumann_V_0.0_0.0_1.0_0.0_-2.0_0.0_0.0_0.0_1.0/e=4.974874371859297_K=6_D=R+.dat
parameter is ./param.sdpa
out       is /Users/gorg/qmBoot/data/K=6_BC-Neumann_V_0.0_0.0_1.0_0.0_-2.0_0.0_0.0_0.0_1.0/e=4.974874371859297_K=6_D=R+.out
DENSE computation
   mu      thetaP  thetaD  objP      objD      alphaP  alphaD  beta 
 0 1.0e+20 1.0e+00 1.0e+00 +0.00e+00 -2.21e+10 1.0e+00 9.0e-01 3.00e-01
 1 1.6e+19 8.6e-88 1.0e-01 +1.60e+10 -2.21e+09 9.0e-01 9.0e-01 3.00e-01
 2 2.5e+18 8.6e-88 1.0e-02 +2.46e+10 -2.21e+08 9.0e-01 9.0e-01 3.00e-01
 3 3.8e+17 1.7e-87 1.0e-03 +3.79e+10 -2.21e+07 9.0e-01 9.0e-01 3.00e-01
 4 5.8e+16 1.7e-87 1.0e-04 +5.84e+10 -2.21e+06 9.0e-01 9.0e-01 3.00e-01
 5 9.0e+15 2.6e-87 1.0e-05 +9.00e+10 -2.21e+05 9.0e-01 9.0e-01 3.00e-01
 6 1.4e+15 2.6e-87 1.0e-06 +1.39e+11 -2.21e+04 9.0e-01 9.0e-01 3.00e-01
 7 2.1e+14 3.5e-87 1.0e-07 +2.13e+11 -2.21e+03 9.0e-01 9.0e-01 3.00e-01
 8 3.3e+13 5.2e-87 1.0e-08 +3.29e+11 -2.21e+02 9.0e-01 9.0e-01 3.00e-01
 9 5.1e+12 5.2e-87 1.0e-09 +5.05e+11 -2.23e+01 9.0e-01 9.0e-01 3.00e-01
10 8.5e+11 5.2e-87 1.0e-10 +7.66e+11 -2.38e+00 8.9e-01 8.9e-01 3.00e-01
11 2.1e+11 7.8e-87 1.2e-11 +1.03e+12 -3.94e-01 1.8e+00 9.3e-01 3.00e-01
12 4.9e+10 6.9e-87 8.4e-13 +4.89e+11 -2.07e-01 1.2e+00 1.0e+00 3.00e-01
13 1.1e+10 1.0e-86 5.6e-94 +1.35e+11 -3.25e-01 9.7e-01 9.7e-01 1.00e-01
14 1.4e+09 1.1e-86 5.8e-94 +1.72e+10 -3.27e-01 9.9e-01 9.9e-01 1.00e-01
15 1.5e+08 1.2e-86 1.1e-93 +1.86e+09 -3.29e-01 1.0e+00 1.0e+00 1.00e-01
16 1.6e+07 1.0e-86 3.9e-93 +1.87e+08 -3.30e-01 1.0e+00 1.0e+00 1.00e-01
17 1.6e+06 1.6e-86 1.9e-92 +1.87e+07 -3.32e-01 1.0e+00 1.0e+00 1.00e-01
18 1.6e+05 1.6e-86 6.0e-92 +1.87e+06 -3.34e-01 1.0e+00 1.0e+00 1.00e-01
19 1.6e+04 1.7e-86 1.8e-91 +1.87e+05 -3.35e-01 1.0e+00 1.0e+00 1.00e-01
20 1.6e+03 1.8e-86 4.4e-91 +1.87e+04 -3.36e-01 1.0e+00 1.0e+00 1.00e-01
21 1.6e+02 2.0e-86 1.3e-90 +1.87e+03 -3.37e-01 1.0e+00 1.0e+00 1.00e-01
22 1.6e+01 2.2e-86 4.8e-90 +1.87e+02 -3.38e-01 1.0e+00 9.0e+01 1.00e-01
23 1.6e+00 2.3e-86 2.2e-87 +1.88e+01 -1.94e-01 9.8e-01 9.8e-01 1.00e-01
24 1.8e-01 2.2e-86 1.6e-88 +1.97e+00 -1.95e-01 9.2e-01 1.8e+00 1.00e-01
25 2.6e-02 2.3e-86 3.4e-88 +2.51e-01 -5.62e-02 8.9e-01 1.2e+00 1.00e-01
26 4.4e-03 2.2e-86 1.4e-88 +3.17e-02 -2.06e-02 8.9e-01 9.3e-01 1.00e-01
27 8.1e-04 2.3e-86 7.2e-89 +3.63e-03 -6.15e-03 9.1e-01 9.6e-01 1.00e-01
28 1.3e-04 2.2e-86 1.1e-89 +3.81e-04 -1.15e-03 9.2e-01 9.7e-01 1.00e-01
29 1.8e-05 2.4e-86 1.3e-89 +2.01e-05 -1.91e-04 1.0e+00 9.5e-01 1.00e-01
30 2.4e-06 2.3e-86 1.9e-89 -1.76e-05 -4.68e-05 1.0e+00 9.8e-01 1.00e-01
31 2.8e-07 2.3e-86 1.4e-88 -2.15e-05 -2.49e-05 1.0e+00 9.8e-01 1.00e-01
32 3.1e-08 2.3e-86 1.1e-88 -2.19e-05 -2.23e-05 1.0e+00 9.9e-01 1.00e-01
33 3.2e-09 2.4e-86 1.2e-89 -2.19e-05 -2.20e-05 1.1e+00 9.9e-01 1.00e-01
34 3.2e-10 2.2e-86 6.1e-89 -2.19e-05 -2.19e-05 1.1e+00 9.9e-01 1.00e-01
35 3.2e-11 2.3e-86 1.4e-90 -2.19e-05 -2.19e-05 1.1e+00 9.9e-01 1.00e-01
36 3.2e-12 2.4e-86 1.4e-89 -2.19e-05 -2.19e-05 1.1e+00 9.9e-01 1.00e-01
37 3.2e-13 2.3e-86 6.1e-90 -2.19e-05 -2.19e-05 1.1e+00 9.9e-01 1.00e-01
38 3.2e-14 2.2e-86 1.7e-90 -2.19e-05 -2.19e-05 1.1e+00 9.9e-01 1.00e-01
39 3.2e-15 2.2e-86 2.0e-89 -2.19e-05 -2.19e-05 1.1e+00 9.9e-01 1.00e-01
40 3.2e-16 2.2e-86 2.2e-89 -2.19e-05 -2.19e-05 1.1e+00 9.9e-01 1.00e-01
41 3.2e-17 2.3e-86 2.5e-89 -2.19e-05 -2.19e-05 1.1e+00 9.9e-01 1.00e-01
42 3.2e-18 2.3e-86 4.1e-90 -2.19e-05 -2.19e-05 1.1e+00 9.9e-01 1.00e-01
43 3.2e-19 2.3e-86 1.7e-89 -2.19e-05 -2.19e-05 1.1e+00 9.9e-01 1.00e-01
44 3.2e-20 2.2e-86 5.2e-90 -2.19e-05 -2.19e-05 1.1e+00 9.9e-01 1.00e-01
45 3.2e-21 2.2e-86 2.2e-80 -2.19e-05 -2.19e-05 1.1e+00 9.9e-01 1.00e-01
46 3.2e-22 2.3e-86 2.7e-80 -2.19e-05 -2.19e-05 1.1e+00 9.9e-01 1.00e-01
47 3.2e-23 2.4e-86 2.5e-80 -2.19e-05 -2.19e-05 1.1e+00 9.9e-01 1.00e-01
48 3.2e-24 2.3e-86 6.6e-81 -2.19e-05 -2.19e-05 1.1e+00 9.9e-01 1.00e-01
49 3.2e-25 2.3e-86 3.6e-81 -2.19e-05 -2.19e-05 1.1e+00 9.9e-01 1.00e-01
50 3.2e-26 2.4e-86 1.5e-81 -2.19e-05 -2.19e-05 1.1e+00 9.9e-01 1.00e-01
51 3.2e-27 2.3e-86 3.3e-82 -2.19e-05 -2.19e-05 1.1e+00 9.9e-01 1.00e-01
52 3.2e-28 2.3e-86 9.6e-82 -2.19e-05 -2.19e-05 1.1e+00 9.9e-01 1.00e-01
53 3.2e-29 2.3e-86 7.4e-81 -2.19e-05 -2.19e-05 1.1e+00 9.9e-01 1.00e-01
54 3.2e-30 2.3e-86 8.8e-80 -2.19e-05 -2.19e-05 1.1e+00 9.9e-01 1.00e-01
55 3.2e-31 2.3e-86 8.9e-79 -2.19e-05 -2.19e-05 1.1e+00 9.9e-01 1.00e-01
56 3.2e-32 2.2e-86 4.5e-78 -2.19e-05 -2.19e-05 1.1e+00 9.9e-01 1.00e-01

phase.value = pdOPT     
   Iteration = 56
          mu = 3.1895233152215314e-32
relative gap = 3.8274279782658377e-31
         gap = 3.8274279782658377e-31
      digits = 2.5758255856824977e+01
objValPrimal = -2.1936275106374682e-05
objValDual   = -2.1936275106374682e-05
p.feas.error = 2.2454038243245556e-76
d.feas.error = 5.3827667131692907e-67
relative eps = 8.6361685550944446e-78
total time   = 0.120


Parameters are
maxIteration =    200
epsilonStar  = 1.000e-30
lambdaStar   = 1.000e+10
omegaStar    = 2.000e+00
lowerBound   = -1.000e+05
upperBound   = 1.000e+05
betaStar     = 1.000e-01
betaBar      = 3.000e-01
gammaStar    = 9.000e-01
epsilonDash  = 1.000e-30
precision    =    200

                         Time(sec)  Ratio(% : MainLoop) 
 Predictor time  =       0.030000,  25.000000
 Corrector time  =       0.020000,  16.666667
 Make bMat time  =       0.020000,  16.666667
 Make bDia time  =       0.000000,  0.000000
 Make bF1  time  =       0.010000,  8.333333
 Make bF2  time  =       0.010000,  8.333333
 Make bF3  time  =       0.000000,  0.000000
 Make bPRE time  =       0.020000,  16.666667
 Make rMat time  =       0.000000,  0.000000
 Make gVec Mul   =       0.000000,  0.000000
 Make gVec time  =       0.010000,  8.333333
 Cholesky bMat   =       0.000000,  0.000000
 Ste Pre time    =       0.000000,  0.000000
 Ste Cor time    =       0.050000,  41.666667
 solve           =       0.000000,  0.000000
 sumDz           =       0.000000,  0.000000
 makedX          =       0.010000,  8.333333
 symmetriseDx    =       0.010000,  8.333333
 makedXdZ        =       0.020000,  16.666667
 xMatTime        =       0.020000,  16.666667
 zMatTime        =       0.000000,  0.000000
 invzMatTime     =       0.000000,  0.000000
 xMatzMatTime    =       0.000000,  0.000000
 EigxMatTime     =       0.020000,  16.666667
 EigzMatTime     =       0.030000,  25.000000
 EigxMatzMatTime =       0.000000,  0.000000
 updateRes       =       0.000000,  0.000000
 EigTime         =       0.050000,  41.666667
 sub_total_bMat  =       0.100000,  83.333333
 Main Loop       =       0.120000,  100.000000
 File Check      =       0.000000,  0.000000
 File Change     =       0.000000,  0.000000
 File Read       =       0.000000,  0.000000
 Total           =       0.120000,  100.000000

xVec = 
{+2.193627510637e-05,+6.710703576962e-01,+6.331675578198e-01,+6.773402286335e-01,+7.711462358575e-01,+9.092185890768e-01,+1.096079292347e+00,+1.342708647529e+00}
xMat = 
{
{ {+9.999780637249e-01,+6.710703576962e-01,+6.331675578198e-01,+6.773402286335e-01,+7.711462358575e-01,+9.092185890768e-01 },
  {+6.710703576962e-01,+6.331456215447e-01,+6.773402286335e-01,+7.711462358575e-01,+9.092185890768e-01,+1.096079292347e+00 },
  {+6.331675578198e-01,+6.773402286335e-01,+7.711242995824e-01,+9.092185890768e-01,+1.096079292347e+00,+1.342708647529e+00 },
  {+6.773402286335e-01,+7.711462358575e-01,+9.092185890768e-01,+1.096057356072e+00,+1.342708647529e+00,+1.667083334273e+00 },
  {+7.711462358575e-01,+9.092185890768e-01,+1.096079292347e+00,+1.342708647529e+00,+1.667061397998e+00,+2.098097414650e+00 },
  {+9.092185890768e-01,+1.096079292347e+00,+1.342708647529e+00,+1.667083334273e+00,+2.098097414650e+00,+2.689405942227e+00 }   }
{ {+6.710484214211e-01,+6.331675578198e-01,+6.773402286335e-01,+7.711462358575e-01,+9.092185890768e-01,+1.096079292347e+00 },
  {+6.331675578198e-01,+6.773182923584e-01,+7.711462358575e-01,+9.092185890768e-01,+1.096079292347e+00,+1.342708647529e+00 },
  {+6.773402286335e-01,+7.711462358575e-01,+9.091966528017e-01,+1.096079292347e+00,+1.342708647529e+00,+1.667083334273e+00 },
  {+7.711462358575e-01,+9.092185890768e-01,+1.096079292347e+00,+1.342686711254e+00,+1.667083334273e+00,+2.098097414650e+00 },
  {+9.092185890768e-01,+1.096079292347e+00,+1.342708647529e+00,+1.667083334273e+00,+2.098075478375e+00,+2.689427878502e+00 },
  {+1.096079292347e+00,+1.342708647529e+00,+1.667083334273e+00,+2.098097414650e+00,+2.689427878502e+00,+3.633923457346e+00 }   }
}
yMat = 
{
{ {+4.561279703477e-05,-7.751309361739e-04,+2.703814051392e-03,-3.435168616390e-03,+1.737885109068e-03,-2.758384053987e-04 },
  {-7.751309361739e-04,+1.317235528783e-02,-4.594784913755e-02,+5.837628118941e-02,-2.953312664707e-02,+4.687519628459e-03 },
  {+2.703814051392e-03,-4.594784913755e-02,+1.602754248754e-01,-2.036283187548e-01,+1.030175407577e-01,-1.635101999691e-02 },
  {-3.435168616390e-03,+5.837628118941e-02,-2.036283187548e-01,+2.587077353321e-01,-1.308827516324e-01,+2.077380680466e-02 },
  {+1.737885109068e-03,-2.953312664707e-02,+1.030175407577e-01,-1.308827516324e-01,+6.621485303826e-02,-1.050967027710e-02 },
  {-2.758384053987e-04,+4.687519628459e-03,-1.635101999691e-02,+2.077380680466e-02,-1.050967027710e-02,+1.668102612407e-03 }   }
{ {+1.365572235804e-03,-9.150075245009e-03,+1.868847685058e-02,-1.506878661919e-02,+4.547770759348e-03,-2.700270994985e-04 },
  {-9.150075245009e-03,+6.131047102026e-02,-1.252229394491e-01,+1.009690500448e-01,-3.047253272588e-02,+1.809328143779e-03 },
  {+1.868847685058e-02,-1.252229394491e-01,+2.557603016796e-01,-2.062231953137e-01,+6.223831030644e-02,-3.695443613817e-03 },
  {-1.506878661919e-02,+1.009690500448e-01,-2.062231953137e-01,+1.662807167730e-01,-5.018364123762e-02,+2.979689127429e-03 },
  {+4.547770759348e-03,-3.047253272588e-02,+6.223831030644e-02,-5.018364123762e-02,+1.514545941791e-02,-8.992723454197e-04 },
  {-2.700270994985e-04,+1.809328143779e-03,-3.695443613817e-03,+2.979689127429e-03,-8.992723454197e-04,+5.339493038293e-05 }   }
}
    main loop time = 0.120000
        total time = 0.120000
  file   read time = 0.000000
