SDPA-GMP start at Wed Jun  5 23:35:12 2024
*SDP Scan Problem: V = x^2 - 2*x^4 + x^8
* K = 6; eval = 4.371859296482413; Domain = R+ with BCs: Neumann
data      is /Users/gorg/qmBoot/data/K=6_BC-Neumann_V_0.0_0.0_1.0_0.0_-2.0_0.0_0.0_0.0_1.0/e=4.371859296482413_K=6_D=R+.dat
parameter is ./param.sdpa
out       is /Users/gorg/qmBoot/data/K=6_BC-Neumann_V_0.0_0.0_1.0_0.0_-2.0_0.0_0.0_0.0_1.0/e=4.371859296482413_K=6_D=R+.out
DENSE computation
   mu      thetaP  thetaD  objP      objD      alphaP  alphaD  beta 
 0 1.0e+20 1.0e+00 1.0e+00 +0.00e+00 -2.09e+10 1.0e+00 9.0e-01 3.00e-01
 1 1.6e+19 8.6e-88 1.0e-01 +1.60e+10 -2.09e+09 9.0e-01 9.0e-01 3.00e-01
 2 2.5e+18 2.6e-87 1.0e-02 +2.46e+10 -2.09e+08 9.0e-01 9.0e-01 3.00e-01
 3 3.8e+17 1.7e-87 1.0e-03 +3.79e+10 -2.09e+07 9.0e-01 9.0e-01 3.00e-01
 4 5.8e+16 1.7e-87 1.0e-04 +5.84e+10 -2.09e+06 9.0e-01 9.0e-01 3.00e-01
 5 9.0e+15 1.7e-87 1.0e-05 +9.00e+10 -2.09e+05 9.0e-01 9.0e-01 3.00e-01
 6 1.4e+15 2.6e-87 1.0e-06 +1.39e+11 -2.09e+04 9.0e-01 9.0e-01 3.00e-01
 7 2.1e+14 2.6e-87 1.0e-07 +2.13e+11 -2.09e+03 9.0e-01 9.0e-01 3.00e-01
 8 3.3e+13 3.5e-87 1.0e-08 +3.29e+11 -2.09e+02 9.0e-01 9.0e-01 3.00e-01
 9 5.1e+12 4.3e-87 1.0e-09 +5.05e+11 -2.11e+01 9.0e-01 9.0e-01 3.00e-01
10 8.5e+11 5.2e-87 1.0e-10 +7.66e+11 -2.26e+00 8.9e-01 8.9e-01 3.00e-01
11 2.1e+11 5.2e-87 1.1e-11 +1.03e+12 -3.75e-01 1.8e+00 9.3e-01 3.00e-01
12 4.9e+10 6.0e-87 8.1e-13 +4.96e+11 -2.00e-01 1.2e+00 1.0e+00 3.00e-01
13 1.1e+10 1.0e-86 2.7e-94 +1.38e+11 -3.08e-01 9.7e-01 9.7e-01 1.00e-01
14 1.5e+09 8.6e-87 4.7e-94 +1.74e+10 -3.10e-01 9.9e-01 9.9e-01 1.00e-01
15 1.6e+08 1.1e-86 1.7e-93 +1.88e+09 -3.12e-01 1.0e+00 1.0e+00 1.00e-01
16 1.6e+07 1.3e-86 6.7e-93 +1.89e+08 -3.13e-01 1.0e+00 1.0e+00 1.00e-01
17 1.6e+06 1.1e-86 2.0e-92 +1.89e+07 -3.15e-01 1.0e+00 1.0e+00 1.00e-01
18 1.6e+05 1.3e-86 3.6e-92 +1.89e+06 -3.16e-01 1.0e+00 1.0e+00 1.00e-01
19 1.6e+04 1.4e-86 1.3e-91 +1.89e+05 -3.18e-01 1.0e+00 1.0e+00 1.00e-01
20 1.6e+03 1.4e-86 5.5e-91 +1.89e+04 -3.19e-01 1.0e+00 1.0e+00 1.00e-01
21 1.6e+02 1.6e-86 1.2e-90 +1.89e+03 -3.20e-01 1.0e+00 1.0e+00 1.00e-01
22 1.6e+01 1.8e-86 4.5e-90 +1.89e+02 -3.21e-01 1.0e+00 9.0e+01 1.00e-01
23 1.6e+00 2.0e-86 2.7e-87 +1.90e+01 -2.02e-01 9.8e-01 1.9e+01 1.00e-01
24 1.8e-01 2.1e-86 4.6e-86 +1.98e+00 -1.75e-01 9.4e-01 1.7e+00 1.00e-01
25 2.4e-02 2.2e-86 3.4e-86 +2.28e-01 -6.07e-02 9.0e-01 9.6e-01 1.00e-01
26 4.4e-03 2.2e-86 1.2e-87 +2.89e-02 -2.40e-02 9.0e-01 8.7e-01 1.00e-01
27 8.8e-04 2.1e-86 1.2e-88 +3.30e-03 -7.26e-03 9.4e-01 9.3e-01 1.00e-01
28 1.4e-04 2.1e-86 1.5e-89 +3.46e-04 -1.37e-03 9.5e-01 9.8e-01 1.00e-01
29 1.8e-05 2.1e-86 2.3e-89 +1.75e-05 -1.97e-04 1.0e+00 9.4e-01 1.00e-01
30 2.5e-06 2.1e-86 7.2e-89 -1.72e-05 -4.77e-05 9.9e-01 9.7e-01 1.00e-01
31 3.2e-07 2.1e-86 5.1e-88 -2.10e-05 -2.49e-05 1.0e+00 9.7e-01 1.00e-01
32 3.9e-08 2.2e-86 2.6e-88 -2.14e-05 -2.19e-05 1.1e+00 9.8e-01 1.00e-01
33 4.2e-09 2.1e-86 5.3e-85 -2.14e-05 -2.15e-05 1.1e+00 9.9e-01 1.00e-01
34 4.3e-10 2.1e-86 5.2e-87 -2.14e-05 -2.14e-05 1.1e+00 9.9e-01 1.00e-01
35 4.3e-11 2.2e-86 7.2e-89 -2.14e-05 -2.14e-05 1.1e+00 9.9e-01 1.00e-01
36 4.3e-12 2.1e-86 7.6e-90 -2.14e-05 -2.14e-05 1.1e+00 9.9e-01 1.00e-01
37 4.3e-13 2.1e-86 6.1e-88 -2.14e-05 -2.14e-05 1.1e+00 9.9e-01 1.00e-01
38 4.3e-14 2.1e-86 4.5e-89 -2.14e-05 -2.14e-05 1.1e+00 9.9e-01 1.00e-01
39 4.3e-15 2.2e-86 6.1e-88 -2.14e-05 -2.14e-05 1.1e+00 9.9e-01 1.00e-01
40 4.3e-16 2.1e-86 5.4e-88 -2.14e-05 -2.14e-05 1.1e+00 9.9e-01 1.00e-01
41 4.3e-17 2.1e-86 7.1e-88 -2.14e-05 -2.14e-05 1.1e+00 9.9e-01 1.00e-01
42 4.3e-18 2.1e-86 6.2e-88 -2.14e-05 -2.14e-05 1.1e+00 9.9e-01 1.00e-01
43 4.3e-19 2.1e-86 6.4e-88 -2.14e-05 -2.14e-05 1.1e+00 9.9e-01 1.00e-01
44 4.3e-20 2.2e-86 7.0e-88 -2.14e-05 -2.14e-05 1.1e+00 9.9e-01 1.00e-01
45 4.3e-21 2.2e-86 7.4e-88 -2.14e-05 -2.14e-05 1.1e+00 9.9e-01 1.00e-01
46 4.3e-22 2.1e-86 2.1e-79 -2.14e-05 -2.14e-05 1.1e+00 9.9e-01 1.00e-01
47 4.3e-23 2.2e-86 1.2e-79 -2.14e-05 -2.14e-05 1.1e+00 9.9e-01 1.00e-01
48 4.3e-24 2.1e-86 4.9e-80 -2.14e-05 -2.14e-05 1.1e+00 9.9e-01 1.00e-01
49 4.3e-25 2.1e-86 2.5e-80 -2.14e-05 -2.14e-05 1.1e+00 9.9e-01 1.00e-01
50 4.3e-26 2.2e-86 6.6e-81 -2.14e-05 -2.14e-05 1.1e+00 9.9e-01 1.00e-01
51 4.3e-27 2.1e-86 1.8e-81 -2.14e-05 -2.14e-05 1.1e+00 9.9e-01 1.00e-01
52 4.3e-28 2.1e-86 9.7e-82 -2.14e-05 -2.14e-05 1.1e+00 9.9e-01 1.00e-01
53 4.3e-29 2.2e-86 8.8e-81 -2.14e-05 -2.14e-05 1.1e+00 9.9e-01 1.00e-01
54 4.3e-30 2.1e-86 6.5e-80 -2.14e-05 -2.14e-05 1.1e+00 9.9e-01 1.00e-01
55 4.3e-31 2.1e-86 3.4e-79 -2.14e-05 -2.14e-05 1.1e+00 9.9e-01 1.00e-01
56 4.3e-32 2.1e-86 5.0e-78 -2.14e-05 -2.14e-05 1.1e+00 9.9e-01 1.00e-01

phase.value = pdOPT     
   Iteration = 56
          mu = 4.3206926769974431e-32
relative gap = 5.1848312123969317e-31
         gap = 5.1848312123969317e-31
      digits = 2.5616588296754610e+01
objValPrimal = -2.1444845398127676e-05
objValDual   = -2.1444845398127676e-05
p.feas.error = 2.0726804532226667e-76
d.feas.error = 5.9978445323390376e-67
relative eps = 8.6361685550944446e-78
total time   = 0.100


Parameters are
maxIteration =    200
epsilonStar  = 1.000e-30
lambdaStar   = 1.000e+10
omegaStar    = 2.000e+00
lowerBound   = -1.000e+05
upperBound   = 1.000e+05
betaStar     = 1.000e-01
betaBar      = 3.000e-01
gammaStar    = 9.000e-01
epsilonDash  = 1.000e-30
precision    =    200

                         Time(sec)  Ratio(% : MainLoop) 
 Predictor time  =       0.030000,  30.000000
 Corrector time  =       0.020000,  20.000000
 Make bMat time  =       0.020000,  20.000000
 Make bDia time  =       0.000000,  0.000000
 Make bF1  time  =       0.010000,  10.000000
 Make bF2  time  =       0.010000,  10.000000
 Make bF3  time  =       0.000000,  0.000000
 Make bPRE time  =       0.000000,  0.000000
 Make rMat time  =       0.020000,  20.000000
 Make gVec Mul   =       0.000000,  0.000000
 Make gVec time  =       0.000000,  0.000000
 Cholesky bMat   =       0.000000,  0.000000
 Ste Pre time    =       0.000000,  0.000000
 Ste Cor time    =       0.040000,  40.000000
 solve           =       0.010000,  10.000000
 sumDz           =       0.000000,  0.000000
 makedX          =       0.000000,  0.000000
 symmetriseDx    =       0.000000,  0.000000
 makedXdZ        =       0.000000,  0.000000
 xMatTime        =       0.010000,  10.000000
 zMatTime        =       0.000000,  0.000000
 invzMatTime     =       0.000000,  0.000000
 xMatzMatTime    =       0.000000,  0.000000
 EigxMatTime     =       0.030000,  30.000000
 EigzMatTime     =       0.010000,  10.000000
 EigxMatzMatTime =       0.000000,  0.000000
 updateRes       =       0.000000,  0.000000
 EigTime         =       0.040000,  40.000000
 sub_total_bMat  =       0.080000,  80.000000
 Main Loop       =       0.100000,  100.000000
 File Check      =       0.000000,  0.000000
 File Change     =       0.000000,  0.000000
 File Read       =       0.000000,  0.000000
 Total           =       0.100000,  100.000000

xVec = 
{+2.144484539813e-05,+6.553740292263e-01,+6.097375084901e-01,+6.438124733944e-01,+7.238351017340e-01,+8.433580759659e-01,+1.005435569765e+00,+1.218988005017e+00}
xMat = 
{
{ {+9.999785551546e-01,+6.553740292263e-01,+6.097375084901e-01,+6.438124733944e-01,+7.238351017340e-01,+8.433580759659e-01 },
  {+6.553740292263e-01,+6.097160636448e-01,+6.438124733944e-01,+7.238351017340e-01,+8.433580759659e-01,+1.005435569765e+00 },
  {+6.097375084901e-01,+6.438124733944e-01,+7.238136568886e-01,+8.433580759659e-01,+1.005435569765e+00,+1.218988005017e+00 },
  {+6.438124733944e-01,+7.238351017340e-01,+8.433580759659e-01,+1.005414124919e+00,+1.218988005017e+00,+1.499078977981e+00 },
  {+7.238351017340e-01,+8.433580759659e-01,+1.005435569765e+00,+1.218988005017e+00,+1.499057533136e+00,+1.870332203416e+00 },
  {+8.433580759659e-01,+1.005435569765e+00,+1.218988005017e+00,+1.499078977981e+00,+1.870332203416e+00,+2.379417851645e+00 }   }
{ {+6.553525843809e-01,+6.097375084901e-01,+6.438124733944e-01,+7.238351017340e-01,+8.433580759659e-01,+1.005435569765e+00 },
  {+6.097375084901e-01,+6.437910285490e-01,+7.238351017340e-01,+8.433580759659e-01,+1.005435569765e+00,+1.218988005017e+00 },
  {+6.438124733944e-01,+7.238351017340e-01,+8.433366311205e-01,+1.005435569765e+00,+1.218988005017e+00,+1.499078977981e+00 },
  {+7.238351017340e-01,+8.433580759659e-01,+1.005435569765e+00,+1.218966560172e+00,+1.499078977981e+00,+1.870332203416e+00 },
  {+8.433580759659e-01,+1.005435569765e+00,+1.218988005017e+00,+1.499078977981e+00,+1.870310758571e+00,+2.379439296490e+00 },
  {+1.005435569765e+00,+1.218988005017e+00,+1.499078977981e+00,+1.870332203416e+00,+2.379439296490e+00,+3.200221060622e+00 }   }
}
yMat = 
{
{ {+4.144547552266e-05,-7.225087688794e-04,+2.555647409334e-03,-3.283625347654e-03,+1.678281562071e-03,-2.691209612855e-04 },
  {-7.225087688794e-04,+1.259531745081e-02,-4.455197196128e-02,+5.724263209618e-02,-2.925706919642e-02,+4.691519447321e-03 },
  {+2.555647409334e-03,-4.455197196128e-02,+1.575885811049e-01,-2.024777978085e-01,+1.034876756064e-01,-1.659477370771e-02 },
  {-3.283625347654e-03,+5.724263209618e-02,-2.024777978085e-01,+2.601537390459e-01,-1.329662118294e-01,+2.132180651611e-02 },
  {+1.678281562071e-03,-2.925706919642e-02,+1.034876756064e-01,-1.329662118294e-01,+6.795986693526e-02,-1.089770937832e-02 },
  {-2.691209612855e-04,+4.691519447321e-03,-1.659477370771e-02,+2.132180651611e-02,-1.089770937832e-02,+1.747502975654e-03 }   }
{ {+1.278689994354e-03,-8.724716476028e-03,+1.803588142610e-02,-1.469808883717e-02,+4.481042677373e-03,-2.686022326180e-04 },
  {-8.724716476028e-03,+5.953020507175e-02,-1.230618465248e-01,+1.002875273991e-01,-3.057490638833e-02,+1.832718121490e-03 },
  {+1.803588142610e-02,-1.230618465248e-01,+2.543955299975e-01,-2.073160724084e-01,+6.320496347922e-02,-3.788625890305e-03 },
  {-1.469808883717e-02,+1.002875273991e-01,-2.073160724084e-01,+1.689493281555e-01,-5.150799931649e-02,+3.087487580503e-03 },
  {+4.481042677373e-03,-3.057490638833e-02,+6.320496347922e-02,-5.150799931649e-02,+1.570337107908e-02,-9.412899709184e-04 },
  {-2.686022326180e-04,+1.832718121490e-03,-3.788625890305e-03,+3.087487580503e-03,-9.412899709184e-04,+5.642271362561e-05 }   }
}
    main loop time = 0.100000
        total time = 0.100000
  file   read time = 0.000000
