SDPA-GMP start at Wed Jun  5 23:35:12 2024
*SDP Scan Problem: V = x^2 - 2*x^4 + x^8
* K = 6; eval = 4.472361809045227; Domain = R+ with BCs: Neumann
data      is /Users/gorg/qmBoot/data/K=6_BC-Neumann_V_0.0_0.0_1.0_0.0_-2.0_0.0_0.0_0.0_1.0/e=4.472361809045227_K=6_D=R+.dat
parameter is ./param.sdpa
out       is /Users/gorg/qmBoot/data/K=6_BC-Neumann_V_0.0_0.0_1.0_0.0_-2.0_0.0_0.0_0.0_1.0/e=4.472361809045227_K=6_D=R+.out
DENSE computation
   mu      thetaP  thetaD  objP      objD      alphaP  alphaD  beta 
 0 1.0e+20 1.0e+00 1.0e+00 +0.00e+00 -2.11e+10 1.0e+00 9.0e-01 3.00e-01
 1 1.6e+19 8.6e-88 1.0e-01 +1.60e+10 -2.11e+09 9.0e-01 9.0e-01 3.00e-01
 2 2.5e+18 2.6e-87 1.0e-02 +2.46e+10 -2.11e+08 9.0e-01 9.0e-01 3.00e-01
 3 3.8e+17 3.5e-87 1.0e-03 +3.79e+10 -2.11e+07 9.0e-01 9.0e-01 3.00e-01
 4 5.8e+16 4.3e-87 1.0e-04 +5.84e+10 -2.11e+06 9.0e-01 9.0e-01 3.00e-01
 5 9.0e+15 5.2e-87 1.0e-05 +9.00e+10 -2.11e+05 9.0e-01 9.0e-01 3.00e-01
 6 1.4e+15 6.0e-87 1.0e-06 +1.39e+11 -2.11e+04 9.0e-01 9.0e-01 3.00e-01
 7 2.1e+14 6.9e-87 1.0e-07 +2.13e+11 -2.11e+03 9.0e-01 9.0e-01 3.00e-01
 8 3.3e+13 7.8e-87 1.0e-08 +3.29e+11 -2.11e+02 9.0e-01 9.0e-01 3.00e-01
 9 5.1e+12 6.9e-87 1.0e-09 +5.05e+11 -2.13e+01 9.0e-01 9.0e-01 3.00e-01
10 8.5e+11 7.8e-87 1.0e-10 +7.66e+11 -2.28e+00 8.9e-01 8.9e-01 3.00e-01
11 2.1e+11 6.9e-87 1.1e-11 +1.03e+12 -3.78e-01 1.8e+00 9.3e-01 3.00e-01
12 4.9e+10 6.9e-87 8.1e-13 +4.95e+11 -2.01e-01 1.2e+00 1.0e+00 3.00e-01
13 1.1e+10 6.0e-87 4.3e-94 +1.37e+11 -3.10e-01 9.7e-01 9.7e-01 1.00e-01
14 1.4e+09 8.6e-87 6.4e-94 +1.74e+10 -3.12e-01 9.9e-01 9.9e-01 1.00e-01
15 1.6e+08 1.1e-86 1.5e-93 +1.87e+09 -3.14e-01 1.0e+00 1.0e+00 1.00e-01
16 1.6e+07 1.2e-86 3.6e-93 +1.89e+08 -3.16e-01 1.0e+00 1.0e+00 1.00e-01
17 1.6e+06 1.3e-86 1.9e-92 +1.89e+07 -3.18e-01 1.0e+00 1.0e+00 1.00e-01
18 1.6e+05 1.6e-86 3.7e-92 +1.89e+06 -3.19e-01 1.0e+00 1.0e+00 1.00e-01
19 1.6e+04 1.6e-86 1.7e-91 +1.89e+05 -3.21e-01 1.0e+00 1.0e+00 1.00e-01
20 1.6e+03 1.6e-86 4.1e-91 +1.89e+04 -3.22e-01 1.0e+00 1.0e+00 1.00e-01
21 1.6e+02 1.7e-86 1.3e-90 +1.89e+03 -3.23e-01 1.0e+00 1.0e+00 1.00e-01
22 1.6e+01 2.1e-86 5.4e-90 +1.89e+02 -3.24e-01 1.0e+00 9.0e+01 1.00e-01
23 1.6e+00 2.2e-86 3.0e-87 +1.90e+01 -2.01e-01 9.8e-01 1.9e+01 1.00e-01
24 1.8e-01 2.0e-86 5.3e-86 +1.98e+00 -1.81e-01 9.3e-01 1.7e+00 1.00e-01
25 2.4e-02 2.2e-86 3.8e-86 +2.29e-01 -6.19e-02 9.0e-01 9.5e-01 1.00e-01
26 4.5e-03 2.2e-86 1.9e-87 +2.89e-02 -2.45e-02 9.0e-01 8.7e-01 1.00e-01
27 8.9e-04 2.2e-86 2.4e-88 +3.30e-03 -7.44e-03 9.4e-01 9.2e-01 1.00e-01
28 1.5e-04 2.1e-86 1.7e-89 +3.49e-04 -1.40e-03 9.5e-01 9.8e-01 1.00e-01
29 1.8e-05 2.2e-86 1.7e-89 +1.80e-05 -2.01e-04 1.0e+00 9.4e-01 1.00e-01
30 2.6e-06 2.3e-86 6.0e-89 -1.72e-05 -4.84e-05 9.9e-01 9.6e-01 1.00e-01
31 3.4e-07 2.2e-86 5.7e-88 -2.10e-05 -2.51e-05 1.0e+00 9.7e-01 1.00e-01
32 4.1e-08 2.2e-86 7.5e-88 -2.15e-05 -2.20e-05 1.1e+00 9.8e-01 1.00e-01
33 4.4e-09 2.2e-86 4.4e-85 -2.15e-05 -2.16e-05 1.1e+00 9.9e-01 1.00e-01
34 4.5e-10 2.2e-86 4.5e-87 -2.15e-05 -2.15e-05 1.1e+00 9.9e-01 1.00e-01
35 4.5e-11 2.2e-86 4.8e-88 -2.15e-05 -2.15e-05 1.1e+00 9.9e-01 1.00e-01
36 4.5e-12 2.2e-86 5.5e-88 -2.15e-05 -2.15e-05 1.1e+00 9.9e-01 1.00e-01
37 4.5e-13 2.2e-86 4.9e-88 -2.15e-05 -2.15e-05 1.1e+00 9.9e-01 1.00e-01
38 4.5e-14 2.2e-86 5.6e-88 -2.15e-05 -2.15e-05 1.1e+00 9.9e-01 1.00e-01
39 4.5e-15 2.2e-86 7.6e-88 -2.15e-05 -2.15e-05 1.1e+00 9.9e-01 1.00e-01
40 4.5e-16 2.3e-86 5.7e-88 -2.15e-05 -2.15e-05 1.1e+00 9.9e-01 1.00e-01
41 4.5e-17 2.1e-86 7.3e-88 -2.15e-05 -2.15e-05 1.1e+00 9.9e-01 1.00e-01
42 4.5e-18 2.3e-86 6.5e-88 -2.15e-05 -2.15e-05 1.1e+00 9.9e-01 1.00e-01
43 4.5e-19 2.2e-86 7.9e-88 -2.15e-05 -2.15e-05 1.1e+00 9.9e-01 1.00e-01
44 4.5e-20 2.2e-86 8.6e-88 -2.15e-05 -2.15e-05 1.1e+00 9.9e-01 1.00e-01
45 4.6e-21 2.2e-86 6.1e-88 -2.15e-05 -2.15e-05 1.1e+00 9.9e-01 1.00e-01
46 4.6e-22 2.2e-86 2.1e-79 -2.15e-05 -2.15e-05 1.1e+00 9.9e-01 1.00e-01
47 4.6e-23 2.2e-86 1.4e-79 -2.15e-05 -2.15e-05 1.1e+00 9.9e-01 1.00e-01
48 4.6e-24 2.1e-86 4.5e-80 -2.15e-05 -2.15e-05 1.1e+00 9.9e-01 1.00e-01
49 4.6e-25 2.2e-86 3.0e-80 -2.15e-05 -2.15e-05 1.1e+00 9.9e-01 1.00e-01
50 4.6e-26 2.1e-86 6.1e-81 -2.15e-05 -2.15e-05 1.1e+00 9.9e-01 1.00e-01
51 4.6e-27 2.2e-86 1.6e-81 -2.15e-05 -2.15e-05 1.1e+00 9.9e-01 1.00e-01
52 4.6e-28 2.3e-86 7.6e-82 -2.15e-05 -2.15e-05 1.1e+00 9.9e-01 1.00e-01
53 4.6e-29 2.2e-86 8.0e-81 -2.15e-05 -2.15e-05 1.1e+00 9.9e-01 1.00e-01
54 4.6e-30 2.2e-86 4.5e-80 -2.15e-05 -2.15e-05 1.1e+00 9.9e-01 1.00e-01
55 4.6e-31 2.2e-86 5.6e-79 -2.15e-05 -2.15e-05 1.1e+00 9.9e-01 1.00e-01
56 4.6e-32 2.3e-86 2.8e-78 -2.15e-05 -2.15e-05 1.1e+00 9.9e-01 1.00e-01

phase.value = pdOPT     
   Iteration = 56
          mu = 4.5521745126712572e-32
relative gap = 5.4626094152055087e-31
         gap = 5.4626094152055087e-31
      digits = 2.5595700458203869e+01
objValPrimal = -2.1532804982749922e-05
objValDual   = -2.1532804982749922e-05
p.feas.error = 2.3317655098755000e-76
d.feas.error = 3.3948879774976397e-67
relative eps = 8.6361685550944446e-78
total time   = 0.110


Parameters are
maxIteration =    200
epsilonStar  = 1.000e-30
lambdaStar   = 1.000e+10
omegaStar    = 2.000e+00
lowerBound   = -1.000e+05
upperBound   = 1.000e+05
betaStar     = 1.000e-01
betaBar      = 3.000e-01
gammaStar    = 9.000e-01
epsilonDash  = 1.000e-30
precision    =    200

                         Time(sec)  Ratio(% : MainLoop) 
 Predictor time  =       0.040000,  36.363636
 Corrector time  =       0.010000,  9.090909
 Make bMat time  =       0.020000,  18.181818
 Make bDia time  =       0.000000,  0.000000
 Make bF1  time  =       0.020000,  18.181818
 Make bF2  time  =       0.000000,  0.000000
 Make bF3  time  =       0.000000,  0.000000
 Make bPRE time  =       0.020000,  18.181818
 Make rMat time  =       0.010000,  9.090909
 Make gVec Mul   =       0.000000,  0.000000
 Make gVec time  =       0.000000,  0.000000
 Cholesky bMat   =       0.000000,  0.000000
 Ste Pre time    =       0.000000,  0.000000
 Ste Cor time    =       0.040000,  36.363636
 solve           =       0.000000,  0.000000
 sumDz           =       0.000000,  0.000000
 makedX          =       0.020000,  18.181818
 symmetriseDx    =       0.000000,  0.000000
 makedXdZ        =       0.020000,  18.181818
 xMatTime        =       0.020000,  18.181818
 zMatTime        =       0.000000,  0.000000
 invzMatTime     =       0.000000,  0.000000
 xMatzMatTime    =       0.000000,  0.000000
 EigxMatTime     =       0.020000,  18.181818
 EigzMatTime     =       0.020000,  18.181818
 EigxMatzMatTime =       0.000000,  0.000000
 updateRes       =       0.000000,  0.000000
 EigTime         =       0.040000,  36.363636
 sub_total_bMat  =       0.090000,  81.818182
 Main Loop       =       0.110000,  100.000000
 File Check      =       0.000000,  0.000000
 File Change     =       0.000000,  0.000000
 File Read       =       0.000000,  0.000000
 Total           =       0.110000,  100.000000

xVec = 
{+2.153280498275e-05,+6.581780059666e-01,+6.138826681151e-01,+6.496852578566e-01,+7.320450778966e-01,+8.546899019493e-01,+1.020910867088e+00,+1.239960772002e+00}
xMat = 
{
{ {+9.999784671950e-01,+6.581780059666e-01,+6.138826681151e-01,+6.496852578566e-01,+7.320450778966e-01,+8.546899019493e-01 },
  {+6.581780059666e-01,+6.138611353101e-01,+6.496852578566e-01,+7.320450778966e-01,+8.546899019493e-01,+1.020910867088e+00 },
  {+6.138826681151e-01,+6.496852578566e-01,+7.320235450917e-01,+8.546899019493e-01,+1.020910867088e+00,+1.239960772002e+00 },
  {+6.496852578566e-01,+7.320450778966e-01,+8.546899019493e-01,+1.020889334283e+00,+1.239960772002e+00,+1.527373388039e+00 },
  {+7.320450778966e-01,+8.546899019493e-01,+1.020910867088e+00,+1.239960772002e+00,+1.527351855234e+00,+1.908463541515e+00 },
  {+8.546899019493e-01,+1.020910867088e+00,+1.239960772002e+00,+1.527373388039e+00,+1.908463541515e+00,+2.431041975714e+00 }   }
{ {+6.581564731616e-01,+6.138826681151e-01,+6.496852578566e-01,+7.320450778966e-01,+8.546899019493e-01,+1.020910867088e+00 },
  {+6.138826681151e-01,+6.496637250516e-01,+7.320450778966e-01,+8.546899019493e-01,+1.020910867088e+00,+1.239960772002e+00 },
  {+6.496852578566e-01,+7.320450778966e-01,+8.546683691444e-01,+1.020910867088e+00,+1.239960772002e+00,+1.527373388039e+00 },
  {+7.320450778966e-01,+8.546899019493e-01,+1.020910867088e+00,+1.239939239197e+00,+1.527373388039e+00,+1.908463541515e+00 },
  {+8.546899019493e-01,+1.020910867088e+00,+1.239960772002e+00,+1.527373388039e+00,+1.908442008710e+00,+2.431063508519e+00 },
  {+1.020910867088e+00,+1.239960772002e+00,+1.527373388039e+00,+1.908463541515e+00,+2.431063508519e+00,+3.272185708523e+00 }   }
}
yMat = 
{
{ {+4.215558775722e-05,-7.315767009202e-04,+2.581339374132e-03,-3.310032248165e-03,+1.688713058455e-03,-2.702985203647e-04 },
  {-7.315767009202e-04,+1.269593185159e-02,-4.479709200494e-02,+5.744297733430e-02,-2.930627216539e-02,+4.690815863626e-03 },
  {+2.581339374132e-03,-4.479709200494e-02,+1.580647624419e-01,-2.026852672780e-01,+1.034060190195e-01,-1.655135773234e-02 },
  {-3.310032248165e-03,+5.744297733430e-02,-2.026852672780e-01,+2.599018082013e-01,-1.325967678016e-01,+2.122368271061e-02 },
  {+1.688713058455e-03,-2.930627216539e-02,+1.034060190195e-01,-1.325967678016e-01,+6.764825128805e-02,-1.082790361386e-02 },
  {-2.702985203647e-04,+4.690815863626e-03,-1.655135773234e-02,+2.122368271061e-02,-1.082790361386e-02,+1.733134182166e-03 }   }
{ {+1.293704096965e-03,-8.798813817090e-03,+1.815024513803e-02,-1.476341804338e-02,+4.492854844606e-03,-2.688552742657e-04 },
  {-8.798813817090e-03,+5.984299251231e-02,-1.234444785935e-01,+1.004097977059e-01,-3.055705966893e-02,+1.828553768637e-03 },
  {+1.815024513803e-02,-1.234444785935e-01,+2.546419999314e-01,-2.071259240743e-01,+6.303328326044e-02,-3.771951519689e-03 },
  {-1.476341804338e-02,+1.004097977059e-01,-2.071259240743e-01,+1.684763253320e-01,-5.127130263772e-02,+3.068107163349e-03 },
  {+4.492854844606e-03,-3.055705966893e-02,+6.303328326044e-02,-5.127130263772e-02,+1.560306155175e-02,-9.336970674486e-04 },
  {-2.688552742657e-04,+1.828553768637e-03,-3.771951519689e-03,+3.068107163349e-03,-9.336970674486e-04,+5.587302279561e-05 }   }
}
    main loop time = 0.110000
        total time = 0.110000
  file   read time = 0.000000
