SDPA-GMP start at Wed Jun  5 23:35:12 2024
*SDP Scan Problem: V = x^2 - 2*x^4 + x^8
* K = 6; eval = 5.376884422110553; Domain = R+ with BCs: Neumann
data      is /Users/gorg/qmBoot/data/K=6_BC-Neumann_V_0.0_0.0_1.0_0.0_-2.0_0.0_0.0_0.0_1.0/e=5.376884422110553_K=6_D=R+.dat
parameter is ./param.sdpa
out       is /Users/gorg/qmBoot/data/K=6_BC-Neumann_V_0.0_0.0_1.0_0.0_-2.0_0.0_0.0_0.0_1.0/e=5.376884422110553_K=6_D=R+.out
DENSE computation
   mu      thetaP  thetaD  objP      objD      alphaP  alphaD  beta 
 0 1.0e+20 1.0e+00 1.0e+00 +0.00e+00 -2.29e+10 1.0e+00 9.0e-01 3.00e-01
 1 1.6e+19 8.6e-88 1.0e-01 +1.60e+10 -2.29e+09 9.0e-01 9.0e-01 3.00e-01
 2 2.5e+18 8.6e-88 1.0e-02 +2.46e+10 -2.29e+08 9.0e-01 9.0e-01 3.00e-01
 3 3.8e+17 3.5e-87 1.0e-03 +3.79e+10 -2.29e+07 9.0e-01 9.0e-01 3.00e-01
 4 5.8e+16 4.3e-87 1.0e-04 +5.84e+10 -2.29e+06 9.0e-01 9.0e-01 3.00e-01
 5 9.0e+15 5.2e-87 1.0e-05 +9.00e+10 -2.29e+05 9.0e-01 9.0e-01 3.00e-01
 6 1.4e+15 6.0e-87 1.0e-06 +1.39e+11 -2.29e+04 9.0e-01 9.0e-01 3.00e-01
 7 2.1e+14 6.9e-87 1.0e-07 +2.13e+11 -2.29e+03 9.0e-01 9.0e-01 3.00e-01
 8 3.3e+13 7.8e-87 1.0e-08 +3.29e+11 -2.29e+02 9.0e-01 9.0e-01 3.00e-01
 9 5.1e+12 8.6e-87 1.0e-09 +5.05e+11 -2.31e+01 9.0e-01 9.0e-01 3.00e-01
10 8.5e+11 1.0e-86 1.0e-10 +7.66e+11 -2.47e+00 8.9e-01 8.9e-01 3.00e-01
11 2.1e+11 1.0e-86 1.2e-11 +1.03e+12 -4.06e-01 1.8e+00 9.3e-01 3.00e-01
12 4.9e+10 1.1e-86 8.7e-13 +4.85e+11 -2.12e-01 1.2e+00 1.0e+00 3.00e-01
13 1.1e+10 1.5e-86 6.7e-94 +1.33e+11 -3.36e-01 9.7e-01 9.7e-01 1.00e-01
14 1.4e+09 1.7e-86 6.0e-94 +1.70e+10 -3.38e-01 9.9e-01 9.9e-01 1.00e-01
15 1.5e+08 1.7e-86 1.1e-93 +1.84e+09 -3.40e-01 1.0e+00 1.0e+00 1.00e-01
16 1.5e+07 1.8e-86 5.4e-93 +1.86e+08 -3.42e-01 1.0e+00 1.0e+00 1.00e-01
17 1.5e+06 2.2e-86 2.7e-92 +1.86e+07 -3.44e-01 1.0e+00 1.0e+00 1.00e-01
18 1.5e+05 1.9e-86 3.7e-92 +1.86e+06 -3.45e-01 1.0e+00 1.0e+00 1.00e-01
19 1.5e+04 2.1e-86 1.6e-91 +1.86e+05 -3.46e-01 1.0e+00 1.0e+00 1.00e-01
20 1.5e+03 2.2e-86 3.1e-91 +1.86e+04 -3.48e-01 1.0e+00 1.0e+00 1.00e-01
21 1.6e+02 2.3e-86 1.4e-90 +1.86e+03 -3.49e-01 1.0e+00 1.0e+00 1.00e-01
22 1.6e+01 2.4e-86 6.7e-90 +1.86e+02 -3.49e-01 1.0e+00 9.0e+01 1.00e-01
23 1.6e+00 2.7e-86 2.9e-87 +1.87e+01 -1.88e-01 9.8e-01 9.8e-01 1.00e-01
24 1.8e-01 2.8e-86 1.6e-88 +1.96e+00 -1.91e-01 9.2e-01 1.8e+00 1.00e-01
25 2.6e-02 2.6e-86 2.4e-88 +2.50e-01 -5.68e-02 8.9e-01 1.2e+00 1.00e-01
26 4.3e-03 2.8e-86 1.4e-88 +3.15e-02 -2.00e-02 8.9e-01 9.3e-01 1.00e-01
27 8.0e-04 2.8e-86 7.2e-89 +3.58e-03 -6.04e-03 9.1e-01 9.6e-01 1.00e-01
28 1.3e-04 2.8e-86 1.7e-89 +3.74e-04 -1.13e-03 9.2e-01 9.7e-01 1.00e-01
29 1.7e-05 2.7e-86 1.2e-89 +1.89e-05 -1.87e-04 1.0e+00 9.5e-01 1.00e-01
30 2.4e-06 2.8e-86 2.1e-89 -1.80e-05 -4.63e-05 1.0e+00 9.8e-01 1.00e-01
31 2.7e-07 2.8e-86 1.4e-88 -2.18e-05 -2.50e-05 1.0e+00 9.8e-01 1.00e-01
32 3.0e-08 2.7e-86 1.8e-88 -2.22e-05 -2.25e-05 1.0e+00 9.9e-01 1.00e-01
33 3.0e-09 2.8e-86 1.5e-90 -2.22e-05 -2.23e-05 1.0e+00 9.9e-01 1.00e-01
34 3.1e-10 2.8e-86 3.9e-90 -2.22e-05 -2.22e-05 1.0e+00 9.9e-01 1.00e-01
35 3.1e-11 2.7e-86 5.3e-90 -2.22e-05 -2.22e-05 1.0e+00 9.9e-01 1.00e-01
36 3.1e-12 2.8e-86 3.6e-90 -2.22e-05 -2.22e-05 1.0e+00 9.9e-01 1.00e-01
37 3.1e-13 2.6e-86 2.3e-90 -2.22e-05 -2.22e-05 1.0e+00 9.9e-01 1.00e-01
38 3.1e-14 2.8e-86 1.5e-89 -2.22e-05 -2.22e-05 1.0e+00 9.9e-01 1.00e-01
39 3.1e-15 2.8e-86 9.0e-90 -2.22e-05 -2.22e-05 1.0e+00 9.9e-01 1.00e-01
40 3.1e-16 2.7e-86 7.3e-90 -2.22e-05 -2.22e-05 1.0e+00 9.9e-01 1.00e-01
41 3.1e-17 2.8e-86 1.1e-89 -2.22e-05 -2.22e-05 1.0e+00 9.9e-01 1.00e-01
42 3.1e-18 2.8e-86 8.5e-90 -2.22e-05 -2.22e-05 1.0e+00 9.9e-01 1.00e-01
43 3.1e-19 2.8e-86 6.8e-90 -2.22e-05 -2.22e-05 1.0e+00 9.9e-01 1.00e-01
44 3.1e-20 2.8e-86 1.5e-89 -2.22e-05 -2.22e-05 1.0e+00 9.9e-01 1.00e-01
45 3.1e-21 2.7e-86 2.9e-80 -2.22e-05 -2.22e-05 1.0e+00 9.9e-01 1.00e-01
46 3.1e-22 2.7e-86 3.1e-80 -2.22e-05 -2.22e-05 1.0e+00 9.9e-01 1.00e-01
47 3.1e-23 2.8e-86 1.5e-80 -2.22e-05 -2.22e-05 1.0e+00 9.9e-01 1.00e-01
48 3.1e-24 2.8e-86 5.9e-81 -2.22e-05 -2.22e-05 1.0e+00 9.9e-01 1.00e-01
49 3.1e-25 2.8e-86 3.4e-81 -2.22e-05 -2.22e-05 1.0e+00 9.9e-01 1.00e-01
50 3.1e-26 2.8e-86 8.9e-82 -2.22e-05 -2.22e-05 1.0e+00 9.9e-01 1.00e-01
51 3.1e-27 2.8e-86 2.2e-82 -2.22e-05 -2.22e-05 1.0e+00 9.9e-01 1.00e-01
52 3.1e-28 2.8e-86 4.7e-82 -2.22e-05 -2.22e-05 1.0e+00 9.9e-01 1.00e-01
53 3.1e-29 2.8e-86 5.9e-81 -2.22e-05 -2.22e-05 1.0e+00 9.9e-01 1.00e-01
54 3.1e-30 2.8e-86 5.6e-80 -2.22e-05 -2.22e-05 1.0e+00 9.9e-01 1.00e-01
55 3.1e-31 2.8e-86 9.3e-79 -2.22e-05 -2.22e-05 1.0e+00 9.9e-01 1.00e-01
56 3.1e-32 2.8e-86 4.0e-78 -2.22e-05 -2.22e-05 1.0e+00 9.9e-01 1.00e-01

phase.value = pdOPT     
   Iteration = 56
          mu = 3.0590895772569889e-32
relative gap = 3.6709074927083867e-31
         gap = 3.6709074927083867e-31
      digits = 2.5782090413300125e+01
objValPrimal = -2.2226130177885438e-05
objValDual   = -2.2226130177885438e-05
p.feas.error = 2.7635739376302223e-76
d.feas.error = 4.7810386971350558e-67
relative eps = 8.6361685550944446e-78
total time   = 0.110


Parameters are
maxIteration =    200
epsilonStar  = 1.000e-30
lambdaStar   = 1.000e+10
omegaStar    = 2.000e+00
lowerBound   = -1.000e+05
upperBound   = 1.000e+05
betaStar     = 1.000e-01
betaBar      = 3.000e-01
gammaStar    = 9.000e-01
epsilonDash  = 1.000e-30
precision    =    200

                         Time(sec)  Ratio(% : MainLoop) 
 Predictor time  =       0.040000,  36.363636
 Corrector time  =       0.000000,  0.000000
 Make bMat time  =       0.020000,  18.181818
 Make bDia time  =       0.000000,  0.000000
 Make bF1  time  =       0.010000,  9.090909
 Make bF2  time  =       0.000000,  0.000000
 Make bF3  time  =       0.010000,  9.090909
 Make bPRE time  =       0.010000,  9.090909
 Make rMat time  =       0.000000,  0.000000
 Make gVec Mul   =       0.000000,  0.000000
 Make gVec time  =       0.000000,  0.000000
 Cholesky bMat   =       0.010000,  9.090909
 Ste Pre time    =       0.000000,  0.000000
 Ste Cor time    =       0.050000,  45.454545
 solve           =       0.000000,  0.000000
 sumDz           =       0.000000,  0.000000
 makedX          =       0.010000,  9.090909
 symmetriseDx    =       0.000000,  0.000000
 makedXdZ        =       0.010000,  9.090909
 xMatTime        =       0.000000,  0.000000
 zMatTime        =       0.010000,  9.090909
 invzMatTime     =       0.000000,  0.000000
 xMatzMatTime    =       0.000000,  0.000000
 EigxMatTime     =       0.030000,  27.272727
 EigzMatTime     =       0.020000,  18.181818
 EigxMatzMatTime =       0.000000,  0.000000
 updateRes       =       0.010000,  9.090909
 EigTime         =       0.050000,  45.454545
 sub_total_bMat  =       0.090000,  81.818182
 Main Loop       =       0.110000,  100.000000
 File Check      =       0.000000,  0.000000
 File Change     =       0.000000,  0.000000
 File Read       =       0.000000,  0.000000
 Total           =       0.110000,  100.000000

xVec = 
{+2.222613017789e-05,+6.802377956125e-01,+6.471307889722e-01,+6.977184633802e-01,+8.004225879369e-01,+9.506348393858e-01,+1.153914769426e+00,+1.422700646820e+00}
xMat = 
{
{ {+9.999777738698e-01,+6.802377956125e-01,+6.471307889722e-01,+6.977184633802e-01,+8.004225879369e-01,+9.506348393858e-01 },
  {+6.802377956125e-01,+6.471085628420e-01,+6.977184633802e-01,+8.004225879369e-01,+9.506348393858e-01,+1.153914769426e+00 },
  {+6.471307889722e-01,+6.977184633802e-01,+8.004003618067e-01,+9.506348393858e-01,+1.153914769426e+00,+1.422700646820e+00 },
  {+6.977184633802e-01,+8.004225879369e-01,+9.506348393858e-01,+1.153892543296e+00,+1.422700646820e+00,+1.777031674358e+00 },
  {+8.004225879369e-01,+9.506348393858e-01,+1.153914769426e+00,+1.422700646820e+00,+1.777009448227e+00,+2.248814565588e+00 },
  {+9.506348393858e-01,+1.153914769426e+00,+1.422700646820e+00,+1.777031674358e+00,+2.248814565588e+00,+2.896563447782e+00 }   }
{ {+6.802155694824e-01,+6.471307889722e-01,+6.977184633802e-01,+8.004225879369e-01,+9.506348393858e-01,+1.153914769426e+00 },
  {+6.471307889722e-01,+6.976962372500e-01,+8.004225879369e-01,+9.506348393858e-01,+1.153914769426e+00,+1.422700646820e+00 },
  {+6.977184633802e-01,+8.004225879369e-01,+9.506126132557e-01,+1.153914769426e+00,+1.422700646820e+00,+1.777031674358e+00 },
  {+8.004225879369e-01,+9.506348393858e-01,+1.153914769426e+00,+1.422678420690e+00,+1.777031674358e+00,+2.248814565588e+00 },
  {+9.506348393858e-01,+1.153914769426e+00,+1.422700646820e+00,+1.777031674358e+00,+2.248792339458e+00,+2.896585673913e+00 },
  {+1.153914769426e+00,+1.422700646820e+00,+1.777031674358e+00,+2.248814565588e+00,+2.896585673913e+00,+3.925836084577e+00 }   }
}
yMat = 
{
{ {+4.827729919941e-05,-8.080927572268e-04,+2.795519495016e-03,-3.528009428930e-03,+1.774029318700e-03,-2.798798618938e-04 },
  {-8.080927572268e-04,+1.352631392210e-02,-4.679298747177e-02,+5.905381854876e-02,-2.969470677364e-02,+4.684787530385e-03 },
  {+2.795519495016e-03,-4.679298747177e-02,+1.618758583561e-01,-2.042910291323e-01,+1.027259939433e-01,-1.620657375540e-02 },
  {-3.528009428930e-03,+5.905381854876e-02,-2.042910291323e-01,+2.578199430586e-01,-1.296425497566e-01,+2.045306610153e-02 },
  {+1.774029318700e-03,-2.969470677364e-02,+1.027259939433e-01,-1.296425497566e-01,+6.518964556423e-02,-1.028464907829e-02 },
  {-2.798798618938e-04,+4.684787530385e-03,-1.620657375540e-02,+2.045306610153e-02,-1.028464907829e-02,+1.622558394788e-03 }   }
{ {+1.419732451505e-03,-9.411366275781e-03,+1.908468908526e-02,-1.529110777451e-02,+4.587244993845e-03,-2.708397849212e-04 },
  {-9.411366275781e-03,+6.238768092045e-02,-1.265118642955e-01,+1.013643210563e-01,-3.040871735238e-02,+1.795389275807e-03 },
  {+1.908468908526e-02,-1.265118642955e-01,+2.565450674139e-01,-2.055500227077e-01,+6.166383276839e-02,-3.640751524458e-03 },
  {-1.529110777451e-02,+1.013643210563e-01,-2.055500227077e-01,+1.646915774334e-01,-4.940653255803e-02,+2.917056897914e-03 },
  {+4.587244993845e-03,-3.040871735238e-02,+6.166383276839e-02,-4.940653255803e-02,+1.482167757119e-02,-8.751004079655e-04 },
  {-2.708397849212e-04,+1.795389275807e-03,-3.640751524458e-03,+2.917056897914e-03,-8.751004079655e-04,+5.166761456949e-05 }   }
}
    main loop time = 0.110000
        total time = 0.110000
  file   read time = 0.000000
