SDPA-GMP start at Wed Jun  5 23:35:12 2024
*SDP Scan Problem: V = x^2 - 2*x^4 + x^8
* K = 6; eval = 5.8793969849246235; Domain = R+ with BCs: Neumann
data      is /Users/gorg/qmBoot/data/K=6_BC-Neumann_V_0.0_0.0_1.0_0.0_-2.0_0.0_0.0_0.0_1.0/e=5.8793969849246235_K=6_D=R+.dat
parameter is ./param.sdpa
out       is /Users/gorg/qmBoot/data/K=6_BC-Neumann_V_0.0_0.0_1.0_0.0_-2.0_0.0_0.0_0.0_1.0/e=5.8793969849246235_K=6_D=R+.out
DENSE computation
   mu      thetaP  thetaD  objP      objD      alphaP  alphaD  beta 
 0 1.0e+20 1.0e+00 1.0e+00 +0.00e+00 -2.39e+10 1.0e+00 9.0e-01 3.00e-01
 1 1.6e+19 8.6e-88 1.0e-01 +1.60e+10 -2.39e+09 9.0e-01 9.0e-01 3.00e-01
 2 2.5e+18 1.7e-87 1.0e-02 +2.46e+10 -2.39e+08 9.0e-01 9.0e-01 3.00e-01
 3 3.8e+17 2.6e-87 1.0e-03 +3.79e+10 -2.39e+07 9.0e-01 9.0e-01 3.00e-01
 4 5.8e+16 5.2e-87 1.0e-04 +5.84e+10 -2.39e+06 9.0e-01 9.0e-01 3.00e-01
 5 9.0e+15 6.0e-87 1.0e-05 +9.00e+10 -2.39e+05 9.0e-01 9.0e-01 3.00e-01
 6 1.4e+15 7.8e-87 1.0e-06 +1.39e+11 -2.39e+04 9.0e-01 9.0e-01 3.00e-01
 7 2.1e+14 7.8e-87 1.0e-07 +2.13e+11 -2.39e+03 9.0e-01 9.0e-01 3.00e-01
 8 3.3e+13 6.9e-87 1.0e-08 +3.29e+11 -2.39e+02 9.0e-01 9.0e-01 3.00e-01
 9 5.1e+12 6.9e-87 1.0e-09 +5.05e+11 -2.41e+01 9.0e-01 9.0e-01 3.00e-01
10 8.5e+11 7.8e-87 1.0e-10 +7.66e+11 -2.58e+00 8.8e-01 8.8e-01 3.00e-01
11 2.1e+11 9.5e-87 1.2e-11 +1.03e+12 -4.21e-01 1.9e+00 9.2e-01 3.00e-01
12 4.9e+10 1.0e-86 8.9e-13 +4.81e+11 -2.19e-01 1.2e+00 1.0e+00 3.00e-01
13 1.1e+10 1.3e-86 6.7e-94 +1.31e+11 -3.51e-01 9.7e-01 9.7e-01 1.00e-01
14 1.4e+09 1.3e-86 9.0e-94 +1.68e+10 -3.53e-01 9.9e-01 9.9e-01 1.00e-01
15 1.5e+08 1.5e-86 2.0e-93 +1.83e+09 -3.55e-01 1.0e+00 1.0e+00 1.00e-01
16 1.5e+07 1.4e-86 5.0e-93 +1.85e+08 -3.56e-01 1.0e+00 1.0e+00 1.00e-01
17 1.5e+06 1.6e-86 2.5e-92 +1.85e+07 -3.58e-01 1.0e+00 1.0e+00 1.00e-01
18 1.5e+05 2.0e-86 6.5e-92 +1.85e+06 -3.60e-01 1.0e+00 1.0e+00 1.00e-01
19 1.5e+04 2.2e-86 1.8e-91 +1.85e+05 -3.61e-01 1.0e+00 1.0e+00 1.00e-01
20 1.5e+03 2.2e-86 3.8e-91 +1.85e+04 -3.62e-01 1.0e+00 1.0e+00 1.00e-01
21 1.5e+02 2.2e-86 1.8e-90 +1.85e+03 -3.63e-01 1.0e+00 1.0e+00 1.00e-01
22 1.5e+01 2.7e-86 4.8e-90 +1.85e+02 -3.64e-01 1.0e+00 9.0e+01 1.00e-01
23 1.6e+00 2.8e-86 2.3e-87 +1.86e+01 -1.80e-01 9.8e-01 9.8e-01 1.00e-01
24 1.8e-01 2.9e-86 1.7e-88 +1.95e+00 -1.85e-01 9.2e-01 1.7e+00 1.00e-01
25 2.6e-02 2.8e-86 2.9e-88 +2.48e-01 -5.96e-02 8.9e-01 1.2e+00 1.00e-01
26 4.3e-03 2.7e-86 1.4e-88 +3.11e-02 -2.05e-02 8.9e-01 9.3e-01 1.00e-01
27 8.1e-04 2.8e-86 7.2e-89 +3.53e-03 -6.17e-03 9.1e-01 9.5e-01 1.00e-01
28 1.3e-04 2.8e-86 2.0e-89 +3.69e-04 -1.15e-03 9.3e-01 9.8e-01 1.00e-01
29 1.7e-05 2.9e-86 1.3e-89 +1.82e-05 -1.86e-04 1.0e+00 9.5e-01 1.00e-01
30 2.3e-06 2.8e-86 2.3e-89 -1.83e-05 -4.64e-05 1.0e+00 9.8e-01 1.00e-01
31 2.7e-07 2.9e-86 1.6e-88 -2.21e-05 -2.54e-05 1.0e+00 9.8e-01 1.00e-01
32 3.0e-08 2.8e-86 1.6e-89 -2.25e-05 -2.29e-05 1.0e+00 9.9e-01 1.00e-01
33 3.0e-09 2.8e-86 2.4e-90 -2.26e-05 -2.26e-05 1.0e+00 9.9e-01 1.00e-01
34 3.0e-10 2.8e-86 3.8e-90 -2.26e-05 -2.26e-05 1.0e+00 9.9e-01 1.00e-01
35 3.0e-11 2.8e-86 3.4e-90 -2.26e-05 -2.26e-05 1.0e+00 9.9e-01 1.00e-01
36 3.0e-12 2.8e-86 1.4e-90 -2.26e-05 -2.26e-05 1.0e+00 9.9e-01 1.00e-01
37 3.0e-13 2.8e-86 1.9e-90 -2.26e-05 -2.26e-05 1.0e+00 9.9e-01 1.00e-01
38 3.0e-14 2.8e-86 1.2e-90 -2.26e-05 -2.26e-05 1.0e+00 9.9e-01 1.00e-01
39 3.0e-15 2.9e-86 1.7e-89 -2.26e-05 -2.26e-05 1.0e+00 9.9e-01 1.00e-01
40 3.0e-16 2.8e-86 1.5e-89 -2.26e-05 -2.26e-05 1.0e+00 9.9e-01 1.00e-01
41 3.0e-17 2.8e-86 6.5e-90 -2.26e-05 -2.26e-05 1.0e+00 9.9e-01 1.00e-01
42 3.0e-18 2.8e-86 6.2e-90 -2.26e-05 -2.26e-05 1.0e+00 9.9e-01 1.00e-01
43 3.0e-19 2.8e-86 1.0e-89 -2.26e-05 -2.26e-05 1.0e+00 9.9e-01 1.00e-01
44 3.0e-20 2.8e-86 7.9e-90 -2.26e-05 -2.26e-05 1.0e+00 9.9e-01 1.00e-01
45 3.0e-21 2.8e-86 2.7e-80 -2.26e-05 -2.26e-05 1.0e+00 9.9e-01 1.00e-01
46 3.0e-22 2.8e-86 1.9e-80 -2.26e-05 -2.26e-05 1.0e+00 9.9e-01 1.00e-01
47 3.0e-23 2.8e-86 1.8e-80 -2.26e-05 -2.26e-05 1.0e+00 9.9e-01 1.00e-01
48 3.0e-24 2.8e-86 6.2e-81 -2.26e-05 -2.26e-05 1.0e+00 9.9e-01 1.00e-01
49 3.0e-25 2.8e-86 4.0e-81 -2.26e-05 -2.26e-05 1.0e+00 9.9e-01 1.00e-01
50 3.0e-26 2.8e-86 7.0e-82 -2.26e-05 -2.26e-05 1.0e+00 9.9e-01 1.00e-01
51 3.0e-27 2.8e-86 2.0e-82 -2.26e-05 -2.26e-05 1.0e+00 9.9e-01 1.00e-01
52 3.0e-28 3.0e-86 7.2e-82 -2.26e-05 -2.26e-05 1.0e+00 9.9e-01 1.00e-01
53 3.0e-29 2.9e-86 4.3e-81 -2.26e-05 -2.26e-05 1.0e+00 9.9e-01 1.00e-01
54 3.0e-30 3.0e-86 1.1e-79 -2.26e-05 -2.26e-05 1.0e+00 9.9e-01 1.00e-01
55 3.0e-31 2.8e-86 1.2e-78 -2.26e-05 -2.26e-05 1.0e+00 9.9e-01 1.00e-01
56 3.0e-32 2.9e-86 5.0e-78 -2.26e-05 -2.26e-05 1.0e+00 9.9e-01 1.00e-01

phase.value = pdOPT     
   Iteration = 56
          mu = 3.0413095414978042e-32
relative gap = 3.6495714497973651e-31
         gap = 3.6495714497973651e-31
      digits = 2.5791105270489606e+01
objValPrimal = -2.2560417947617954e-05
objValDual   = -2.2560417947617954e-05
p.feas.error = 2.9362973087321112e-76
d.feas.error = 6.0109422747578985e-67
relative eps = 8.6361685550944446e-78
total time   = 0.110


Parameters are
maxIteration =    200
epsilonStar  = 1.000e-30
lambdaStar   = 1.000e+10
omegaStar    = 2.000e+00
lowerBound   = -1.000e+05
upperBound   = 1.000e+05
betaStar     = 1.000e-01
betaBar      = 3.000e-01
gammaStar    = 9.000e-01
epsilonDash  = 1.000e-30
precision    =    200

                         Time(sec)  Ratio(% : MainLoop) 
 Predictor time  =       0.030000,  27.272727
 Corrector time  =       0.020000,  18.181818
 Make bMat time  =       0.020000,  18.181818
 Make bDia time  =       0.000000,  0.000000
 Make bF1  time  =       0.020000,  18.181818
 Make bF2  time  =       0.000000,  0.000000
 Make bF3  time  =       0.000000,  0.000000
 Make bPRE time  =       0.020000,  18.181818
 Make rMat time  =       0.020000,  18.181818
 Make gVec Mul   =       0.000000,  0.000000
 Make gVec time  =       0.010000,  9.090909
 Cholesky bMat   =       0.000000,  0.000000
 Ste Pre time    =       0.000000,  0.000000
 Ste Cor time    =       0.060000,  54.545455
 solve           =       0.000000,  0.000000
 sumDz           =       0.000000,  0.000000
 makedX          =       0.000000,  0.000000
 symmetriseDx    =       0.000000,  0.000000
 makedXdZ        =       0.000000,  0.000000
 xMatTime        =       0.000000,  0.000000
 zMatTime        =       0.000000,  0.000000
 invzMatTime     =       0.000000,  0.000000
 xMatzMatTime    =       0.000000,  0.000000
 EigxMatTime     =       0.020000,  18.181818
 EigzMatTime     =       0.040000,  36.363636
 EigxMatzMatTime =       0.000000,  0.000000
 updateRes       =       0.000000,  0.000000
 EigTime         =       0.060000,  54.545455
 sub_total_bMat  =       0.090000,  81.818182
 Main Loop       =       0.110000,  100.000000
 File Check      =       0.000000,  0.000000
 File Change     =       0.000000,  0.000000
 File Read       =       0.000000,  0.000000
 Total           =       0.110000,  100.000000

xVec = 
{+2.256041794762e-05,+6.905491571676e-01,+6.631144802423e-01,+7.214228268544e-01,+8.349647947922e-01,+1.000121204921e+00,+1.223810677202e+00,+1.520384439271e+00}
xMat = 
{
{ {+9.999774395821e-01,+6.905491571676e-01,+6.631144802423e-01,+7.214228268544e-01,+8.349647947922e-01,+1.000121204921e+00 },
  {+6.905491571676e-01,+6.630919198244e-01,+7.214228268544e-01,+8.349647947922e-01,+1.000121204921e+00,+1.223810677202e+00 },
  {+6.631144802423e-01,+7.214228268544e-01,+8.349422343742e-01,+1.000121204921e+00,+1.223810677202e+00,+1.520384439271e+00 },
  {+7.214228268544e-01,+8.349647947922e-01,+1.000121204921e+00,+1.223788116784e+00,+1.520384439271e+00,+1.912591358639e+00 },
  {+8.349647947922e-01,+1.000121204921e+00,+1.223810677202e+00,+1.520384439271e+00,+1.912568798221e+00,+2.436290974620e+00 },
  {+1.000121204921e+00,+1.223810677202e+00,+1.520384439271e+00,+1.912591358639e+00,+2.436290974620e+00,+3.156318499617e+00 }   }
{ {+6.905265967497e-01,+6.631144802423e-01,+7.214228268544e-01,+8.349647947922e-01,+1.000121204921e+00,+1.223810677202e+00 },
  {+6.631144802423e-01,+7.214002664364e-01,+8.349647947922e-01,+1.000121204921e+00,+1.223810677202e+00,+1.520384439271e+00 },
  {+7.214228268544e-01,+8.349647947922e-01,+1.000098644503e+00,+1.223810677202e+00,+1.520384439271e+00,+1.912591358639e+00 },
  {+8.349647947922e-01,+1.000121204921e+00,+1.223810677202e+00,+1.520361878853e+00,+1.912591358639e+00,+2.436290974620e+00 },
  {+1.000121204921e+00,+1.223810677202e+00,+1.520384439271e+00,+1.912591358639e+00,+2.436268414202e+00,+3.156341060035e+00 },
  {+1.223810677202e+00,+1.520384439271e+00,+1.912591358639e+00,+2.436290974620e+00,+3.156341060035e+00,+4.294155809821e+00 }   }
}
yMat = 
{
{ {+5.149680832408e-05,-8.473068659541e-04,+2.903563105134e-03,-3.636385467655e-03,+1.815783800370e-03,-2.844929264110e-04 },
  {-8.473068659541e-04,+1.394123147545e-02,-4.777400842453e-02,+5.983155994076e-02,-2.987614439053e-02,+4.680927181864e-03 },
  {+2.903563105134e-03,-4.777400842453e-02,+1.637126451107e-01,-2.050316325137e-01,+1.023799924934e-01,-1.604066721184e-02 },
  {-3.636385467655e-03,+5.983155994076e-02,-2.050316325137e-01,+2.567790063058e-01,-1.282193992007e-01,+2.008912740264e-02 },
  {+1.815783800370e-03,-2.987614439053e-02,+1.023799924934e-01,-1.282193992007e-01,+6.402476031010e-02,-1.003125560415e-02 },
  {-2.844929264110e-04,+4.680927181864e-03,-1.604066721184e-02,+2.008912740264e-02,-1.003125560415e-02,+1.571674591337e-03 }   }
{ {+1.483964816334e-03,-9.717856352586e-03,+1.954495630517e-02,-1.554640933243e-02,+4.631805170828e-03,-2.716969503680e-04 },
  {-9.717856352586e-03,+6.363812069535e-02,-1.279916314057e-01,+1.018068427419e-01,-3.033172808940e-02,+1.779228123235e-03 },
  {+1.954495630517e-02,-1.279916314057e-01,+2.574220849216e-01,-2.047581504360e-01,+6.100443129207e-02,-3.578457497604e-03 },
  {-1.554640933243e-02,+1.018068427419e-01,-2.047581504360e-01,+1.628683109405e-01,-4.852402047621e-02,+2.846369373655e-03 },
  {+4.631805170828e-03,-3.033172808940e-02,+6.100443129207e-02,-4.852402047621e-02,+1.445695942678e-02,-8.480304423402e-04 },
  {-2.716969503680e-04,+1.779228123235e-03,-3.578457497604e-03,+2.846369373655e-03,-8.480304423402e-04,+4.974459773356e-05 }   }
}
    main loop time = 0.110000
        total time = 0.110000
  file   read time = 0.000000
