SDPA-GMP start at Wed Jun  5 23:35:12 2024
*SDP Scan Problem: V = x^2 - 2*x^4 + x^8
* K = 6; eval = 5.577889447236181; Domain = R+ with BCs: Neumann
data      is /Users/gorg/qmBoot/data/K=6_BC-Neumann_V_0.0_0.0_1.0_0.0_-2.0_0.0_0.0_0.0_1.0/e=5.577889447236181_K=6_D=R+.dat
parameter is ./param.sdpa
out       is /Users/gorg/qmBoot/data/K=6_BC-Neumann_V_0.0_0.0_1.0_0.0_-2.0_0.0_0.0_0.0_1.0/e=5.577889447236181_K=6_D=R+.out
DENSE computation
   mu      thetaP  thetaD  objP      objD      alphaP  alphaD  beta 
 0 1.0e+20 1.0e+00 1.0e+00 +0.00e+00 -2.33e+10 1.0e+00 9.0e-01 3.00e-01
 1 1.6e+19 8.6e-88 1.0e-01 +1.60e+10 -2.33e+09 9.0e-01 9.0e-01 3.00e-01
 2 2.5e+18 4.3e-87 1.0e-02 +2.46e+10 -2.33e+08 9.0e-01 9.0e-01 3.00e-01
 3 3.8e+17 2.6e-87 1.0e-03 +3.79e+10 -2.33e+07 9.0e-01 9.0e-01 3.00e-01
 4 5.8e+16 4.3e-87 1.0e-04 +5.84e+10 -2.33e+06 9.0e-01 9.0e-01 3.00e-01
 5 9.0e+15 3.5e-87 1.0e-05 +9.00e+10 -2.33e+05 9.0e-01 9.0e-01 3.00e-01
 6 1.4e+15 5.2e-87 1.0e-06 +1.39e+11 -2.33e+04 9.0e-01 9.0e-01 3.00e-01
 7 2.1e+14 5.2e-87 1.0e-07 +2.13e+11 -2.33e+03 9.0e-01 9.0e-01 3.00e-01
 8 3.3e+13 5.2e-87 1.0e-08 +3.29e+11 -2.33e+02 9.0e-01 9.0e-01 3.00e-01
 9 5.1e+12 5.2e-87 1.0e-09 +5.05e+11 -2.35e+01 9.0e-01 9.0e-01 3.00e-01
10 8.5e+11 6.9e-87 1.0e-10 +7.66e+11 -2.51e+00 8.8e-01 8.8e-01 3.00e-01
11 2.1e+11 6.9e-87 1.2e-11 +1.03e+12 -4.12e-01 1.8e+00 9.3e-01 3.00e-01
12 4.9e+10 8.6e-87 8.8e-13 +4.84e+11 -2.15e-01 1.2e+00 1.0e+00 3.00e-01
13 1.1e+10 1.3e-86 4.5e-94 +1.32e+11 -3.42e-01 9.7e-01 9.7e-01 1.00e-01
14 1.4e+09 1.4e-86 6.5e-94 +1.69e+10 -3.44e-01 9.9e-01 9.9e-01 1.00e-01
15 1.5e+08 1.3e-86 1.5e-93 +1.84e+09 -3.46e-01 1.0e+00 1.0e+00 1.00e-01
16 1.5e+07 1.6e-86 7.4e-93 +1.85e+08 -3.48e-01 1.0e+00 1.0e+00 1.00e-01
17 1.5e+06 1.6e-86 1.5e-92 +1.86e+07 -3.49e-01 1.0e+00 1.0e+00 1.00e-01
18 1.5e+05 1.9e-86 5.4e-92 +1.86e+06 -3.51e-01 1.0e+00 1.0e+00 1.00e-01
19 1.5e+04 1.9e-86 2.0e-91 +1.86e+05 -3.52e-01 1.0e+00 1.0e+00 1.00e-01
20 1.5e+03 2.1e-86 3.8e-91 +1.86e+04 -3.53e-01 1.0e+00 1.0e+00 1.00e-01
21 1.5e+02 2.2e-86 1.8e-90 +1.86e+03 -3.54e-01 1.0e+00 1.0e+00 1.00e-01
22 1.6e+01 2.4e-86 3.7e-90 +1.86e+02 -3.55e-01 1.0e+00 9.0e+01 1.00e-01
23 1.6e+00 2.7e-86 3.1e-87 +1.87e+01 -1.85e-01 9.8e-01 9.8e-01 1.00e-01
24 1.8e-01 3.1e-86 1.5e-88 +1.96e+00 -1.88e-01 9.2e-01 1.8e+00 1.00e-01
25 2.6e-02 2.8e-86 3.0e-88 +2.50e-01 -5.79e-02 8.9e-01 1.2e+00 1.00e-01
26 4.3e-03 2.8e-86 2.2e-88 +3.14e-02 -2.01e-02 8.9e-01 9.3e-01 1.00e-01
27 8.0e-04 3.0e-86 7.3e-89 +3.56e-03 -6.09e-03 9.1e-01 9.6e-01 1.00e-01
28 1.3e-04 2.8e-86 8.9e-90 +3.72e-04 -1.13e-03 9.2e-01 9.8e-01 1.00e-01
29 1.7e-05 2.8e-86 1.4e-89 +1.86e-05 -1.86e-04 1.0e+00 9.5e-01 1.00e-01
30 2.3e-06 2.8e-86 4.9e-90 -1.81e-05 -4.63e-05 1.0e+00 9.8e-01 1.00e-01
31 2.7e-07 2.9e-86 2.5e-88 -2.19e-05 -2.52e-05 1.0e+00 9.8e-01 1.00e-01
32 3.0e-08 2.8e-86 1.6e-88 -2.23e-05 -2.27e-05 1.0e+00 9.9e-01 1.00e-01
33 3.0e-09 2.9e-86 1.0e-89 -2.24e-05 -2.24e-05 1.0e+00 9.9e-01 1.00e-01
34 3.0e-10 2.8e-86 5.6e-90 -2.24e-05 -2.24e-05 1.0e+00 9.9e-01 1.00e-01
35 3.0e-11 2.9e-86 2.4e-90 -2.24e-05 -2.24e-05 1.0e+00 9.9e-01 1.00e-01
36 3.0e-12 2.9e-86 3.3e-90 -2.24e-05 -2.24e-05 1.0e+00 9.9e-01 1.00e-01
37 3.0e-13 2.8e-86 1.8e-90 -2.24e-05 -2.24e-05 1.0e+00 9.9e-01 1.00e-01
38 3.0e-14 2.8e-86 1.1e-90 -2.24e-05 -2.24e-05 1.0e+00 9.9e-01 1.00e-01
39 3.0e-15 2.8e-86 1.1e-90 -2.24e-05 -2.24e-05 1.0e+00 9.9e-01 1.00e-01
40 3.0e-16 2.9e-86 1.9e-90 -2.24e-05 -2.24e-05 1.0e+00 9.9e-01 1.00e-01
41 3.0e-17 2.9e-86 6.5e-90 -2.24e-05 -2.24e-05 1.0e+00 9.9e-01 1.00e-01
42 3.0e-18 2.8e-86 7.6e-90 -2.24e-05 -2.24e-05 1.0e+00 9.9e-01 1.00e-01
43 3.0e-19 3.0e-86 8.8e-90 -2.24e-05 -2.24e-05 1.0e+00 9.9e-01 1.00e-01
44 3.0e-20 2.8e-86 1.4e-89 -2.24e-05 -2.24e-05 1.0e+00 9.9e-01 1.00e-01
45 3.0e-21 2.9e-86 2.5e-80 -2.24e-05 -2.24e-05 1.0e+00 9.9e-01 1.00e-01
46 3.0e-22 2.8e-86 2.1e-80 -2.24e-05 -2.24e-05 1.0e+00 9.9e-01 1.00e-01
47 3.0e-23 2.8e-86 1.1e-80 -2.24e-05 -2.24e-05 1.0e+00 9.9e-01 1.00e-01
48 3.0e-24 2.8e-86 6.1e-81 -2.24e-05 -2.24e-05 1.0e+00 9.9e-01 1.00e-01
49 3.0e-25 2.8e-86 3.2e-81 -2.24e-05 -2.24e-05 1.0e+00 9.9e-01 1.00e-01
50 3.0e-26 2.8e-86 9.1e-82 -2.24e-05 -2.24e-05 1.0e+00 9.9e-01 1.00e-01
51 3.0e-27 2.9e-86 2.1e-82 -2.24e-05 -2.24e-05 1.0e+00 9.9e-01 1.00e-01
52 3.0e-28 2.9e-86 8.7e-82 -2.24e-05 -2.24e-05 1.0e+00 9.9e-01 1.00e-01
53 3.0e-29 3.0e-86 1.6e-81 -2.24e-05 -2.24e-05 1.0e+00 9.9e-01 1.00e-01
54 3.0e-30 2.8e-86 8.6e-80 -2.24e-05 -2.24e-05 1.0e+00 9.9e-01 1.00e-01
55 3.0e-31 2.9e-86 4.4e-79 -2.24e-05 -2.24e-05 1.0e+00 9.9e-01 1.00e-01
56 3.0e-32 2.9e-86 1.1e-78 -2.24e-05 -2.24e-05 1.0e+00 9.9e-01 1.00e-01

phase.value = pdOPT     
   Iteration = 56
          mu = 3.0468277088246880e-32
relative gap = 3.6561932505896256e-31
         gap = 3.6561932505896256e-31
      digits = 2.5786501117075126e+01
objValPrimal = -2.2363010086320913e-05
objValDual   = -2.2363010086320913e-05
p.feas.error = 2.9362973087321112e-76
d.feas.error = 1.3171852081267964e-67
relative eps = 8.6361685550944446e-78
total time   = 0.120


Parameters are
maxIteration =    200
epsilonStar  = 1.000e-30
lambdaStar   = 1.000e+10
omegaStar    = 2.000e+00
lowerBound   = -1.000e+05
upperBound   = 1.000e+05
betaStar     = 1.000e-01
betaBar      = 3.000e-01
gammaStar    = 9.000e-01
epsilonDash  = 1.000e-30
precision    =    200

                         Time(sec)  Ratio(% : MainLoop) 
 Predictor time  =       0.040000,  33.333333
 Corrector time  =       0.010000,  8.333333
 Make bMat time  =       0.030000,  25.000000
 Make bDia time  =       0.000000,  0.000000
 Make bF1  time  =       0.020000,  16.666667
 Make bF2  time  =       0.010000,  8.333333
 Make bF3  time  =       0.000000,  0.000000
 Make bPRE time  =       0.020000,  16.666667
 Make rMat time  =       0.010000,  8.333333
 Make gVec Mul   =       0.000000,  0.000000
 Make gVec time  =       0.000000,  0.000000
 Cholesky bMat   =       0.010000,  8.333333
 Ste Pre time    =       0.000000,  0.000000
 Ste Cor time    =       0.040000,  33.333333
 solve           =       0.000000,  0.000000
 sumDz           =       0.000000,  0.000000
 makedX          =       0.000000,  0.000000
 symmetriseDx    =       0.000000,  0.000000
 makedXdZ        =       0.000000,  0.000000
 xMatTime        =       0.010000,  8.333333
 zMatTime        =       0.000000,  0.000000
 invzMatTime     =       0.000000,  0.000000
 xMatzMatTime    =       0.000000,  0.000000
 EigxMatTime     =       0.010000,  8.333333
 EigzMatTime     =       0.030000,  25.000000
 EigxMatzMatTime =       0.000000,  0.000000
 updateRes       =       0.010000,  8.333333
 EigTime         =       0.040000,  33.333333
 sub_total_bMat  =       0.090000,  75.000000
 Main Loop       =       0.120000,  100.000000
 File Check      =       0.000000,  0.000000
 File Change     =       0.000000,  0.000000
 File Read       =       0.000000,  0.000000
 Total           =       0.120000,  100.000000

xVec = 
{+2.236301008632e-05,+6.845017943026e-01,+6.537032406916e-01,+7.074164502592e-01,+8.144918433616e-01,+9.707114477975e-01,+1.182170372725e+00,+1.462060244411e+00}
xMat = 
{
{ {+9.999776369899e-01,+6.845017943026e-01,+6.537032406916e-01,+7.074164502592e-01,+8.144918433616e-01,+9.707114477975e-01 },
  {+6.845017943026e-01,+6.536808776815e-01,+7.074164502592e-01,+8.144918433616e-01,+9.707114477975e-01,+1.182170372725e+00 },
  {+6.537032406916e-01,+7.074164502592e-01,+8.144694803515e-01,+9.707114477975e-01,+1.182170372725e+00,+1.462060244411e+00 },
  {+7.074164502592e-01,+8.144918433616e-01,+9.707114477975e-01,+1.182148009715e+00,+1.462060244411e+00,+1.831486805205e+00 },
  {+8.144918433616e-01,+9.707114477975e-01,+1.182170372725e+00,+1.462060244411e+00,+1.831464442194e+00,+2.323912978695e+00 },
  {+9.707114477975e-01,+1.182170372725e+00,+1.462060244411e+00,+1.831486805205e+00,+2.323912978695e+00,+3.000347576624e+00 }   }
{ {+6.844794312925e-01,+6.537032406916e-01,+7.074164502592e-01,+8.144918433616e-01,+9.707114477975e-01,+1.182170372725e+00 },
  {+6.537032406916e-01,+7.073940872491e-01,+8.144918433616e-01,+9.707114477975e-01,+1.182170372725e+00,+1.462060244411e+00 },
  {+7.074164502592e-01,+8.144918433616e-01,+9.706890847874e-01,+1.182170372725e+00,+1.462060244411e+00,+1.831486805205e+00 },
  {+8.144918433616e-01,+9.707114477975e-01,+1.182170372725e+00,+1.462037881401e+00,+1.831486805205e+00,+2.323912978695e+00 },
  {+9.707114477975e-01,+1.182170372725e+00,+1.462060244411e+00,+1.831486805205e+00,+2.323890615685e+00,+3.000369939634e+00 },
  {+1.182170372725e+00,+1.462060244411e+00,+1.831486805205e+00,+2.323912978695e+00,+3.000369939634e+00,+4.072695070811e+00 }   }
}
yMat = 
{
{ {+4.957914946760e-05,-8.240258666558e-04,+2.839554944354e-03,-3.572314651412e-03,+1.791159570643e-03,-2.817807875393e-04 },
  {-8.240258666558e-04,+1.369564900184e-02,-4.719457169123e-02,+5.937333956326e-02,-2.976980915097e-02,+4.683312645587e-03 },
  {+2.839554944354e-03,-4.719457169123e-02,+1.626303066630e-01,-2.045977762857e-01,+1.025853825562e-01,-1.613847831343e-02 },
  {-3.572314651412e-03,+5.937333956326e-02,-2.045977762857e-01,+2.573951369827e-01,-1.290579940547e-01,+2.030308399040e-02 },
  {+1.791159570643e-03,-2.976980915097e-02,+1.025853825562e-01,-1.290579940547e-01,+6.470971450614e-02,-1.017997202139e-02 },
  {-2.817807875393e-04,+4.683312645587e-03,-1.613847831343e-02,+2.030308399040e-02,-1.017997202139e-02,+1.601487985956e-03 }   }
{ {+1.445854244331e-03,-9.536432009208e-03,+1.927308738144e-02,-1.539600941889e-02,+4.605666007369e-03,-2.712034375343e-04 },
  {-9.536432009208e-03,+6.289951827635e-02,-1.271196513350e-01,+1.015475782652e-01,-3.037762686564e-02,+1.788778608113e-03 },
  {+1.927308738144e-02,-1.271196513350e-01,+2.569082593692e-01,-2.052272115389e-01,+6.139305103387e-02,-3.615113743477e-03 },
  {-1.539600941889e-02,+1.015475782652e-01,-2.052272115389e-01,+1.639426013762e-01,-4.904289454329e-02,+2.887878010583e-03 },
  {+4.605666007369e-03,-3.037762686564e-02,+6.139305103387e-02,-4.904289454329e-02,+1.467102196131e-02,-8.638992887635e-04 },
  {-2.712034375343e-04,+1.788778608113e-03,-3.615113743477e-03,+2.887878010583e-03,-8.638992887635e-04,+5.087048353511e-05 }   }
}
    main loop time = 0.120000
        total time = 0.120000
  file   read time = 0.000000
