SDPA-GMP start at Wed Jun  5 23:35:12 2024
*SDP Scan Problem: V = x^2 - 2*x^4 + x^8
* K = 6; eval = 5.477386934673367; Domain = R+ with BCs: Neumann
data      is /Users/gorg/qmBoot/data/K=6_BC-Neumann_V_0.0_0.0_1.0_0.0_-2.0_0.0_0.0_0.0_1.0/e=5.477386934673367_K=6_D=R+.dat
parameter is ./param.sdpa
out       is /Users/gorg/qmBoot/data/K=6_BC-Neumann_V_0.0_0.0_1.0_0.0_-2.0_0.0_0.0_0.0_1.0/e=5.477386934673367_K=6_D=R+.out
DENSE computation
   mu      thetaP  thetaD  objP      objD      alphaP  alphaD  beta 
 0 1.0e+20 1.0e+00 1.0e+00 +0.00e+00 -2.31e+10 1.0e+00 9.0e-01 3.00e-01
 1 1.6e+19 8.6e-88 1.0e-01 +1.60e+10 -2.31e+09 9.0e-01 9.0e-01 3.00e-01
 2 2.5e+18 1.7e-87 1.0e-02 +2.46e+10 -2.31e+08 9.0e-01 9.0e-01 3.00e-01
 3 3.8e+17 2.6e-87 1.0e-03 +3.79e+10 -2.31e+07 9.0e-01 9.0e-01 3.00e-01
 4 5.8e+16 2.6e-87 1.0e-04 +5.84e+10 -2.31e+06 9.0e-01 9.0e-01 3.00e-01
 5 9.0e+15 2.6e-87 1.0e-05 +9.00e+10 -2.31e+05 9.0e-01 9.0e-01 3.00e-01
 6 1.4e+15 4.3e-87 1.0e-06 +1.39e+11 -2.31e+04 9.0e-01 9.0e-01 3.00e-01
 7 2.1e+14 5.2e-87 1.0e-07 +2.13e+11 -2.31e+03 9.0e-01 9.0e-01 3.00e-01
 8 3.3e+13 7.8e-87 1.0e-08 +3.29e+11 -2.31e+02 9.0e-01 9.0e-01 3.00e-01
 9 5.1e+12 8.6e-87 1.0e-09 +5.05e+11 -2.33e+01 9.0e-01 9.0e-01 3.00e-01
10 8.5e+11 1.0e-86 1.0e-10 +7.66e+11 -2.49e+00 8.9e-01 8.9e-01 3.00e-01
11 2.1e+11 1.0e-86 1.2e-11 +1.03e+12 -4.09e-01 1.8e+00 9.3e-01 3.00e-01
12 4.9e+10 1.0e-86 8.7e-13 +4.84e+11 -2.14e-01 1.2e+00 1.0e+00 3.00e-01
13 1.1e+10 1.5e-86 2.3e-94 +1.33e+11 -3.39e-01 9.7e-01 9.7e-01 1.00e-01
14 1.4e+09 1.5e-86 3.9e-94 +1.69e+10 -3.41e-01 9.9e-01 9.9e-01 1.00e-01
15 1.5e+08 1.6e-86 1.7e-93 +1.84e+09 -3.43e-01 1.0e+00 1.0e+00 1.00e-01
16 1.5e+07 1.8e-86 4.9e-93 +1.86e+08 -3.45e-01 1.0e+00 1.0e+00 1.00e-01
17 1.5e+06 1.7e-86 2.1e-92 +1.86e+07 -3.46e-01 1.0e+00 1.0e+00 1.00e-01
18 1.5e+05 2.1e-86 4.7e-92 +1.86e+06 -3.48e-01 1.0e+00 1.0e+00 1.00e-01
19 1.5e+04 2.2e-86 1.7e-91 +1.86e+05 -3.49e-01 1.0e+00 1.0e+00 1.00e-01
20 1.5e+03 2.4e-86 5.8e-91 +1.86e+04 -3.50e-01 1.0e+00 1.0e+00 1.00e-01
21 1.5e+02 2.6e-86 7.9e-91 +1.86e+03 -3.51e-01 1.0e+00 1.0e+00 1.00e-01
22 1.6e+01 2.5e-86 4.6e-90 +1.86e+02 -3.52e-01 1.0e+00 9.0e+01 1.00e-01
23 1.6e+00 2.9e-86 2.5e-87 +1.87e+01 -1.87e-01 9.8e-01 9.8e-01 1.00e-01
24 1.8e-01 2.8e-86 1.5e-88 +1.96e+00 -1.89e-01 9.2e-01 1.8e+00 1.00e-01
25 2.6e-02 2.9e-86 7.0e-89 +2.50e-01 -5.74e-02 8.9e-01 1.2e+00 1.00e-01
26 4.3e-03 2.9e-86 7.2e-89 +3.14e-02 -2.00e-02 8.9e-01 9.3e-01 1.00e-01
27 8.0e-04 2.9e-86 7.2e-89 +3.57e-03 -6.06e-03 9.1e-01 9.6e-01 1.00e-01
28 1.3e-04 2.9e-86 1.2e-89 +3.73e-04 -1.13e-03 9.2e-01 9.7e-01 1.00e-01
29 1.7e-05 3.0e-86 1.1e-89 +1.88e-05 -1.86e-04 1.0e+00 9.5e-01 1.00e-01
30 2.4e-06 2.9e-86 7.2e-89 -1.81e-05 -4.63e-05 1.0e+00 9.8e-01 1.00e-01
31 2.7e-07 2.9e-86 2.9e-88 -2.19e-05 -2.51e-05 1.0e+00 9.8e-01 1.00e-01
32 3.0e-08 2.8e-86 1.3e-88 -2.23e-05 -2.26e-05 1.0e+00 9.9e-01 1.00e-01
33 3.0e-09 2.9e-86 8.8e-90 -2.23e-05 -2.23e-05 1.0e+00 9.9e-01 1.00e-01
34 3.0e-10 2.9e-86 2.3e-89 -2.23e-05 -2.23e-05 1.0e+00 9.9e-01 1.00e-01
35 3.1e-11 3.0e-86 4.4e-90 -2.23e-05 -2.23e-05 1.0e+00 9.9e-01 1.00e-01
36 3.1e-12 2.9e-86 3.0e-90 -2.23e-05 -2.23e-05 1.0e+00 9.9e-01 1.00e-01
37 3.1e-13 2.9e-86 2.1e-90 -2.23e-05 -2.23e-05 1.0e+00 9.9e-01 1.00e-01
38 3.1e-14 2.9e-86 6.2e-90 -2.23e-05 -2.23e-05 1.0e+00 9.9e-01 1.00e-01
39 3.1e-15 2.9e-86 2.0e-89 -2.23e-05 -2.23e-05 1.0e+00 9.9e-01 1.00e-01
40 3.1e-16 3.0e-86 1.4e-89 -2.23e-05 -2.23e-05 1.0e+00 9.9e-01 1.00e-01
41 3.1e-17 2.9e-86 6.7e-90 -2.23e-05 -2.23e-05 1.0e+00 9.9e-01 1.00e-01
42 3.1e-18 2.8e-86 7.9e-90 -2.23e-05 -2.23e-05 1.0e+00 9.9e-01 1.00e-01
43 3.1e-19 2.8e-86 4.7e-90 -2.23e-05 -2.23e-05 1.0e+00 9.9e-01 1.00e-01
44 3.1e-20 2.9e-86 1.2e-89 -2.23e-05 -2.23e-05 1.0e+00 9.9e-01 1.00e-01
45 3.1e-21 2.9e-86 2.9e-80 -2.23e-05 -2.23e-05 1.0e+00 9.9e-01 1.00e-01
46 3.1e-22 2.9e-86 2.1e-80 -2.23e-05 -2.23e-05 1.0e+00 9.9e-01 1.00e-01
47 3.1e-23 2.8e-86 1.6e-80 -2.23e-05 -2.23e-05 1.0e+00 9.9e-01 1.00e-01
48 3.1e-24 2.9e-86 4.0e-81 -2.23e-05 -2.23e-05 1.0e+00 9.9e-01 1.00e-01
49 3.1e-25 2.9e-86 2.7e-81 -2.23e-05 -2.23e-05 1.0e+00 9.9e-01 1.00e-01
50 3.1e-26 2.8e-86 8.5e-82 -2.23e-05 -2.23e-05 1.0e+00 9.9e-01 1.00e-01
51 3.1e-27 2.9e-86 1.7e-82 -2.23e-05 -2.23e-05 1.0e+00 9.9e-01 1.00e-01
52 3.1e-28 2.9e-86 6.7e-82 -2.23e-05 -2.23e-05 1.0e+00 9.9e-01 1.00e-01
53 3.1e-29 2.9e-86 5.5e-81 -2.23e-05 -2.23e-05 1.0e+00 9.9e-01 1.00e-01
54 3.1e-30 2.9e-86 3.6e-80 -2.23e-05 -2.23e-05 1.0e+00 9.9e-01 1.00e-01
55 3.1e-31 2.8e-86 6.5e-79 -2.23e-05 -2.23e-05 1.0e+00 9.9e-01 1.00e-01
56 3.1e-32 2.9e-86 5.2e-78 -2.23e-05 -2.23e-05 1.0e+00 9.9e-01 1.00e-01

phase.value = pdOPT     
   Iteration = 56
          mu = 3.0530759563015465e-32
relative gap = 3.6636911475618557e-31
         gap = 3.6636911475618557e-31
      digits = 2.5784291623759948e+01
objValPrimal = -2.2295154121889623e-05
objValDual   = -2.2295154121889623e-05
p.feas.error = 2.9362973087321112e-76
d.feas.error = 6.1908224304857449e-67
relative eps = 8.6361685550944446e-78
total time   = 0.110


Parameters are
maxIteration =    200
epsilonStar  = 1.000e-30
lambdaStar   = 1.000e+10
omegaStar    = 2.000e+00
lowerBound   = -1.000e+05
upperBound   = 1.000e+05
betaStar     = 1.000e-01
betaBar      = 3.000e-01
gammaStar    = 9.000e-01
epsilonDash  = 1.000e-30
precision    =    200

                         Time(sec)  Ratio(% : MainLoop) 
 Predictor time  =       0.030000,  27.272727
 Corrector time  =       0.030000,  27.272727
 Make bMat time  =       0.030000,  27.272727
 Make bDia time  =       0.000000,  0.000000
 Make bF1  time  =       0.010000,  9.090909
 Make bF2  time  =       0.020000,  18.181818
 Make bF3  time  =       0.000000,  0.000000
 Make bPRE time  =       0.000000,  0.000000
 Make rMat time  =       0.030000,  27.272727
 Make gVec Mul   =       0.000000,  0.000000
 Make gVec time  =       0.000000,  0.000000
 Cholesky bMat   =       0.000000,  0.000000
 Ste Pre time    =       0.000000,  0.000000
 Ste Cor time    =       0.040000,  36.363636
 solve           =       0.000000,  0.000000
 sumDz           =       0.000000,  0.000000
 makedX          =       0.000000,  0.000000
 symmetriseDx    =       0.000000,  0.000000
 makedXdZ        =       0.000000,  0.000000
 xMatTime        =       0.000000,  0.000000
 zMatTime        =       0.000000,  0.000000
 invzMatTime     =       0.000000,  0.000000
 xMatzMatTime    =       0.000000,  0.000000
 EigxMatTime     =       0.020000,  18.181818
 EigzMatTime     =       0.020000,  18.181818
 EigxMatzMatTime =       0.000000,  0.000000
 updateRes       =       0.010000,  9.090909
 EigTime         =       0.040000,  36.363636
 sub_total_bMat  =       0.080000,  72.727273
 Main Loop       =       0.110000,  100.000000
 File Check      =       0.000000,  0.000000
 File Change     =       0.000000,  0.000000
 File Read       =       0.000000,  0.000000
 Total           =       0.110000,  100.000000

xVec = 
{+2.229515412189e-05,+6.823944322693e-01,+6.504485898132e-01,+7.026054954752e-01,+8.075014660687e-01,+9.607224542966e-01,+1.168094422242e+00,+1.442430320285e+00}
xMat = 
{
{ {+9.999777048459e-01,+6.823944322693e-01,+6.504485898132e-01,+7.026054954752e-01,+8.075014660687e-01,+9.607224542966e-01 },
  {+6.823944322693e-01,+6.504262946591e-01,+7.026054954752e-01,+8.075014660687e-01,+9.607224542966e-01,+1.168094422242e+00 },
  {+6.504485898132e-01,+7.026054954752e-01,+8.074791709145e-01,+9.607224542966e-01,+1.168094422242e+00,+1.442430320285e+00 },
  {+7.026054954752e-01,+8.075014660687e-01,+9.607224542966e-01,+1.168072127088e+00,+1.442430320285e+00,+1.804299710292e+00 },
  {+8.075014660687e-01,+9.607224542966e-01,+1.168094422242e+00,+1.442430320285e+00,+1.804277415138e+00,+2.286383254069e+00 },
  {+9.607224542966e-01,+1.168094422242e+00,+1.442430320285e+00,+1.804299710292e+00,+2.286383254069e+00,+2.948436873518e+00 }   }
{ {+6.823721371152e-01,+6.504485898132e-01,+7.026054954752e-01,+8.075014660687e-01,+9.607224542966e-01,+1.168094422242e+00 },
  {+6.504485898132e-01,+7.025832003211e-01,+8.075014660687e-01,+9.607224542966e-01,+1.168094422242e+00,+1.442430320285e+00 },
  {+7.026054954752e-01,+8.075014660687e-01,+9.607001591425e-01,+1.168094422242e+00,+1.442430320285e+00,+1.804299710292e+00 },
  {+8.075014660687e-01,+9.607224542966e-01,+1.168094422242e+00,+1.442408025131e+00,+1.804299710292e+00,+2.286383254069e+00 },
  {+9.607224542966e-01,+1.168094422242e+00,+1.442430320285e+00,+1.804299710292e+00,+2.286360958915e+00,+2.948459168672e+00 },
  {+1.168094422242e+00,+1.442430320285e+00,+1.804299710292e+00,+2.286383254069e+00,+2.948459168672e+00,+3.999188556113e+00 }   }
}
yMat = 
{
{ {+4.893064599478e-05,-8.161023793227e-04,+2.817679789895e-03,-3.550328274786e-03,+1.782668823130e-03,-2.808399153472e-04 },
  {-8.161023793227e-04,+1.361157368753e-02,-4.699539795466e-02,+5.921506437374e-02,-2.973270102047e-02,+4.684060847022e-03 },
  {+2.817679789895e-03,-4.699539795466e-02,+1.622565824950e-01,-2.044462733728e-01,+1.026552953245e-01,-1.617221554267e-02 },
  {-3.550328274786e-03,+5.921506437374e-02,-2.044462733728e-01,+2.576060585852e-01,-1.293475571121e-01,+2.037728854534e-02 },
  {+1.782668823130e-03,-2.973270102047e-02,+1.026552953245e-01,-1.293475571121e-01,+6.494719348893e-02,-1.023171779570e-02 },
  {-2.808399153472e-04,+4.684060847022e-03,-1.617221554267e-02,+2.037728854534e-02,-1.023171779570e-02,+1.611894886093e-03 }   }
{ {+1.432868274707e-03,-9.474332584753e-03,+1.917964177821e-02,-1.534404597664e-02,+4.596559305601e-03,-2.710251346707e-04 },
  {-9.474332584753e-03,+6.264565941686e-02,-1.268185696277e-01,+1.014570545978e-01,-3.039311594481e-02,+1.792057448702e-03 },
  {+1.917964177821e-02,-1.268185696277e-01,+2.567288739893e-01,-2.053875505901e-01,+6.152719161276e-02,-3.627803816746e-03 },
  {-1.534404597664e-02,+1.014570545978e-01,-2.053875505901e-01,+1.643136016682e-01,-4.922282010460e-02,+2.902305955558e-03 },
  {+4.596559305601e-03,-3.039311594481e-02,+6.152719161276e-02,-4.922282010460e-02,+1.474549881721e-02,-8.694330991992e-04 },
  {-2.710251346707e-04,+1.792057448702e-03,-3.627803816746e-03,+2.902305955558e-03,-8.694330991992e-04,+5.126404493694e-05 }   }
}
    main loop time = 0.110000
        total time = 0.110000
  file   read time = 0.000000
