SDPA-GMP start at Wed Jun  5 23:35:12 2024
*SDP Scan Problem: V = x^2 - 2*x^4 + x^8
* K = 6; eval = 5.9798994974874375; Domain = R+ with BCs: Neumann
data      is /Users/gorg/qmBoot/data/K=6_BC-Neumann_V_0.0_0.0_1.0_0.0_-2.0_0.0_0.0_0.0_1.0/e=5.9798994974874375_K=6_D=R+.dat
parameter is ./param.sdpa
out       is /Users/gorg/qmBoot/data/K=6_BC-Neumann_V_0.0_0.0_1.0_0.0_-2.0_0.0_0.0_0.0_1.0/e=5.9798994974874375_K=6_D=R+.out
DENSE computation
   mu      thetaP  thetaD  objP      objD      alphaP  alphaD  beta 
 0 1.0e+20 1.0e+00 1.0e+00 +0.00e+00 -2.41e+10 1.0e+00 9.0e-01 3.00e-01
 1 1.6e+19 8.6e-88 1.0e-01 +1.60e+10 -2.41e+09 9.0e-01 9.0e-01 3.00e-01
 2 2.5e+18 1.7e-87 1.0e-02 +2.46e+10 -2.41e+08 9.0e-01 9.0e-01 3.00e-01
 3 3.8e+17 4.3e-87 1.0e-03 +3.79e+10 -2.41e+07 9.0e-01 9.0e-01 3.00e-01
 4 5.8e+16 6.0e-87 1.0e-04 +5.84e+10 -2.41e+06 9.0e-01 9.0e-01 3.00e-01
 5 9.0e+15 6.9e-87 1.0e-05 +9.00e+10 -2.41e+05 9.0e-01 9.0e-01 3.00e-01
 6 1.4e+15 6.9e-87 1.0e-06 +1.39e+11 -2.41e+04 9.0e-01 9.0e-01 3.00e-01
 7 2.1e+14 5.2e-87 1.0e-07 +2.13e+11 -2.41e+03 9.0e-01 9.0e-01 3.00e-01
 8 3.3e+13 7.8e-87 1.0e-08 +3.29e+11 -2.41e+02 9.0e-01 9.0e-01 3.00e-01
 9 5.1e+12 7.8e-87 1.0e-09 +5.05e+11 -2.43e+01 9.0e-01 9.0e-01 3.00e-01
10 8.5e+11 7.8e-87 1.0e-10 +7.66e+11 -2.60e+00 8.8e-01 8.8e-01 3.00e-01
11 2.1e+11 7.8e-87 1.2e-11 +1.03e+12 -4.24e-01 1.9e+00 9.2e-01 3.00e-01
12 4.9e+10 8.6e-87 8.9e-13 +4.81e+11 -2.20e-01 1.2e+00 1.0e+00 3.00e-01
13 1.1e+10 1.1e-86 7.0e-94 +1.31e+11 -3.54e-01 9.7e-01 9.7e-01 1.00e-01
14 1.4e+09 1.5e-86 7.5e-94 +1.68e+10 -3.56e-01 9.9e-01 9.9e-01 1.00e-01
15 1.5e+08 1.5e-86 1.6e-93 +1.83e+09 -3.57e-01 1.0e+00 1.0e+00 1.00e-01
16 1.5e+07 1.6e-86 6.3e-93 +1.85e+08 -3.59e-01 1.0e+00 1.0e+00 1.00e-01
17 1.5e+06 1.8e-86 1.6e-92 +1.85e+07 -3.61e-01 1.0e+00 1.0e+00 1.00e-01
18 1.5e+05 2.0e-86 4.2e-92 +1.85e+06 -3.62e-01 1.0e+00 1.0e+00 1.00e-01
19 1.5e+04 2.2e-86 1.7e-91 +1.85e+05 -3.64e-01 1.0e+00 1.0e+00 1.00e-01
20 1.5e+03 2.1e-86 1.0e-90 +1.85e+04 -3.65e-01 1.0e+00 1.0e+00 1.00e-01
21 1.5e+02 2.4e-86 2.7e-90 +1.85e+03 -3.66e-01 1.0e+00 1.0e+00 1.00e-01
22 1.5e+01 2.6e-86 8.9e-90 +1.85e+02 -3.67e-01 1.0e+00 9.0e+01 1.00e-01
23 1.6e+00 2.6e-86 1.5e-87 +1.86e+01 -1.79e-01 9.9e-01 9.9e-01 1.00e-01
24 1.8e-01 2.8e-86 1.0e-88 +1.95e+00 -1.84e-01 9.2e-01 1.7e+00 1.00e-01
25 2.6e-02 2.7e-86 1.9e-88 +2.48e-01 -6.01e-02 8.9e-01 1.2e+00 1.00e-01
26 4.3e-03 2.6e-86 1.4e-88 +3.11e-02 -2.06e-02 8.9e-01 9.3e-01 1.00e-01
27 8.1e-04 2.7e-86 7.2e-89 +3.52e-03 -6.19e-03 9.1e-01 9.5e-01 1.00e-01
28 1.3e-04 2.7e-86 2.9e-89 +3.68e-04 -1.15e-03 9.3e-01 9.8e-01 1.00e-01
29 1.7e-05 2.6e-86 7.7e-90 +1.80e-05 -1.86e-04 1.0e+00 9.5e-01 1.00e-01
30 2.3e-06 2.8e-86 2.5e-89 -1.84e-05 -4.65e-05 1.0e+00 9.8e-01 1.00e-01
31 2.7e-07 2.7e-86 4.3e-88 -2.22e-05 -2.54e-05 1.0e+00 9.8e-01 1.00e-01
32 3.0e-08 2.5e-86 2.4e-89 -2.26e-05 -2.29e-05 1.0e+00 9.9e-01 1.00e-01
33 3.0e-09 2.7e-86 8.1e-90 -2.26e-05 -2.27e-05 1.0e+00 9.9e-01 1.00e-01
34 3.0e-10 2.6e-86 4.0e-90 -2.26e-05 -2.26e-05 1.0e+00 9.9e-01 1.00e-01
35 3.0e-11 2.6e-86 4.1e-90 -2.26e-05 -2.26e-05 1.0e+00 9.9e-01 1.00e-01
36 3.0e-12 2.7e-86 1.8e-90 -2.26e-05 -2.26e-05 1.0e+00 9.9e-01 1.00e-01
37 3.0e-13 2.6e-86 1.2e-90 -2.26e-05 -2.26e-05 1.0e+00 9.9e-01 1.00e-01
38 3.0e-14 2.7e-86 1.4e-89 -2.26e-05 -2.26e-05 1.0e+00 9.9e-01 1.00e-01
39 3.0e-15 2.7e-86 8.2e-90 -2.26e-05 -2.26e-05 1.0e+00 9.9e-01 1.00e-01
40 3.0e-16 2.8e-86 2.6e-89 -2.26e-05 -2.26e-05 1.0e+00 9.9e-01 1.00e-01
41 3.0e-17 2.6e-86 7.7e-90 -2.26e-05 -2.26e-05 1.0e+00 9.9e-01 1.00e-01
42 3.0e-18 2.6e-86 5.1e-90 -2.26e-05 -2.26e-05 1.0e+00 9.9e-01 1.00e-01
43 3.0e-19 2.8e-86 1.0e-89 -2.26e-05 -2.26e-05 1.0e+00 9.9e-01 1.00e-01
44 3.0e-20 2.7e-86 1.3e-89 -2.26e-05 -2.26e-05 1.0e+00 9.9e-01 1.00e-01
45 3.0e-21 2.7e-86 2.6e-80 -2.26e-05 -2.26e-05 1.0e+00 9.9e-01 1.00e-01
46 3.0e-22 2.7e-86 1.0e-80 -2.26e-05 -2.26e-05 1.0e+00 9.9e-01 1.00e-01
47 3.0e-23 2.6e-86 1.0e-80 -2.26e-05 -2.26e-05 1.0e+00 9.9e-01 1.00e-01
48 3.0e-24 2.7e-86 5.5e-81 -2.26e-05 -2.26e-05 1.0e+00 9.9e-01 1.00e-01
49 3.0e-25 2.7e-86 3.0e-81 -2.26e-05 -2.26e-05 1.0e+00 9.9e-01 1.00e-01
50 3.0e-26 2.8e-86 8.3e-82 -2.26e-05 -2.26e-05 1.0e+00 9.9e-01 1.00e-01
51 3.0e-27 2.7e-86 2.5e-82 -2.26e-05 -2.26e-05 1.0e+00 9.9e-01 1.00e-01
52 3.0e-28 2.8e-86 8.3e-82 -2.26e-05 -2.26e-05 1.0e+00 9.9e-01 1.00e-01
53 3.0e-29 2.7e-86 3.2e-81 -2.26e-05 -2.26e-05 1.0e+00 9.9e-01 1.00e-01
54 3.0e-30 2.7e-86 7.9e-80 -2.26e-05 -2.26e-05 1.0e+00 9.9e-01 1.00e-01
55 3.0e-31 2.7e-86 9.5e-79 -2.26e-05 -2.26e-05 1.0e+00 9.9e-01 1.00e-01
56 3.0e-32 2.7e-86 8.2e-78 -2.26e-05 -2.26e-05 1.0e+00 9.9e-01 1.00e-01

phase.value = pdOPT     
   Iteration = 56
          mu = 3.0418774055740868e-32
relative gap = 3.6502528866889042e-31
         gap = 3.6502528866889042e-31
      digits = 2.5792254409262849e+01
objValPrimal = -2.2624415202444309e-05
objValDual   = -2.2624415202444309e-05
p.feas.error = 2.6772122520792778e-76
d.feas.error = 9.8850367963508909e-67
relative eps = 8.6361685550944446e-78
total time   = 0.110


Parameters are
maxIteration =    200
epsilonStar  = 1.000e-30
lambdaStar   = 1.000e+10
omegaStar    = 2.000e+00
lowerBound   = -1.000e+05
upperBound   = 1.000e+05
betaStar     = 1.000e-01
betaBar      = 3.000e-01
gammaStar    = 9.000e-01
epsilonDash  = 1.000e-30
precision    =    200

                         Time(sec)  Ratio(% : MainLoop) 
 Predictor time  =       0.050000,  45.454545
 Corrector time  =       0.000000,  0.000000
 Make bMat time  =       0.020000,  18.181818
 Make bDia time  =       0.000000,  0.000000
 Make bF1  time  =       0.010000,  9.090909
 Make bF2  time  =       0.010000,  9.090909
 Make bF3  time  =       0.000000,  0.000000
 Make bPRE time  =       0.010000,  9.090909
 Make rMat time  =       0.000000,  0.000000
 Make gVec Mul   =       0.000000,  0.000000
 Make gVec time  =       0.010000,  9.090909
 Cholesky bMat   =       0.000000,  0.000000
 Ste Pre time    =       0.000000,  0.000000
 Ste Cor time    =       0.050000,  45.454545
 solve           =       0.000000,  0.000000
 sumDz           =       0.000000,  0.000000
 makedX          =       0.020000,  18.181818
 symmetriseDx    =       0.000000,  0.000000
 makedXdZ        =       0.020000,  18.181818
 xMatTime        =       0.000000,  0.000000
 zMatTime        =       0.000000,  0.000000
 invzMatTime     =       0.000000,  0.000000
 xMatzMatTime    =       0.000000,  0.000000
 EigxMatTime     =       0.030000,  27.272727
 EigzMatTime     =       0.010000,  9.090909
 EigxMatzMatTime =       0.000000,  0.000000
 updateRes       =       0.010000,  9.090909
 EigTime         =       0.040000,  36.363636
 sub_total_bMat  =       0.090000,  81.818182
 Main Loop       =       0.110000,  100.000000
 File Check      =       0.000000,  0.000000
 File Change     =       0.000000,  0.000000
 File Read       =       0.000000,  0.000000
 Total           =       0.110000,  100.000000

xVec = 
{+2.262441520244e-05,+6.924797413688e-01,+6.661419433603e-01,+7.259585623329e-01,+8.416330343255e-01,+1.009749224235e+00,+1.237505498069e+00,+1.539647347842e+00}
xMat = 
{
{ {+9.999773755848e-01,+6.924797413688e-01,+6.661419433603e-01,+7.259585623329e-01,+8.416330343255e-01,+1.009749224235e+00 },
  {+6.924797413688e-01,+6.661193189451e-01,+7.259585623329e-01,+8.416330343255e-01,+1.009749224235e+00,+1.237505498069e+00 },
  {+6.661419433603e-01,+7.259585623329e-01,+8.416104099102e-01,+1.009749224235e+00,+1.237505498069e+00,+1.539647347842e+00 },
  {+7.259585623329e-01,+8.416330343255e-01,+1.009749224235e+00,+1.237482873654e+00,+1.539647347842e+00,+1.939482763344e+00 },
  {+8.416330343255e-01,+1.009749224235e+00,+1.237505498069e+00,+1.539647347842e+00,+1.939460138929e+00,+2.473686739731e+00 },
  {+1.009749224235e+00,+1.237505498069e+00,+1.539647347842e+00,+1.939482763344e+00,+2.473686739731e+00,+3.208392869935e+00 }   }
{ {+6.924571169536e-01,+6.661419433603e-01,+7.259585623329e-01,+8.416330343255e-01,+1.009749224235e+00,+1.237505498069e+00 },
  {+6.661419433603e-01,+7.259359379177e-01,+8.416330343255e-01,+1.009749224235e+00,+1.237505498069e+00,+1.539647347842e+00 },
  {+7.259585623329e-01,+8.416330343255e-01,+1.009726599820e+00,+1.237505498069e+00,+1.539647347842e+00,+1.939482763344e+00 },
  {+8.416330343255e-01,+1.009749224235e+00,+1.237505498069e+00,+1.539624723426e+00,+1.939482763344e+00,+2.473686739731e+00 },
  {+1.009749224235e+00,+1.237505498069e+00,+1.539647347842e+00,+1.939482763344e+00,+2.473664115315e+00,+3.208415494351e+00 },
  {+1.237505498069e+00,+1.539647347842e+00,+1.939482763344e+00,+2.473686739731e+00,+3.208415494351e+00,+4.368294559273e+00 }   }
}
yMat = 
{
{ {+5.212712131738e-05,-8.549124640106e-04,+2.924388792353e-03,-3.657145823469e-03,+1.823723109472e-03,-2.853616487254e-04 },
  {-8.549124640106e-04,+1.402101828472e-02,-4.796152875916e-02,+5.997913309180e-02,-2.991002721402e-02,+4.680082538235e-03 },
  {+2.924388792353e-03,-4.796152875916e-02,+1.640614250837e-01,-2.051698998116e-01,+1.023128706690e-01,-1.600910209906e-02 },
  {-3.657145823469e-03,+5.997913309180e-02,-2.051698998116e-01,+2.565788256881e-01,-1.279491593706e-01,+2.002046411618e-02 },
  {+1.823723109472e-03,-2.991002721402e-02,+1.023128706690e-01,-1.279491593706e-01,+6.380490416439e-02,-9.983682585670e-03 },
  {-2.853616487254e-04,+4.680082538235e-03,-1.600910209906e-02,+2.002046411618e-02,-9.983682585670e-03,+1.562167035227e-03 }   }
{ {+1.496401749380e-03,-9.776806015675e-03,+1.963293123835e-02,-1.559482200994e-02,+4.640144957195e-03,-2.718480213791e-04 },
  {-9.776806015675e-03,+6.387718799963e-02,-1.282726114935e-01,+1.018894489420e-01,-3.031658921135e-02,+1.776130889896e-03 },
  {+1.963293123835e-02,-1.282726114935e-01,+2.575858984190e-01,-2.046055267726e-01,+6.087913684833e-02,-3.566671526032e-03 },
  {-1.559482200994e-02,+1.018894489420e-01,-2.046055267726e-01,+1.625221793695e-01,-4.835749138741e-02,+2.833077085694e-03 },
  {+4.640144957195e-03,-3.031658921135e-02,+6.087913684833e-02,-4.835749138741e-02,+1.438847905163e-02,-8.429649497858e-04 },
  {-2.718480213791e-04,+1.776130889896e-03,-3.566671526032e-03,+2.833077085694e-03,-8.429649497858e-04,+4.938603336861e-05 }   }
}
    main loop time = 0.110000
        total time = 0.110000
  file   read time = 0.000000
