SDPA-GMP start at Wed Jun  5 23:35:12 2024
*SDP Scan Problem: V = x^2 - 2*x^4 + x^8
* K = 6; eval = 5.075376884422111; Domain = R+ with BCs: Neumann
data      is /Users/gorg/qmBoot/data/K=6_BC-Neumann_V_0.0_0.0_1.0_0.0_-2.0_0.0_0.0_0.0_1.0/e=5.075376884422111_K=6_D=R+.dat
parameter is ./param.sdpa
out       is /Users/gorg/qmBoot/data/K=6_BC-Neumann_V_0.0_0.0_1.0_0.0_-2.0_0.0_0.0_0.0_1.0/e=5.075376884422111_K=6_D=R+.out
DENSE computation
   mu      thetaP  thetaD  objP      objD      alphaP  alphaD  beta 
 0 1.0e+20 1.0e+00 1.0e+00 +0.00e+00 -2.23e+10 1.0e+00 9.0e-01 3.00e-01
 1 1.6e+19 8.6e-88 1.0e-01 +1.60e+10 -2.23e+09 9.0e-01 9.0e-01 3.00e-01
 2 2.5e+18 1.7e-87 1.0e-02 +2.46e+10 -2.23e+08 9.0e-01 9.0e-01 3.00e-01
 3 3.8e+17 2.6e-87 1.0e-03 +3.79e+10 -2.23e+07 9.0e-01 9.0e-01 3.00e-01
 4 5.8e+16 1.7e-87 1.0e-04 +5.84e+10 -2.23e+06 9.0e-01 9.0e-01 3.00e-01
 5 9.0e+15 3.5e-87 1.0e-05 +9.00e+10 -2.23e+05 9.0e-01 9.0e-01 3.00e-01
 6 1.4e+15 2.6e-87 1.0e-06 +1.39e+11 -2.23e+04 9.0e-01 9.0e-01 3.00e-01
 7 2.1e+14 3.5e-87 1.0e-07 +2.13e+11 -2.23e+03 9.0e-01 9.0e-01 3.00e-01
 8 3.3e+13 4.3e-87 1.0e-08 +3.29e+11 -2.23e+02 9.0e-01 9.0e-01 3.00e-01
 9 5.1e+12 5.2e-87 1.0e-09 +5.05e+11 -2.25e+01 9.0e-01 9.0e-01 3.00e-01
10 8.5e+11 6.0e-87 1.0e-10 +7.66e+11 -2.41e+00 8.9e-01 8.9e-01 3.00e-01
11 2.1e+11 6.9e-87 1.2e-11 +1.03e+12 -3.97e-01 1.8e+00 9.3e-01 3.00e-01
12 4.9e+10 7.8e-87 8.5e-13 +4.88e+11 -2.08e-01 1.2e+00 1.0e+00 3.00e-01
13 1.1e+10 1.1e-86 4.8e-94 +1.35e+11 -3.28e-01 9.7e-01 9.7e-01 1.00e-01
14 1.4e+09 1.2e-86 5.4e-94 +1.71e+10 -3.30e-01 9.9e-01 9.9e-01 1.00e-01
15 1.5e+08 1.5e-86 1.8e-93 +1.85e+09 -3.32e-01 1.0e+00 1.0e+00 1.00e-01
16 1.6e+07 1.6e-86 4.6e-93 +1.87e+08 -3.33e-01 1.0e+00 1.0e+00 1.00e-01
17 1.6e+06 1.6e-86 1.5e-92 +1.87e+07 -3.35e-01 1.0e+00 1.0e+00 1.00e-01
18 1.6e+05 1.8e-86 2.8e-92 +1.87e+06 -3.36e-01 1.0e+00 1.0e+00 1.00e-01
19 1.6e+04 1.7e-86 1.4e-91 +1.87e+05 -3.38e-01 1.0e+00 1.0e+00 1.00e-01
20 1.6e+03 2.0e-86 5.9e-91 +1.87e+04 -3.39e-01 1.0e+00 1.0e+00 1.00e-01
21 1.6e+02 2.2e-86 1.5e-90 +1.87e+03 -3.40e-01 1.0e+00 1.0e+00 1.00e-01
22 1.6e+01 2.2e-86 6.3e-90 +1.87e+02 -3.41e-01 1.0e+00 9.0e+01 1.00e-01
23 1.6e+00 2.2e-86 3.2e-87 +1.88e+01 -1.92e-01 9.8e-01 9.8e-01 1.00e-01
24 1.8e-01 2.4e-86 1.6e-88 +1.97e+00 -1.94e-01 9.2e-01 1.8e+00 1.00e-01
25 2.6e-02 2.3e-86 2.7e-88 +2.51e-01 -5.48e-02 8.9e-01 1.3e+00 1.00e-01
26 4.3e-03 2.4e-86 1.4e-88 +3.16e-02 -1.98e-02 8.9e-01 9.3e-01 1.00e-01
27 8.0e-04 2.4e-86 7.2e-89 +3.60e-03 -5.98e-03 9.1e-01 9.6e-01 1.00e-01
28 1.2e-04 2.4e-86 1.5e-89 +3.76e-04 -1.12e-03 9.2e-01 9.7e-01 1.00e-01
29 1.7e-05 2.2e-86 9.8e-90 +1.93e-05 -1.87e-04 1.0e+00 9.5e-01 1.00e-01
30 2.4e-06 2.4e-86 7.2e-89 -1.77e-05 -4.62e-05 1.0e+00 9.8e-01 1.00e-01
31 2.7e-07 2.4e-86 1.4e-88 -2.16e-05 -2.48e-05 1.0e+00 9.8e-01 1.00e-01
32 3.0e-08 2.4e-86 2.6e-88 -2.20e-05 -2.23e-05 1.0e+00 9.9e-01 1.00e-01
33 3.1e-09 2.3e-86 2.3e-89 -2.20e-05 -2.20e-05 1.0e+00 9.9e-01 1.00e-01
34 3.1e-10 2.3e-86 2.3e-89 -2.20e-05 -2.20e-05 1.0e+00 9.9e-01 1.00e-01
35 3.1e-11 2.2e-86 2.3e-90 -2.20e-05 -2.20e-05 1.0e+00 9.9e-01 1.00e-01
36 3.1e-12 2.3e-86 6.4e-91 -2.20e-05 -2.20e-05 1.0e+00 9.9e-01 1.00e-01
37 3.1e-13 2.3e-86 1.6e-90 -2.20e-05 -2.20e-05 1.0e+00 9.9e-01 1.00e-01
38 3.1e-14 2.4e-86 8.0e-90 -2.20e-05 -2.20e-05 1.0e+00 9.9e-01 1.00e-01
39 3.1e-15 2.3e-86 2.2e-89 -2.20e-05 -2.20e-05 1.0e+00 9.9e-01 1.00e-01
40 3.1e-16 2.3e-86 6.7e-90 -2.20e-05 -2.20e-05 1.0e+00 9.9e-01 1.00e-01
41 3.1e-17 2.3e-86 1.3e-89 -2.20e-05 -2.20e-05 1.0e+00 9.9e-01 1.00e-01
42 3.1e-18 2.4e-86 9.1e-90 -2.20e-05 -2.20e-05 1.0e+00 9.9e-01 1.00e-01
43 3.1e-19 2.3e-86 1.3e-89 -2.20e-05 -2.20e-05 1.0e+00 9.9e-01 1.00e-01
44 3.1e-20 2.4e-86 9.4e-90 -2.20e-05 -2.20e-05 1.0e+00 9.9e-01 1.00e-01
45 3.1e-21 2.3e-86 3.4e-80 -2.20e-05 -2.20e-05 1.0e+00 9.9e-01 1.00e-01
46 3.1e-22 2.3e-86 2.3e-80 -2.20e-05 -2.20e-05 1.0e+00 9.9e-01 1.00e-01
47 3.1e-23 2.3e-86 2.4e-80 -2.20e-05 -2.20e-05 1.0e+00 9.9e-01 1.00e-01
48 3.1e-24 2.2e-86 6.5e-81 -2.20e-05 -2.20e-05 1.0e+00 9.9e-01 1.00e-01
49 3.1e-25 2.3e-86 3.8e-81 -2.20e-05 -2.20e-05 1.0e+00 9.9e-01 1.00e-01
50 3.1e-26 2.2e-86 7.4e-82 -2.20e-05 -2.20e-05 1.0e+00 9.9e-01 1.00e-01
51 3.1e-27 2.2e-86 2.6e-82 -2.20e-05 -2.20e-05 1.0e+00 9.9e-01 1.00e-01
52 3.1e-28 2.4e-86 9.7e-82 -2.20e-05 -2.20e-05 1.0e+00 9.9e-01 1.00e-01
53 3.1e-29 2.3e-86 4.8e-81 -2.20e-05 -2.20e-05 1.0e+00 9.9e-01 1.00e-01
54 3.1e-30 2.3e-86 6.1e-80 -2.20e-05 -2.20e-05 1.0e+00 9.9e-01 1.00e-01
55 3.1e-31 2.4e-86 3.7e-79 -2.20e-05 -2.20e-05 1.0e+00 9.9e-01 1.00e-01
56 3.1e-32 2.2e-86 3.5e-78 -2.20e-05 -2.20e-05 1.0e+00 9.9e-01 1.00e-01

phase.value = pdOPT     
   Iteration = 56
          mu = 3.0755027582548976e-32
relative gap = 3.6906033099058771e-31
         gap = 3.6906033099058771e-31
      digits = 2.5775543114671297e+01
objValPrimal = -2.2011035871879881e-05
objValDual   = -2.2011035871879881e-05
p.feas.error = 2.2454038243245556e-76
d.feas.error = 4.1669809249124164e-67
relative eps = 8.6361685550944446e-78
total time   = 0.110


Parameters are
maxIteration =    200
epsilonStar  = 1.000e-30
lambdaStar   = 1.000e+10
omegaStar    = 2.000e+00
lowerBound   = -1.000e+05
upperBound   = 1.000e+05
betaStar     = 1.000e-01
betaBar      = 3.000e-01
gammaStar    = 9.000e-01
epsilonDash  = 1.000e-30
precision    =    200

                         Time(sec)  Ratio(% : MainLoop) 
 Predictor time  =       0.030000,  27.272727
 Corrector time  =       0.010000,  9.090909
 Make bMat time  =       0.030000,  27.272727
 Make bDia time  =       0.000000,  0.000000
 Make bF1  time  =       0.030000,  27.272727
 Make bF2  time  =       0.000000,  0.000000
 Make bF3  time  =       0.000000,  0.000000
 Make bPRE time  =       0.030000,  27.272727
 Make rMat time  =       0.010000,  9.090909
 Make gVec Mul   =       0.000000,  0.000000
 Make gVec time  =       0.000000,  0.000000
 Cholesky bMat   =       0.000000,  0.000000
 Ste Pre time    =       0.000000,  0.000000
 Ste Cor time    =       0.060000,  54.545455
 solve           =       0.000000,  0.000000
 sumDz           =       0.000000,  0.000000
 makedX          =       0.000000,  0.000000
 symmetriseDx    =       0.000000,  0.000000
 makedXdZ        =       0.000000,  0.000000
 xMatTime        =       0.010000,  9.090909
 zMatTime        =       0.000000,  0.000000
 invzMatTime     =       0.000000,  0.000000
 xMatzMatTime    =       0.000000,  0.000000
 EigxMatTime     =       0.040000,  36.363636
 EigzMatTime     =       0.020000,  18.181818
 EigxMatzMatTime =       0.000000,  0.000000
 updateRes       =       0.000000,  0.000000
 EigTime         =       0.060000,  54.545455
 sub_total_bMat  =       0.080000,  72.727273
 Main Loop       =       0.110000,  100.000000
 File Check      =       0.000000,  0.000000
 File Change     =       0.000000,  0.000000
 File Read       =       0.000000,  0.000000
 Total           =       0.110000,  100.000000

xVec = 
{+2.201103587188e-05,+6.734485579589e-01,+6.367687353760e-01,+6.825668294624e-01,+7.786176782228e-01,+9.197411486272e-01,+1.110714343368e+00,+1.362875858395e+00}
xMat = 
{
{ {+9.999779889641e-01,+6.734485579589e-01,+6.367687353760e-01,+6.825668294624e-01,+7.786176782228e-01,+9.197411486272e-01 },
  {+6.734485579589e-01,+6.367467243401e-01,+6.825668294624e-01,+7.786176782228e-01,+9.197411486272e-01,+1.110714343368e+00 },
  {+6.367687353760e-01,+6.825668294624e-01,+7.785956671869e-01,+9.197411486272e-01,+1.110714343368e+00,+1.362875858395e+00 },
  {+6.825668294624e-01,+7.786176782228e-01,+9.197411486272e-01,+1.110692332332e+00,+1.362875858395e+00,+1.694709096601e+00 },
  {+7.786176782228e-01,+9.197411486272e-01,+1.110714343368e+00,+1.362875858395e+00,+1.694687085565e+00,+2.135848816898e+00 },
  {+9.197411486272e-01,+1.110714343368e+00,+1.362875858395e+00,+1.694709096601e+00,+2.135848816898e+00,+2.741148943470e+00 }   }
{ {+6.734265469231e-01,+6.367687353760e-01,+6.825668294624e-01,+7.786176782228e-01,+9.197411486272e-01,+1.110714343368e+00 },
  {+6.367687353760e-01,+6.825448184265e-01,+7.786176782228e-01,+9.197411486272e-01,+1.110714343368e+00,+1.362875858395e+00 },
  {+6.825668294624e-01,+7.786176782228e-01,+9.197191375914e-01,+1.110714343368e+00,+1.362875858395e+00,+1.694709096601e+00 },
  {+7.786176782228e-01,+9.197411486272e-01,+1.110714343368e+00,+1.362853847359e+00,+1.694709096601e+00,+2.135848816898e+00 },
  {+9.197411486272e-01,+1.110714343368e+00,+1.362875858395e+00,+1.694709096601e+00,+2.135826805863e+00,+2.741170954505e+00 },
  {+1.110714343368e+00,+1.362875858395e+00,+1.694709096601e+00,+2.135848816898e+00,+2.741170954505e+00,+3.706681931297e+00 }   }
}
yMat = 
{
{ {+4.628687454928e-05,-7.835165480234e-04,+2.727222965767e-03,-3.458939451919e-03,+1.747169540611e-03,-2.768799046089e-04 },
  {-7.835165480234e-04,+1.326289983941e-02,-4.616480038100e-02,+5.855085973248e-02,-2.957504174998e-02,+4.686857541986e-03 },
  {+2.727222965767e-03,-4.616480038100e-02,+1.606879958397e-01,-2.038007362201e-01,+1.029432413107e-01,-1.631376587773e-02 },
  {-3.458939451919e-03,+5.855085973248e-02,-2.038007362201e-01,+2.584806653840e-01,-1.305630097529e-01,+2.069076460273e-02 },
  {+1.747169540611e-03,-2.957504174998e-02,+1.029432413107e-01,-1.305630097529e-01,+6.594961170662e-02,-1.045125946503e-02 },
  {-2.768799046089e-04,+4.686857541986e-03,-1.631376587773e-02,+2.069076460273e-02,-1.045125946503e-02,+1.656246664368e-03 }   }
{ {+1.379367601050e-03,-9.216894062002e-03,+1.879013474352e-02,-1.512604084759e-02,+4.557986621188e-03,-2.702409745165e-04 },
  {-9.216894062002e-03,+6.158701718492e-02,-1.255551320837e-01,+1.010717635847e-01,-3.045633360646e-02,+1.805742306428e-03 },
  {+1.879013474352e-02,-1.255551320837e-01,+2.559645183858e-01,-2.060511972630e-01,+6.209018009856e-02,-3.681298821664e-03 },
  {-1.512604084759e-02,+1.010717635847e-01,-2.060511972630e-01,+1.658710205668e-01,-4.998253675262e-02,+2.963442099204e-03 },
  {+4.557986621188e-03,-3.045633360646e-02,+6.209018009856e-02,-4.998253675262e-02,+1.506142526700e-02,-8.929851226069e-04 },
  {-2.702409745165e-04,+1.805742306428e-03,-3.681298821664e-03,+2.963442099204e-03,-8.929851226069e-04,+5.294468584885e-05 }   }
}
    main loop time = 0.110000
        total time = 0.110000
  file   read time = 0.000000
