SDPA-GMP start at Wed Jun  5 23:35:12 2024
*SDP Scan Problem: V = x^2 - 2*x^4 + x^8
* K = 6; eval = 5.678391959798995; Domain = R+ with BCs: Neumann
data      is /Users/gorg/qmBoot/data/K=6_BC-Neumann_V_0.0_0.0_1.0_0.0_-2.0_0.0_0.0_0.0_1.0/e=5.678391959798995_K=6_D=R+.dat
parameter is ./param.sdpa
out       is /Users/gorg/qmBoot/data/K=6_BC-Neumann_V_0.0_0.0_1.0_0.0_-2.0_0.0_0.0_0.0_1.0/e=5.678391959798995_K=6_D=R+.out
DENSE computation
   mu      thetaP  thetaD  objP      objD      alphaP  alphaD  beta 
 0 1.0e+20 1.0e+00 1.0e+00 +0.00e+00 -2.35e+10 1.0e+00 9.0e-01 3.00e-01
 1 1.6e+19 8.6e-88 1.0e-01 +1.60e+10 -2.35e+09 9.0e-01 9.0e-01 3.00e-01
 2 2.5e+18 2.6e-87 1.0e-02 +2.46e+10 -2.35e+08 9.0e-01 9.0e-01 3.00e-01
 3 3.8e+17 3.5e-87 1.0e-03 +3.79e+10 -2.35e+07 9.0e-01 9.0e-01 3.00e-01
 4 5.8e+16 1.7e-87 1.0e-04 +5.84e+10 -2.35e+06 9.0e-01 9.0e-01 3.00e-01
 5 9.0e+15 2.6e-87 1.0e-05 +9.00e+10 -2.35e+05 9.0e-01 9.0e-01 3.00e-01
 6 1.4e+15 3.5e-87 1.0e-06 +1.39e+11 -2.35e+04 9.0e-01 9.0e-01 3.00e-01
 7 2.1e+14 4.3e-87 1.0e-07 +2.13e+11 -2.35e+03 9.0e-01 9.0e-01 3.00e-01
 8 3.3e+13 4.3e-87 1.0e-08 +3.29e+11 -2.35e+02 9.0e-01 9.0e-01 3.00e-01
 9 5.1e+12 4.3e-87 1.0e-09 +5.05e+11 -2.37e+01 9.0e-01 9.0e-01 3.00e-01
10 8.5e+11 5.2e-87 1.0e-10 +7.66e+11 -2.53e+00 8.8e-01 8.8e-01 3.00e-01
11 2.1e+11 5.2e-87 1.2e-11 +1.03e+12 -4.15e-01 1.9e+00 9.3e-01 3.00e-01
12 4.9e+10 5.2e-87 8.8e-13 +4.83e+11 -2.16e-01 1.2e+00 1.0e+00 3.00e-01
13 1.1e+10 6.9e-87 4.7e-94 +1.32e+11 -3.45e-01 9.7e-01 9.7e-01 1.00e-01
14 1.4e+09 8.6e-87 6.3e-94 +1.69e+10 -3.47e-01 9.9e-01 9.9e-01 1.00e-01
15 1.5e+08 1.1e-86 1.6e-93 +1.84e+09 -3.49e-01 1.0e+00 1.0e+00 1.00e-01
16 1.5e+07 1.3e-86 3.3e-93 +1.85e+08 -3.51e-01 1.0e+00 1.0e+00 1.00e-01
17 1.5e+06 1.2e-86 2.1e-92 +1.85e+07 -3.52e-01 1.0e+00 1.0e+00 1.00e-01
18 1.5e+05 1.6e-86 6.7e-92 +1.85e+06 -3.54e-01 1.0e+00 1.0e+00 1.00e-01
19 1.5e+04 1.6e-86 2.1e-91 +1.85e+05 -3.55e-01 1.0e+00 1.0e+00 1.00e-01
20 1.5e+03 1.6e-86 3.8e-91 +1.85e+04 -3.56e-01 1.0e+00 1.0e+00 1.00e-01
21 1.5e+02 1.9e-86 2.2e-90 +1.85e+03 -3.57e-01 1.0e+00 1.0e+00 1.00e-01
22 1.5e+01 2.0e-86 4.4e-90 +1.85e+02 -3.58e-01 1.0e+00 9.0e+01 1.00e-01
23 1.6e+00 2.2e-86 3.2e-87 +1.87e+01 -1.84e-01 9.8e-01 9.8e-01 1.00e-01
24 1.8e-01 2.4e-86 1.6e-88 +1.96e+00 -1.87e-01 9.2e-01 1.8e+00 1.00e-01
25 2.6e-02 2.4e-86 1.9e-88 +2.49e-01 -5.85e-02 8.9e-01 1.2e+00 1.00e-01
26 4.3e-03 2.4e-86 1.4e-88 +3.13e-02 -2.02e-02 8.9e-01 9.3e-01 1.00e-01
27 8.1e-04 2.4e-86 7.2e-89 +3.55e-03 -6.11e-03 9.1e-01 9.6e-01 1.00e-01
28 1.3e-04 2.4e-86 1.7e-89 +3.71e-04 -1.14e-03 9.2e-01 9.8e-01 1.00e-01
29 1.7e-05 2.2e-86 1.2e-89 +1.85e-05 -1.86e-04 1.0e+00 9.5e-01 1.00e-01
30 2.3e-06 2.2e-86 2.5e-89 -1.82e-05 -4.63e-05 1.0e+00 9.8e-01 1.00e-01
31 2.7e-07 2.2e-86 2.1e-88 -2.20e-05 -2.52e-05 1.0e+00 9.8e-01 1.00e-01
32 3.0e-08 2.2e-86 1.7e-88 -2.24e-05 -2.27e-05 1.0e+00 9.9e-01 1.00e-01
33 3.0e-09 2.2e-86 2.0e-90 -2.24e-05 -2.25e-05 1.0e+00 9.9e-01 1.00e-01
34 3.0e-10 2.2e-86 4.0e-89 -2.24e-05 -2.24e-05 1.0e+00 9.9e-01 1.00e-01
35 3.0e-11 2.3e-86 2.5e-90 -2.24e-05 -2.24e-05 1.0e+00 9.9e-01 1.00e-01
36 3.0e-12 2.2e-86 2.6e-90 -2.24e-05 -2.24e-05 1.0e+00 9.9e-01 1.00e-01
37 3.0e-13 2.2e-86 9.0e-90 -2.24e-05 -2.24e-05 1.0e+00 9.9e-01 1.00e-01
38 3.0e-14 2.3e-86 1.9e-89 -2.24e-05 -2.24e-05 1.0e+00 9.9e-01 1.00e-01
39 3.0e-15 2.2e-86 1.1e-89 -2.24e-05 -2.24e-05 1.0e+00 9.9e-01 1.00e-01
40 3.0e-16 2.2e-86 1.6e-89 -2.24e-05 -2.24e-05 1.0e+00 9.9e-01 1.00e-01
41 3.0e-17 2.3e-86 9.2e-90 -2.24e-05 -2.24e-05 1.0e+00 9.9e-01 1.00e-01
42 3.0e-18 2.2e-86 9.1e-90 -2.24e-05 -2.24e-05 1.0e+00 9.9e-01 1.00e-01
43 3.0e-19 2.2e-86 8.7e-90 -2.24e-05 -2.24e-05 1.0e+00 9.9e-01 1.00e-01
44 3.0e-20 2.3e-86 1.1e-89 -2.24e-05 -2.24e-05 1.0e+00 9.9e-01 1.00e-01
45 3.0e-21 2.2e-86 2.7e-80 -2.24e-05 -2.24e-05 1.0e+00 9.9e-01 1.00e-01
46 3.0e-22 2.3e-86 2.4e-80 -2.24e-05 -2.24e-05 1.0e+00 9.9e-01 1.00e-01
47 3.0e-23 2.3e-86 2.0e-80 -2.24e-05 -2.24e-05 1.0e+00 9.9e-01 1.00e-01
48 3.0e-24 2.3e-86 4.6e-81 -2.24e-05 -2.24e-05 1.0e+00 9.9e-01 1.00e-01
49 3.0e-25 2.2e-86 3.8e-81 -2.24e-05 -2.24e-05 1.0e+00 9.9e-01 1.00e-01
50 3.0e-26 2.2e-86 6.9e-82 -2.24e-05 -2.24e-05 1.0e+00 9.9e-01 1.00e-01
51 3.0e-27 2.2e-86 1.5e-82 -2.24e-05 -2.24e-05 1.0e+00 9.9e-01 1.00e-01
52 3.0e-28 2.3e-86 6.8e-82 -2.24e-05 -2.24e-05 1.0e+00 9.9e-01 1.00e-01
53 3.0e-29 2.2e-86 5.6e-81 -2.24e-05 -2.24e-05 1.0e+00 9.9e-01 1.00e-01
54 3.0e-30 2.3e-86 4.5e-80 -2.24e-05 -2.24e-05 1.0e+00 9.9e-01 1.00e-01
55 3.0e-31 2.2e-86 8.6e-79 -2.24e-05 -2.24e-05 1.0e+00 9.9e-01 1.00e-01
56 3.0e-32 2.2e-86 3.9e-78 -2.24e-05 -2.24e-05 1.0e+00 9.9e-01 1.00e-01

phase.value = pdOPT     
   Iteration = 56
          mu = 3.0412886293160300e-32
relative gap = 3.6495463551792360e-31
         gap = 3.6495463551792360e-31
      digits = 2.5788586255989557e+01
objValPrimal = -2.2429786527245264e-05
objValDual   = -2.2429786527245264e-05
p.feas.error = 2.2454038243245556e-76
d.feas.error = 4.6593182946080020e-67
relative eps = 8.6361685550944446e-78
total time   = 0.110


Parameters are
maxIteration =    200
epsilonStar  = 1.000e-30
lambdaStar   = 1.000e+10
omegaStar    = 2.000e+00
lowerBound   = -1.000e+05
upperBound   = 1.000e+05
betaStar     = 1.000e-01
betaBar      = 3.000e-01
gammaStar    = 9.000e-01
epsilonDash  = 1.000e-30
precision    =    200

                         Time(sec)  Ratio(% : MainLoop) 
 Predictor time  =       0.040000,  36.363636
 Corrector time  =       0.020000,  18.181818
 Make bMat time  =       0.030000,  27.272727
 Make bDia time  =       0.000000,  0.000000
 Make bF1  time  =       0.030000,  27.272727
 Make bF2  time  =       0.000000,  0.000000
 Make bF3  time  =       0.000000,  0.000000
 Make bPRE time  =       0.020000,  18.181818
 Make rMat time  =       0.010000,  9.090909
 Make gVec Mul   =       0.000000,  0.000000
 Make gVec time  =       0.010000,  9.090909
 Cholesky bMat   =       0.000000,  0.000000
 Ste Pre time    =       0.000000,  0.000000
 Ste Cor time    =       0.050000,  45.454545
 solve           =       0.000000,  0.000000
 sumDz           =       0.000000,  0.000000
 makedX          =       0.000000,  0.000000
 symmetriseDx    =       0.000000,  0.000000
 makedXdZ        =       0.000000,  0.000000
 xMatTime        =       0.000000,  0.000000
 zMatTime        =       0.000000,  0.000000
 invzMatTime     =       0.000000,  0.000000
 xMatzMatTime    =       0.000000,  0.000000
 EigxMatTime     =       0.030000,  27.272727
 EigzMatTime     =       0.020000,  18.181818
 EigxMatzMatTime =       0.000000,  0.000000
 updateRes       =       0.000000,  0.000000
 EigTime         =       0.050000,  45.454545
 sub_total_bMat  =       0.080000,  72.727273
 Main Loop       =       0.110000,  100.000000
 File Check      =       0.000000,  0.000000
 File Change     =       0.000000,  0.000000
 File Read       =       0.000000,  0.000000
 Total           =       0.110000,  100.000000

xVec = 
{+2.242978652725e-05,+6.865620371674e-01,+6.568974412928e-01,+7.121544181507e-01,+8.213971027750e-01,+9.806053745619e-01,+1.196146191099e+00,+1.481593809279e+00}
xMat = 
{
{ {+9.999775702135e-01,+6.865620371674e-01,+6.568974412928e-01,+7.121544181507e-01,+8.213971027750e-01,+9.806053745619e-01 },
  {+6.865620371674e-01,+6.568750115062e-01,+7.121544181507e-01,+8.213971027750e-01,+9.806053745619e-01,+1.196146191099e+00 },
  {+6.568974412928e-01,+7.121544181507e-01,+8.213746729885e-01,+9.806053745619e-01,+1.196146191099e+00,+1.481593809279e+00 },
  {+7.121544181507e-01,+8.213971027750e-01,+9.806053745619e-01,+1.196123761313e+00,+1.481593809279e+00,+1.858595938773e+00 },
  {+8.213971027750e-01,+9.806053745619e-01,+1.196146191099e+00,+1.481593809279e+00,+1.858573508986e+00,+2.361406074367e+00 },
  {+9.806053745619e-01,+1.196146191099e+00,+1.481593809279e+00,+1.858595938773e+00,+2.361406074367e+00,+3.052297134077e+00 }   }
{ {+6.865396073809e-01,+6.568974412928e-01,+7.121544181507e-01,+8.213971027750e-01,+9.806053745619e-01,+1.196146191099e+00 },
  {+6.568974412928e-01,+7.121319883642e-01,+8.213971027750e-01,+9.806053745619e-01,+1.196146191099e+00,+1.481593809279e+00 },
  {+7.121544181507e-01,+8.213971027750e-01,+9.805829447754e-01,+1.196146191099e+00,+1.481593809279e+00,+1.858595938773e+00 },
  {+8.213971027750e-01,+9.806053745619e-01,+1.196146191099e+00,+1.481571379492e+00,+1.858595938773e+00,+2.361406074367e+00 },
  {+9.806053745619e-01,+1.196146191099e+00,+1.481593809279e+00,+1.858595938773e+00,+2.361383644581e+00,+3.052319563863e+00 },
  {+1.196146191099e+00,+1.481593809279e+00,+1.858595938773e+00,+2.361406074367e+00,+3.052319563863e+00,+4.146357413987e+00 }   }
}
yMat = 
{
{ {+5.022293311397e-05,-8.318660264705e-04,+2.861154568043e-03,-3.593979485107e-03,+1.799506111375e-03,-2.827029426625e-04 },
  {-8.318660264705e-04,+1.377858765089e-02,-4.739064674369e-02,+5.952876998856e-02,-2.980606479280e-02,+4.682541600079e-03 },
  {+2.861154568043e-03,-4.739064674369e-02,+1.629973590682e-01,-2.047457243872e-01,+1.025162174240e-01,-1.610532809708e-02 },
  {-3.593979485107e-03,+5.952876998856e-02,-2.047457243872e-01,+2.571870605418e-01,-1.287736029461e-01,+2.023037113349e-02 },
  {+1.799506111375e-03,-2.980606479280e-02,+1.025162174240e-01,-1.287736029461e-01,+6.447696389076e-02,-1.012935010925e-02 },
  {-2.827029426625e-04,+4.682541600079e-03,-1.610532809708e-02,+2.023037113349e-02,-1.012935010925e-02,+1.591323899954e-03 }   }
{ {+1.458695685916e-03,-9.597698293463e-03,+1.936508514047e-02,-1.544703494901e-02,+4.614571692731e-03,-2.713747741710e-04 },
  {-9.597698293463e-03,+6.314943783118e-02,-1.274153659327e-01,+1.016359905638e-01,-3.036223887409e-02,+1.785549400124e-03 },
  {+1.936508514047e-02,-1.274153659327e-01,+2.570834520993e-01,-2.050689186535e-01,+6.126128607862e-02,-3.602667545766e-03 },
  {-1.544703494901e-02,+1.016359905638e-01,-2.050689186535e-01,+1.635782507755e-01,-4.886656682443e-02,+2.873756096884e-03 },
  {+4.614571692731e-03,-3.036223887409e-02,+6.126128607862e-02,-4.886656682443e-02,+1.459815924113e-02,-8.584918452163e-04 },
  {-2.713747741710e-04,+1.785549400124e-03,-3.602667545766e-03,+2.873756096884e-03,-8.584918452163e-04,+5.048638229855e-05 }   }
}
    main loop time = 0.110000
        total time = 0.110000
  file   read time = 0.000000
