SDPA-GMP start at Wed Jun  5 23:35:12 2024
*SDP Scan Problem: V = x^2 - 2*x^4 + x^8
* K = 6; eval = 5.778894472361809; Domain = R+ with BCs: Neumann
data      is /Users/gorg/qmBoot/data/K=6_BC-Neumann_V_0.0_0.0_1.0_0.0_-2.0_0.0_0.0_0.0_1.0/e=5.778894472361809_K=6_D=R+.dat
parameter is ./param.sdpa
out       is /Users/gorg/qmBoot/data/K=6_BC-Neumann_V_0.0_0.0_1.0_0.0_-2.0_0.0_0.0_0.0_1.0/e=5.778894472361809_K=6_D=R+.out
DENSE computation
   mu      thetaP  thetaD  objP      objD      alphaP  alphaD  beta 
 0 1.0e+20 1.0e+00 1.0e+00 +0.00e+00 -2.37e+10 1.0e+00 9.0e-01 3.00e-01
 1 1.6e+19 8.6e-88 1.0e-01 +1.60e+10 -2.37e+09 9.0e-01 9.0e-01 3.00e-01
 2 2.5e+18 8.6e-88 1.0e-02 +2.46e+10 -2.37e+08 9.0e-01 9.0e-01 3.00e-01
 3 3.8e+17 1.7e-87 1.0e-03 +3.79e+10 -2.37e+07 9.0e-01 9.0e-01 3.00e-01
 4 5.8e+16 2.6e-87 1.0e-04 +5.84e+10 -2.37e+06 9.0e-01 9.0e-01 3.00e-01
 5 9.0e+15 3.5e-87 1.0e-05 +9.00e+10 -2.37e+05 9.0e-01 9.0e-01 3.00e-01
 6 1.4e+15 3.5e-87 1.0e-06 +1.39e+11 -2.37e+04 9.0e-01 9.0e-01 3.00e-01
 7 2.1e+14 4.3e-87 1.0e-07 +2.13e+11 -2.37e+03 9.0e-01 9.0e-01 3.00e-01
 8 3.3e+13 4.3e-87 1.0e-08 +3.29e+11 -2.37e+02 9.0e-01 9.0e-01 3.00e-01
 9 5.1e+12 5.2e-87 1.0e-09 +5.05e+11 -2.39e+01 9.0e-01 9.0e-01 3.00e-01
10 8.5e+11 5.2e-87 1.0e-10 +7.66e+11 -2.55e+00 8.8e-01 8.8e-01 3.00e-01
11 2.1e+11 6.9e-87 1.2e-11 +1.03e+12 -4.18e-01 1.9e+00 9.3e-01 3.00e-01
12 4.9e+10 6.9e-87 8.9e-13 +4.82e+11 -2.17e-01 1.2e+00 1.0e+00 3.00e-01
13 1.1e+10 8.6e-87 4.2e-94 +1.31e+11 -3.48e-01 9.7e-01 9.7e-01 1.00e-01
14 1.4e+09 1.2e-86 5.8e-94 +1.68e+10 -3.50e-01 9.9e-01 9.9e-01 1.00e-01
15 1.5e+08 1.0e-86 2.5e-93 +1.83e+09 -3.52e-01 1.0e+00 1.0e+00 1.00e-01
16 1.5e+07 1.1e-86 7.3e-93 +1.85e+08 -3.54e-01 1.0e+00 1.0e+00 1.00e-01
17 1.5e+06 1.4e-86 1.5e-92 +1.85e+07 -3.55e-01 1.0e+00 1.0e+00 1.00e-01
18 1.5e+05 1.6e-86 4.7e-92 +1.85e+06 -3.57e-01 1.0e+00 1.0e+00 1.00e-01
19 1.5e+04 1.6e-86 1.7e-91 +1.85e+05 -3.58e-01 1.0e+00 1.0e+00 1.00e-01
20 1.5e+03 1.8e-86 5.6e-91 +1.85e+04 -3.59e-01 1.0e+00 1.0e+00 1.00e-01
21 1.5e+02 1.8e-86 1.5e-90 +1.85e+03 -3.60e-01 1.0e+00 1.0e+00 1.00e-01
22 1.5e+01 1.9e-86 3.9e-90 +1.85e+02 -3.61e-01 1.0e+00 9.0e+01 1.00e-01
23 1.6e+00 2.2e-86 3.4e-87 +1.87e+01 -1.82e-01 9.8e-01 9.8e-01 1.00e-01
24 1.8e-01 2.4e-86 1.6e-88 +1.95e+00 -1.86e-01 9.2e-01 1.7e+00 1.00e-01
25 2.6e-02 2.3e-86 1.9e-88 +2.49e-01 -5.90e-02 8.9e-01 1.2e+00 1.00e-01
26 4.3e-03 2.2e-86 1.4e-88 +3.12e-02 -2.04e-02 8.9e-01 9.3e-01 1.00e-01
27 8.1e-04 2.2e-86 7.2e-89 +3.54e-03 -6.14e-03 9.1e-01 9.6e-01 1.00e-01
28 1.3e-04 2.2e-86 1.2e-89 +3.70e-04 -1.14e-03 9.2e-01 9.8e-01 1.00e-01
29 1.7e-05 2.3e-86 1.6e-89 +1.83e-05 -1.86e-04 1.0e+00 9.5e-01 1.00e-01
30 2.3e-06 2.2e-86 1.9e-89 -1.83e-05 -4.64e-05 1.0e+00 9.8e-01 1.00e-01
31 2.7e-07 2.2e-86 1.4e-88 -2.21e-05 -2.53e-05 1.0e+00 9.8e-01 1.00e-01
32 3.0e-08 2.2e-86 1.9e-88 -2.25e-05 -2.28e-05 1.0e+00 9.9e-01 1.00e-01
33 3.0e-09 2.2e-86 1.1e-89 -2.25e-05 -2.25e-05 1.0e+00 9.9e-01 1.00e-01
34 3.0e-10 2.2e-86 3.5e-89 -2.25e-05 -2.25e-05 1.0e+00 9.9e-01 1.00e-01
35 3.0e-11 2.3e-86 2.0e-90 -2.25e-05 -2.25e-05 1.0e+00 9.9e-01 1.00e-01
36 3.0e-12 2.2e-86 1.5e-89 -2.25e-05 -2.25e-05 1.0e+00 9.9e-01 1.00e-01
37 3.0e-13 2.2e-86 5.9e-90 -2.25e-05 -2.25e-05 1.0e+00 9.9e-01 1.00e-01
38 3.0e-14 2.3e-86 1.8e-89 -2.25e-05 -2.25e-05 1.0e+00 9.9e-01 1.00e-01
39 3.0e-15 2.2e-86 1.8e-89 -2.25e-05 -2.25e-05 1.0e+00 9.9e-01 1.00e-01
40 3.0e-16 2.4e-86 1.3e-89 -2.25e-05 -2.25e-05 1.0e+00 9.9e-01 1.00e-01
41 3.0e-17 2.2e-86 1.3e-89 -2.25e-05 -2.25e-05 1.0e+00 9.9e-01 1.00e-01
42 3.0e-18 2.3e-86 1.1e-89 -2.25e-05 -2.25e-05 1.0e+00 9.9e-01 1.00e-01
43 3.0e-19 2.2e-86 1.3e-90 -2.25e-05 -2.25e-05 1.0e+00 9.9e-01 1.00e-01
44 3.0e-20 2.4e-86 3.0e-90 -2.25e-05 -2.25e-05 1.0e+00 9.9e-01 1.00e-01
45 3.0e-21 2.3e-86 2.5e-80 -2.25e-05 -2.25e-05 1.0e+00 9.9e-01 1.00e-01
46 3.0e-22 2.3e-86 1.4e-80 -2.25e-05 -2.25e-05 1.0e+00 9.9e-01 1.00e-01
47 3.0e-23 2.2e-86 1.3e-80 -2.25e-05 -2.25e-05 1.0e+00 9.9e-01 1.00e-01
48 3.0e-24 2.3e-86 5.3e-81 -2.25e-05 -2.25e-05 1.0e+00 9.9e-01 1.00e-01
49 3.0e-25 2.2e-86 2.8e-81 -2.25e-05 -2.25e-05 1.0e+00 9.9e-01 1.00e-01
50 3.0e-26 2.3e-86 7.7e-82 -2.25e-05 -2.25e-05 1.0e+00 9.9e-01 1.00e-01
51 3.0e-27 2.2e-86 2.0e-82 -2.25e-05 -2.25e-05 1.0e+00 9.9e-01 1.00e-01
52 3.0e-28 2.3e-86 4.0e-82 -2.25e-05 -2.25e-05 1.0e+00 9.9e-01 1.00e-01
53 3.0e-29 2.3e-86 4.5e-81 -2.25e-05 -2.25e-05 1.0e+00 9.9e-01 1.00e-01
54 3.0e-30 2.2e-86 4.6e-80 -2.25e-05 -2.25e-05 1.0e+00 9.9e-01 1.00e-01
55 3.0e-31 2.3e-86 1.1e-78 -2.25e-05 -2.25e-05 1.0e+00 9.9e-01 1.00e-01
56 3.0e-32 2.3e-86 4.6e-78 -2.25e-05 -2.25e-05 1.0e+00 9.9e-01 1.00e-01

phase.value = pdOPT     
   Iteration = 56
          mu = 3.0413936276569216e-32
relative gap = 3.6496723531883060e-31
         gap = 3.6496723531883060e-31
      digits = 2.5789843016370206e+01
objValPrimal = -2.2495564413868083e-05
objValDual   = -2.2495564413868083e-05
p.feas.error = 2.3317655098755000e-76
d.feas.error = 5.5415008286792874e-67
relative eps = 8.6361685550944446e-78
total time   = 0.110


Parameters are
maxIteration =    200
epsilonStar  = 1.000e-30
lambdaStar   = 1.000e+10
omegaStar    = 2.000e+00
lowerBound   = -1.000e+05
upperBound   = 1.000e+05
betaStar     = 1.000e-01
betaBar      = 3.000e-01
gammaStar    = 9.000e-01
epsilonDash  = 1.000e-30
precision    =    200

                         Time(sec)  Ratio(% : MainLoop) 
 Predictor time  =       0.050000,  45.454545
 Corrector time  =       0.020000,  18.181818
 Make bMat time  =       0.030000,  27.272727
 Make bDia time  =       0.000000,  0.000000
 Make bF1  time  =       0.010000,  9.090909
 Make bF2  time  =       0.020000,  18.181818
 Make bF3  time  =       0.000000,  0.000000
 Make bPRE time  =       0.010000,  9.090909
 Make rMat time  =       0.000000,  0.000000
 Make gVec Mul   =       0.000000,  0.000000
 Make gVec time  =       0.010000,  9.090909
 Cholesky bMat   =       0.000000,  0.000000
 Ste Pre time    =       0.000000,  0.000000
 Ste Cor time    =       0.020000,  18.181818
 solve           =       0.000000,  0.000000
 sumDz           =       0.000000,  0.000000
 makedX          =       0.030000,  27.272727
 symmetriseDx    =       0.000000,  0.000000
 makedXdZ        =       0.030000,  27.272727
 xMatTime        =       0.000000,  0.000000
 zMatTime        =       0.020000,  18.181818
 invzMatTime     =       0.000000,  0.000000
 xMatzMatTime    =       0.000000,  0.000000
 EigxMatTime     =       0.010000,  9.090909
 EigzMatTime     =       0.010000,  9.090909
 EigxMatzMatTime =       0.000000,  0.000000
 updateRes       =       0.000000,  0.000000
 EigTime         =       0.020000,  18.181818
 sub_total_bMat  =       0.080000,  72.727273
 Main Loop       =       0.110000,  100.000000
 File Check      =       0.000000,  0.000000
 File Change     =       0.000000,  0.000000
 File Read       =       0.000000,  0.000000
 Total           =       0.110000,  100.000000

xVec = 
{+2.249556441387e-05,+6.885771885187e-01,+6.600337268318e-01,+7.168223010755e-01,+8.282204231031e-01,+9.904075776288e-01,+1.210025237249e+00,+1.501034205374e+00}
xMat = 
{
{ {+9.999775044356e-01,+6.885771885187e-01,+6.600337268318e-01,+7.168223010755e-01,+8.282204231031e-01,+9.904075776288e-01 },
  {+6.885771885187e-01,+6.600112312674e-01,+7.168223010755e-01,+8.282204231031e-01,+9.904075776288e-01,+1.210025237249e+00 },
  {+6.600337268318e-01,+7.168223010755e-01,+8.281979275387e-01,+9.904075776288e-01,+1.210025237249e+00,+1.501034205374e+00 },
  {+7.168223010755e-01,+8.282204231031e-01,+9.904075776288e-01,+1.210002741685e+00,+1.501034205374e+00,+1.885629911463e+00 },
  {+8.282204231031e-01,+9.904075776288e-01,+1.210025237249e+00,+1.501034205374e+00,+1.885607415899e+00,+2.398864724843e+00 },
  {+9.904075776288e-01,+1.210025237249e+00,+1.501034205374e+00,+1.885629911463e+00,+2.398864724843e+00,+3.104286996830e+00 }   }
{ {+6.885546929543e-01,+6.600337268318e-01,+7.168223010755e-01,+8.282204231031e-01,+9.904075776288e-01,+1.210025237249e+00 },
  {+6.600337268318e-01,+7.167998055111e-01,+8.282204231031e-01,+9.904075776288e-01,+1.210025237249e+00,+1.501034205374e+00 },
  {+7.168223010755e-01,+8.282204231031e-01,+9.903850820644e-01,+1.210025237249e+00,+1.501034205374e+00,+1.885629911463e+00 },
  {+8.282204231031e-01,+9.904075776288e-01,+1.210025237249e+00,+1.501011709810e+00,+1.885629911463e+00,+2.398864724843e+00 },
  {+9.904075776288e-01,+1.210025237249e+00,+1.501034205374e+00,+1.885629911463e+00,+2.398842229279e+00,+3.104309492395e+00 },
  {+1.210025237249e+00,+1.501034205374e+00,+1.885629911463e+00,+2.398864724843e+00,+3.104309492395e+00,+4.220177184543e+00 }   }
}
yMat = 
{
{ {+5.086211504188e-05,-8.396255186035e-04,+2.882487751652e-03,-3.615333141966e-03,+1.807712798652e-03,-2.836068386849e-04 },
  {-8.396255186035e-04,+1.386043444929e-02,-4.758375209831e-02,+5.968147336673e-02,-2.984149980402e-02,+4.681746695241e-03 },
  {+2.882487751652e-03,-4.758375209831e-02,+1.633580442256e-01,-2.048902899786e-01,+1.024477648310e-01,-1.607273386332e-02 },
  {-3.615333141966e-03,+5.968147336673e-02,-2.048902899786e-01,+2.569817184487e-01,-1.284941451361e-01,+2.015907522409e-02 },
  {+1.807712798652e-03,-2.984149980402e-02,+1.024477648310e-01,-1.284941451361e-01,+6.424871556598e-02,-1.007979537724e-02 },
  {-2.836068386849e-04,+4.681746695241e-03,-1.607273386332e-02,+2.015907522409e-02,-1.007979537724e-02,+1.581389977247e-03 }   }
{ {+1.471397626448e-03,-9.658163136574e-03,+1.945569068242e-02,-1.549715731679e-02,+4.623282710112e-03,-2.715392416528e-04 },
  {-9.658163136574e-03,+6.339558627525e-02,-1.277059519249e-01,+1.017223834186e-01,-3.034694214408e-02,+1.782366810116e-03 },
  {+1.945569068242e-02,-1.277059519249e-01,+2.572546625917e-01,-2.049125904465e-01,+6.113178159901e-02,-3.590452640928e-03 },
  {-1.549715731679e-02,+1.017223834186e-01,-2.049125904465e-01,+1.632202475962e-01,-4.869366253604e-02,+2.859924652545e-03 },
  {+4.623282710112e-03,-3.034694214408e-02,+6.113178159901e-02,-4.869366253604e-02,+1.452682988841e-02,-8.532042314629e-04 },
  {-2.715392416528e-04,+1.782366810116e-03,-3.590452640928e-03,+2.859924652545e-03,-8.532042314629e-04,+5.011124011077e-05 }   }
}
    main loop time = 0.110000
        total time = 0.110000
  file   read time = 0.000000
