SDPA-GMP start at Wed Jun  5 23:35:12 2024
*SDP Scan Problem: V = x^2 - 2*x^4 + x^8
* K = 6; eval = 5.175879396984925; Domain = R+ with BCs: Neumann
data      is /Users/gorg/qmBoot/data/K=6_BC-Neumann_V_0.0_0.0_1.0_0.0_-2.0_0.0_0.0_0.0_1.0/e=5.175879396984925_K=6_D=R+.dat
parameter is ./param.sdpa
out       is /Users/gorg/qmBoot/data/K=6_BC-Neumann_V_0.0_0.0_1.0_0.0_-2.0_0.0_0.0_0.0_1.0/e=5.175879396984925_K=6_D=R+.out
DENSE computation
   mu      thetaP  thetaD  objP      objD      alphaP  alphaD  beta 
 0 1.0e+20 1.0e+00 1.0e+00 +0.00e+00 -2.25e+10 1.0e+00 9.0e-01 3.00e-01
 1 1.6e+19 8.6e-88 1.0e-01 +1.60e+10 -2.25e+09 9.0e-01 9.0e-01 3.00e-01
 2 2.5e+18 1.7e-87 1.0e-02 +2.46e+10 -2.25e+08 9.0e-01 9.0e-01 3.00e-01
 3 3.8e+17 2.6e-87 1.0e-03 +3.79e+10 -2.25e+07 9.0e-01 9.0e-01 3.00e-01
 4 5.8e+16 2.6e-87 1.0e-04 +5.84e+10 -2.25e+06 9.0e-01 9.0e-01 3.00e-01
 5 9.0e+15 4.3e-87 1.0e-05 +9.00e+10 -2.25e+05 9.0e-01 9.0e-01 3.00e-01
 6 1.4e+15 3.5e-87 1.0e-06 +1.39e+11 -2.25e+04 9.0e-01 9.0e-01 3.00e-01
 7 2.1e+14 5.2e-87 1.0e-07 +2.13e+11 -2.25e+03 9.0e-01 9.0e-01 3.00e-01
 8 3.3e+13 6.9e-87 1.0e-08 +3.29e+11 -2.25e+02 9.0e-01 9.0e-01 3.00e-01
 9 5.1e+12 6.9e-87 1.0e-09 +5.05e+11 -2.27e+01 9.0e-01 9.0e-01 3.00e-01
10 8.5e+11 7.8e-87 1.0e-10 +7.66e+11 -2.43e+00 8.9e-01 8.9e-01 3.00e-01
11 2.1e+11 8.6e-87 1.2e-11 +1.03e+12 -4.00e-01 1.8e+00 9.3e-01 3.00e-01
12 4.9e+10 8.6e-87 8.6e-13 +4.87e+11 -2.10e-01 1.2e+00 1.0e+00 3.00e-01
13 1.1e+10 1.3e-86 5.7e-94 +1.34e+11 -3.31e-01 9.7e-01 9.7e-01 1.00e-01
14 1.4e+09 1.4e-86 9.1e-94 +1.71e+10 -3.33e-01 9.9e-01 9.9e-01 1.00e-01
15 1.5e+08 1.5e-86 1.3e-93 +1.85e+09 -3.34e-01 1.0e+00 1.0e+00 1.00e-01
16 1.6e+07 1.6e-86 4.8e-93 +1.86e+08 -3.36e-01 1.0e+00 1.0e+00 1.00e-01
17 1.6e+06 1.8e-86 1.9e-92 +1.86e+07 -3.38e-01 1.0e+00 1.0e+00 1.00e-01
18 1.6e+05 1.9e-86 4.7e-92 +1.86e+06 -3.39e-01 1.0e+00 1.0e+00 1.00e-01
19 1.6e+04 1.8e-86 2.1e-91 +1.86e+05 -3.41e-01 1.0e+00 1.0e+00 1.00e-01
20 1.6e+03 2.0e-86 4.1e-91 +1.86e+04 -3.42e-01 1.0e+00 1.0e+00 1.00e-01
21 1.6e+02 2.1e-86 1.2e-90 +1.87e+03 -3.43e-01 1.0e+00 1.0e+00 1.00e-01
22 1.6e+01 2.2e-86 3.9e-90 +1.87e+02 -3.43e-01 1.0e+00 9.0e+01 1.00e-01
23 1.6e+00 2.5e-86 2.8e-87 +1.88e+01 -1.91e-01 9.8e-01 9.8e-01 1.00e-01
24 1.8e-01 2.7e-86 1.5e-88 +1.97e+00 -1.93e-01 9.2e-01 1.8e+00 1.00e-01
25 2.6e-02 2.6e-86 1.8e-88 +2.51e-01 -5.55e-02 8.9e-01 1.2e+00 1.00e-01
26 4.3e-03 2.8e-86 1.4e-88 +3.16e-02 -1.98e-02 8.9e-01 9.3e-01 1.00e-01
27 8.0e-04 2.8e-86 7.2e-89 +3.60e-03 -6.00e-03 9.1e-01 9.6e-01 1.00e-01
28 1.2e-04 2.6e-86 1.7e-89 +3.76e-04 -1.12e-03 9.2e-01 9.7e-01 1.00e-01
29 1.7e-05 2.7e-86 1.1e-89 +1.92e-05 -1.87e-04 1.0e+00 9.5e-01 1.00e-01
30 2.4e-06 2.6e-86 2.4e-89 -1.78e-05 -4.62e-05 1.0e+00 9.8e-01 1.00e-01
31 2.7e-07 2.6e-86 9.2e-89 -2.17e-05 -2.49e-05 1.0e+00 9.8e-01 1.00e-01
32 3.0e-08 2.6e-86 2.8e-88 -2.20e-05 -2.24e-05 1.0e+00 9.9e-01 1.00e-01
33 3.1e-09 2.6e-86 7.2e-89 -2.21e-05 -2.21e-05 1.0e+00 9.9e-01 1.00e-01
34 3.1e-10 2.7e-86 1.3e-89 -2.21e-05 -2.21e-05 1.0e+00 9.9e-01 1.00e-01
35 3.1e-11 2.7e-86 3.4e-90 -2.21e-05 -2.21e-05 1.0e+00 9.9e-01 1.00e-01
36 3.1e-12 2.6e-86 9.4e-90 -2.21e-05 -2.21e-05 1.0e+00 9.9e-01 1.00e-01
37 3.1e-13 2.7e-86 1.8e-89 -2.21e-05 -2.21e-05 1.0e+00 9.9e-01 1.00e-01
38 3.1e-14 2.6e-86 1.7e-89 -2.21e-05 -2.21e-05 1.0e+00 9.9e-01 1.00e-01
39 3.1e-15 2.6e-86 1.0e-89 -2.21e-05 -2.21e-05 1.0e+00 9.9e-01 1.00e-01
40 3.1e-16 2.6e-86 5.6e-91 -2.21e-05 -2.21e-05 1.0e+00 9.9e-01 1.00e-01
41 3.1e-17 2.6e-86 1.8e-90 -2.21e-05 -2.21e-05 1.0e+00 9.9e-01 1.00e-01
42 3.1e-18 2.7e-86 5.3e-90 -2.21e-05 -2.21e-05 1.0e+00 9.9e-01 1.00e-01
43 3.1e-19 2.6e-86 1.1e-89 -2.21e-05 -2.21e-05 1.0e+00 9.9e-01 1.00e-01
44 3.1e-20 2.6e-86 1.1e-89 -2.21e-05 -2.21e-05 1.0e+00 9.9e-01 1.00e-01
45 3.1e-21 2.6e-86 4.1e-80 -2.21e-05 -2.21e-05 1.0e+00 9.9e-01 1.00e-01
46 3.1e-22 2.6e-86 2.5e-80 -2.21e-05 -2.21e-05 1.0e+00 9.9e-01 1.00e-01
47 3.1e-23 2.6e-86 1.4e-80 -2.21e-05 -2.21e-05 1.0e+00 9.9e-01 1.00e-01
48 3.1e-24 2.7e-86 5.7e-81 -2.21e-05 -2.21e-05 1.0e+00 9.9e-01 1.00e-01
49 3.1e-25 2.6e-86 2.7e-81 -2.21e-05 -2.21e-05 1.0e+00 9.9e-01 1.00e-01
50 3.1e-26 2.8e-86 7.3e-82 -2.21e-05 -2.21e-05 1.0e+00 9.9e-01 1.00e-01
51 3.1e-27 2.7e-86 2.0e-82 -2.21e-05 -2.21e-05 1.0e+00 9.9e-01 1.00e-01
52 3.1e-28 2.7e-86 7.0e-82 -2.21e-05 -2.21e-05 1.0e+00 9.9e-01 1.00e-01
53 3.1e-29 2.8e-86 8.1e-81 -2.21e-05 -2.21e-05 1.0e+00 9.9e-01 1.00e-01
54 3.1e-30 2.7e-86 5.9e-80 -2.21e-05 -2.21e-05 1.0e+00 9.9e-01 1.00e-01
55 3.1e-31 2.7e-86 6.0e-79 -2.21e-05 -2.21e-05 1.0e+00 9.9e-01 1.00e-01
56 3.1e-32 2.6e-86 6.5e-78 -2.21e-05 -2.21e-05 1.0e+00 9.9e-01 1.00e-01

phase.value = pdOPT     
   Iteration = 56
          mu = 3.0703681873663815e-32
relative gap = 3.6844418248396578e-31
         gap = 3.6844418248396578e-31
      digits = 2.5777709616559910e+01
objValPrimal = -2.2084182133844820e-05
objValDual   = -2.2084182133844820e-05
p.feas.error = 2.5908505665283334e-76
d.feas.error = 7.7883806232625531e-67
relative eps = 8.6361685550944446e-78
total time   = 0.110


Parameters are
maxIteration =    200
epsilonStar  = 1.000e-30
lambdaStar   = 1.000e+10
omegaStar    = 2.000e+00
lowerBound   = -1.000e+05
upperBound   = 1.000e+05
betaStar     = 1.000e-01
betaBar      = 3.000e-01
gammaStar    = 9.000e-01
epsilonDash  = 1.000e-30
precision    =    200

                         Time(sec)  Ratio(% : MainLoop) 
 Predictor time  =       0.020000,  18.181818
 Corrector time  =       0.030000,  27.272727
 Make bMat time  =       0.000000,  0.000000
 Make bDia time  =       0.000000,  0.000000
 Make bF1  time  =       0.000000,  0.000000
 Make bF2  time  =       0.000000,  0.000000
 Make bF3  time  =       0.000000,  0.000000
 Make bPRE time  =       0.000000,  0.000000
 Make rMat time  =       0.010000,  9.090909
 Make gVec Mul   =       0.000000,  0.000000
 Make gVec time  =       0.000000,  0.000000
 Cholesky bMat   =       0.000000,  0.000000
 Ste Pre time    =       0.000000,  0.000000
 Ste Cor time    =       0.060000,  54.545455
 solve           =       0.000000,  0.000000
 sumDz           =       0.000000,  0.000000
 makedX          =       0.040000,  36.363636
 symmetriseDx    =       0.000000,  0.000000
 makedXdZ        =       0.040000,  36.363636
 xMatTime        =       0.000000,  0.000000
 zMatTime        =       0.000000,  0.000000
 invzMatTime     =       0.000000,  0.000000
 xMatzMatTime    =       0.000000,  0.000000
 EigxMatTime     =       0.040000,  36.363636
 EigzMatTime     =       0.020000,  18.181818
 EigxMatzMatTime =       0.000000,  0.000000
 updateRes       =       0.000000,  0.000000
 EigTime         =       0.060000,  54.545455
 sub_total_bMat  =       0.110000,  100.000000
 Main Loop       =       0.110000,  100.000000
 File Check      =       0.000000,  0.000000
 File Change     =       0.000000,  0.000000
 File Read       =       0.000000,  0.000000
 Total           =       0.110000,  100.000000

xVec = 
{+2.208418213384e-05,+6.757673788338e-01,+6.402940354151e-01,+6.877027669261e-01,+7.859846702612e-01,+9.301483572087e-01,+1.125228912983e+00,+1.382927387706e+00}
xMat = 
{
{ {+9.999779158179e-01,+6.757673788338e-01,+6.402940354151e-01,+6.877027669261e-01,+7.859846702612e-01,+9.301483572087e-01 },
  {+6.757673788338e-01,+6.402719512330e-01,+6.877027669261e-01,+7.859846702612e-01,+9.301483572087e-01,+1.125228912983e+00 },
  {+6.402940354151e-01,+6.877027669261e-01,+7.859625860790e-01,+9.301483572087e-01,+1.125228912983e+00,+1.382927387706e+00 },
  {+6.877027669261e-01,+7.859846702612e-01,+9.301483572087e-01,+1.125206828801e+00,+1.382927387706e+00,+1.722239869544e+00 },
  {+7.859846702612e-01,+9.301483572087e-01,+1.125228912983e+00,+1.382927387706e+00,+1.722217785362e+00,+2.173550121981e+00 },
  {+9.301483572087e-01,+1.125228912983e+00,+1.382927387706e+00,+1.722239869544e+00,+2.173550121981e+00,+2.792921425323e+00 }   }
{ {+6.757452946517e-01,+6.402940354151e-01,+6.877027669261e-01,+7.859846702612e-01,+9.301483572087e-01,+1.125228912983e+00 },
  {+6.402940354151e-01,+6.876806827440e-01,+7.859846702612e-01,+9.301483572087e-01,+1.125228912983e+00,+1.382927387706e+00 },
  {+6.877027669261e-01,+7.859846702612e-01,+9.301262730265e-01,+1.125228912983e+00,+1.382927387706e+00,+1.722239869544e+00 },
  {+7.859846702612e-01,+9.301483572087e-01,+1.125228912983e+00,+1.382905303524e+00,+1.722239869544e+00,+2.173550121981e+00 },
  {+9.301483572087e-01,+1.125228912983e+00,+1.382927387706e+00,+1.722239869544e+00,+2.173528037799e+00,+2.792943509505e+00 },
  {+1.125228912983e+00,+1.382927387706e+00,+1.722239869544e+00,+2.173550121981e+00,+2.792943509505e+00,+3.779585099538e+00 }   }
}
yMat = 
{
{ {+4.695555232150e-05,-7.918030723301e-04,+2.750302192213e-03,-3.482327554625e-03,+1.756284778661e-03,-2.779003304664e-04 },
  {-7.918030723301e-04,+1.335203345195e-02,-4.637785347982e-02,+5.872186611144e-02,-2.961591579435e-02,+4.686183520071e-03 },
  {+2.750302192213e-03,-4.637785347982e-02,+1.610919640920e-01,-2.039684900715e-01,+1.028699192767e-01,-1.627730588420e-02 },
  {-3.482327554625e-03,+5.872186611144e-02,-2.039684900715e-01,+2.582571090778e-01,-1.302499614236e-01,+2.060970280142e-02 },
  {+1.756284778661e-03,-2.961591579435e-02,+1.028699192767e-01,-1.302499614236e-01,+6.569055353962e-02,-1.039434308091e-02 },
  {-2.779003304664e-04,+4.686183520071e-03,-1.627730588420e-02,+2.060970280142e-02,-1.039434308091e-02,+1.644716968604e-03 }   }
{ {+1.392988301844e-03,-9.282686718358e-03,+1.889000539536e-02,-1.518214813986e-02,+4.567965893066e-03,-2.704477265605e-04 },
  {-9.282686718358e-03,+6.185857598166e-02,-1.258804556801e-01,+1.011717935516e-01,-3.044031042425e-02,+1.802227280753e-03 },
  {+1.889000539536e-02,-1.258804556801e-01,+2.561631733477e-01,-2.058817435117e-01,+6.194517229728e-02,-3.667481634358e-03 },
  {-1.518214813986e-02,+1.011717935516e-01,-2.058817435117e-01,+1.654698907633e-01,-4.978615742469e-02,+2.947603682884e-03 },
  {+4.567965893066e-03,-3.044031042425e-02,+6.194517229728e-02,-4.978615742469e-02,+1.497953168206e-02,-8.868674554913e-04 },
  {-2.704477265605e-04,+1.802227280753e-03,-3.667481634358e-03,+2.947603682884e-03,-8.868674554913e-04,+5.250724123448e-05 }   }
}
    main loop time = 0.110000
        total time = 0.110000
  file   read time = 0.000000
