SDPA-GMP start at Wed Jun  5 23:35:12 2024
*SDP Scan Problem: V = x^2 - 2*x^4 + x^8
* K = 6; eval = 5.276381909547739; Domain = R+ with BCs: Neumann
data      is /Users/gorg/qmBoot/data/K=6_BC-Neumann_V_0.0_0.0_1.0_0.0_-2.0_0.0_0.0_0.0_1.0/e=5.276381909547739_K=6_D=R+.dat
parameter is ./param.sdpa
out       is /Users/gorg/qmBoot/data/K=6_BC-Neumann_V_0.0_0.0_1.0_0.0_-2.0_0.0_0.0_0.0_1.0/e=5.276381909547739_K=6_D=R+.out
DENSE computation
   mu      thetaP  thetaD  objP      objD      alphaP  alphaD  beta 
 0 1.0e+20 1.0e+00 1.0e+00 +0.00e+00 -2.27e+10 1.0e+00 9.0e-01 3.00e-01
 1 1.6e+19 8.6e-88 1.0e-01 +1.60e+10 -2.27e+09 9.0e-01 9.0e-01 3.00e-01
 2 2.5e+18 2.6e-87 1.0e-02 +2.46e+10 -2.27e+08 9.0e-01 9.0e-01 3.00e-01
 3 3.8e+17 2.6e-87 1.0e-03 +3.79e+10 -2.27e+07 9.0e-01 9.0e-01 3.00e-01
 4 5.8e+16 3.5e-87 1.0e-04 +5.84e+10 -2.27e+06 9.0e-01 9.0e-01 3.00e-01
 5 9.0e+15 2.6e-87 1.0e-05 +9.00e+10 -2.27e+05 9.0e-01 9.0e-01 3.00e-01
 6 1.4e+15 2.6e-87 1.0e-06 +1.39e+11 -2.27e+04 9.0e-01 9.0e-01 3.00e-01
 7 2.1e+14 3.5e-87 1.0e-07 +2.13e+11 -2.27e+03 9.0e-01 9.0e-01 3.00e-01
 8 3.3e+13 4.3e-87 1.0e-08 +3.29e+11 -2.27e+02 9.0e-01 9.0e-01 3.00e-01
 9 5.1e+12 5.2e-87 1.0e-09 +5.05e+11 -2.29e+01 9.0e-01 9.0e-01 3.00e-01
10 8.5e+11 6.0e-87 1.0e-10 +7.66e+11 -2.45e+00 8.9e-01 8.9e-01 3.00e-01
11 2.1e+11 6.9e-87 1.2e-11 +1.03e+12 -4.03e-01 1.8e+00 9.3e-01 3.00e-01
12 4.9e+10 6.9e-87 8.6e-13 +4.86e+11 -2.11e-01 1.2e+00 1.0e+00 3.00e-01
13 1.1e+10 7.8e-87 4.0e-94 +1.34e+11 -3.34e-01 9.7e-01 9.7e-01 1.00e-01
14 1.4e+09 8.6e-87 6.8e-94 +1.70e+10 -3.35e-01 9.9e-01 9.9e-01 1.00e-01
15 1.5e+08 1.0e-86 1.7e-93 +1.85e+09 -3.37e-01 1.0e+00 1.0e+00 1.00e-01
16 1.6e+07 1.1e-86 2.8e-93 +1.86e+08 -3.39e-01 1.0e+00 1.0e+00 1.00e-01
17 1.6e+06 1.3e-86 1.3e-92 +1.86e+07 -3.41e-01 1.0e+00 1.0e+00 1.00e-01
18 1.6e+05 1.5e-86 6.6e-92 +1.86e+06 -3.42e-01 1.0e+00 1.0e+00 1.00e-01
19 1.6e+04 1.5e-86 2.0e-91 +1.86e+05 -3.43e-01 1.0e+00 1.0e+00 1.00e-01
20 1.6e+03 1.6e-86 4.4e-91 +1.86e+04 -3.45e-01 1.0e+00 1.0e+00 1.00e-01
21 1.6e+02 2.0e-86 1.4e-90 +1.86e+03 -3.46e-01 1.0e+00 1.0e+00 1.00e-01
22 1.6e+01 2.1e-86 4.7e-90 +1.86e+02 -3.46e-01 1.0e+00 9.0e+01 1.00e-01
23 1.6e+00 2.2e-86 2.4e-87 +1.88e+01 -1.90e-01 9.8e-01 9.8e-01 1.00e-01
24 1.8e-01 2.3e-86 1.6e-88 +1.96e+00 -1.92e-01 9.2e-01 1.8e+00 1.00e-01
25 2.6e-02 2.1e-86 2.6e-88 +2.51e-01 -5.61e-02 8.9e-01 1.2e+00 1.00e-01
26 4.3e-03 2.2e-86 1.4e-88 +3.15e-02 -1.99e-02 8.9e-01 9.3e-01 1.00e-01
27 8.0e-04 2.2e-86 4.3e-89 +3.59e-03 -6.02e-03 9.1e-01 9.6e-01 1.00e-01
28 1.3e-04 2.2e-86 1.1e-89 +3.75e-04 -1.13e-03 9.2e-01 9.7e-01 1.00e-01
29 1.7e-05 2.2e-86 7.2e-89 +1.91e-05 -1.87e-04 1.0e+00 9.5e-01 1.00e-01
30 2.4e-06 2.2e-86 2.8e-89 -1.79e-05 -4.63e-05 1.0e+00 9.8e-01 1.00e-01
31 2.7e-07 2.2e-86 1.2e-88 -2.17e-05 -2.50e-05 1.0e+00 9.8e-01 1.00e-01
32 3.0e-08 2.4e-86 3.3e-89 -2.21e-05 -2.25e-05 1.0e+00 9.9e-01 1.00e-01
33 3.1e-09 2.2e-86 3.7e-89 -2.22e-05 -2.22e-05 1.0e+00 9.9e-01 1.00e-01
34 3.1e-10 2.2e-86 4.3e-89 -2.22e-05 -2.22e-05 1.0e+00 9.9e-01 1.00e-01
35 3.1e-11 2.2e-86 3.7e-90 -2.22e-05 -2.22e-05 1.0e+00 9.9e-01 1.00e-01
36 3.1e-12 2.2e-86 2.5e-89 -2.22e-05 -2.22e-05 1.0e+00 9.9e-01 1.00e-01
37 3.1e-13 2.2e-86 1.8e-89 -2.22e-05 -2.22e-05 1.0e+00 9.9e-01 1.00e-01
38 3.1e-14 2.2e-86 3.3e-89 -2.22e-05 -2.22e-05 1.0e+00 9.9e-01 1.00e-01
39 3.1e-15 2.2e-86 1.7e-89 -2.22e-05 -2.22e-05 1.0e+00 9.9e-01 1.00e-01
40 3.1e-16 2.3e-86 1.3e-89 -2.22e-05 -2.22e-05 1.0e+00 9.9e-01 1.00e-01
41 3.1e-17 2.3e-86 7.8e-90 -2.22e-05 -2.22e-05 1.0e+00 9.9e-01 1.00e-01
42 3.1e-18 2.2e-86 1.4e-89 -2.22e-05 -2.22e-05 1.0e+00 9.9e-01 1.00e-01
43 3.1e-19 2.2e-86 2.8e-90 -2.22e-05 -2.22e-05 1.0e+00 9.9e-01 1.00e-01
44 3.1e-20 2.1e-86 5.8e-90 -2.22e-05 -2.22e-05 1.0e+00 9.9e-01 1.00e-01
45 3.1e-21 2.2e-86 2.8e-80 -2.22e-05 -2.22e-05 1.0e+00 9.9e-01 1.00e-01
46 3.1e-22 2.2e-86 1.2e-80 -2.22e-05 -2.22e-05 1.0e+00 9.9e-01 1.00e-01
47 3.1e-23 2.1e-86 2.2e-80 -2.22e-05 -2.22e-05 1.0e+00 9.9e-01 1.00e-01
48 3.1e-24 2.2e-86 6.1e-81 -2.22e-05 -2.22e-05 1.0e+00 9.9e-01 1.00e-01
49 3.1e-25 2.2e-86 2.4e-81 -2.22e-05 -2.22e-05 1.0e+00 9.9e-01 1.00e-01
50 3.1e-26 2.2e-86 7.4e-82 -2.22e-05 -2.22e-05 1.0e+00 9.9e-01 1.00e-01
51 3.1e-27 2.2e-86 2.3e-82 -2.22e-05 -2.22e-05 1.0e+00 9.9e-01 1.00e-01
52 3.1e-28 2.2e-86 1.8e-81 -2.22e-05 -2.22e-05 1.0e+00 9.9e-01 1.00e-01
53 3.1e-29 2.3e-86 3.6e-81 -2.22e-05 -2.22e-05 1.0e+00 9.9e-01 1.00e-01
54 3.1e-30 2.2e-86 7.6e-80 -2.22e-05 -2.22e-05 1.0e+00 9.9e-01 1.00e-01
55 3.1e-31 2.2e-86 3.4e-79 -2.22e-05 -2.22e-05 1.0e+00 9.9e-01 1.00e-01
56 3.1e-32 2.2e-86 7.2e-78 -2.22e-05 -2.22e-05 1.0e+00 9.9e-01 1.00e-01

phase.value = pdOPT     
   Iteration = 56
          mu = 3.0648686862398016e-32
relative gap = 3.6778424234877619e-31
         gap = 3.6778424234877619e-31
      digits = 2.5779895131612037e+01
objValPrimal = -2.2155841502155902e-05
objValDual   = -2.2155841502155902e-05
p.feas.error = 2.2454038243245556e-76
d.feas.error = 8.6150765093143099e-67
relative eps = 8.6361685550944446e-78
total time   = 0.110


Parameters are
maxIteration =    200
epsilonStar  = 1.000e-30
lambdaStar   = 1.000e+10
omegaStar    = 2.000e+00
lowerBound   = -1.000e+05
upperBound   = 1.000e+05
betaStar     = 1.000e-01
betaBar      = 3.000e-01
gammaStar    = 9.000e-01
epsilonDash  = 1.000e-30
precision    =    200

                         Time(sec)  Ratio(% : MainLoop) 
 Predictor time  =       0.040000,  36.363636
 Corrector time  =       0.020000,  18.181818
 Make bMat time  =       0.020000,  18.181818
 Make bDia time  =       0.000000,  0.000000
 Make bF1  time  =       0.020000,  18.181818
 Make bF2  time  =       0.000000,  0.000000
 Make bF3  time  =       0.000000,  0.000000
 Make bPRE time  =       0.020000,  18.181818
 Make rMat time  =       0.000000,  0.000000
 Make gVec Mul   =       0.000000,  0.000000
 Make gVec time  =       0.000000,  0.000000
 Cholesky bMat   =       0.010000,  9.090909
 Ste Pre time    =       0.000000,  0.000000
 Ste Cor time    =       0.050000,  45.454545
 solve           =       0.000000,  0.000000
 sumDz           =       0.000000,  0.000000
 makedX          =       0.030000,  27.272727
 symmetriseDx    =       0.000000,  0.000000
 makedXdZ        =       0.030000,  27.272727
 xMatTime        =       0.000000,  0.000000
 zMatTime        =       0.000000,  0.000000
 invzMatTime     =       0.000000,  0.000000
 xMatzMatTime    =       0.000000,  0.000000
 EigxMatTime     =       0.000000,  0.000000
 EigzMatTime     =       0.050000,  45.454545
 EigxMatzMatTime =       0.000000,  0.000000
 updateRes       =       0.000000,  0.000000
 EigTime         =       0.050000,  45.454545
 sub_total_bMat  =       0.090000,  81.818182
 Main Loop       =       0.110000,  100.000000
 File Check      =       0.000000,  0.000000
 File Change     =       0.000000,  0.000000
 File Read       =       0.000000,  0.000000
 Total           =       0.110000,  100.000000

xVec = 
{+2.215584150216e-05,+6.780295914073e-01,+6.437469607286e-01,+6.927520592858e-01,+7.932516044317e-01,+9.404448185320e-01,+1.139627615499e+00,+1.402867617005e+00}
xMat = 
{
{ {+9.999778441585e-01,+6.780295914073e-01,+6.437469607286e-01,+6.927520592858e-01,+7.932516044317e-01,+9.404448185320e-01 },
  {+6.780295914073e-01,+6.437248048871e-01,+6.927520592858e-01,+7.932516044317e-01,+9.404448185320e-01,+1.139627615499e+00 },
  {+6.437469607286e-01,+6.927520592858e-01,+7.932294485902e-01,+9.404448185320e-01,+1.139627615499e+00,+1.402867617005e+00 },
  {+6.927520592858e-01,+7.932516044317e-01,+9.404448185320e-01,+1.139605459658e+00,+1.402867617005e+00,+1.749679522936e+00 },
  {+7.932516044317e-01,+9.404448185320e-01,+1.139627615499e+00,+1.402867617005e+00,+1.749657367095e+00,+2.211204414136e+00 },
  {+9.404448185320e-01,+1.139627615499e+00,+1.402867617005e+00,+1.749679522936e+00,+2.211204414136e+00,+2.844725585731e+00 }   }
{ {+6.780074355658e-01,+6.437469607286e-01,+6.927520592858e-01,+7.932516044317e-01,+9.404448185320e-01,+1.139627615499e+00 },
  {+6.437469607286e-01,+6.927299034443e-01,+7.932516044317e-01,+9.404448185320e-01,+1.139627615499e+00,+1.402867617005e+00 },
  {+6.927520592858e-01,+7.932516044317e-01,+9.404226626905e-01,+1.139627615499e+00,+1.402867617005e+00,+1.749679522936e+00 },
  {+7.932516044317e-01,+9.404448185320e-01,+1.139627615499e+00,+1.402845461163e+00,+1.749679522936e+00,+2.211204414136e+00 },
  {+9.404448185320e-01,+1.139627615499e+00,+1.402867617005e+00,+1.749679522936e+00,+2.211182258294e+00,+2.844747741573e+00 },
  {+1.139627615499e+00,+1.402867617005e+00,+1.749679522936e+00,+2.211204414136e+00,+2.844747741573e+00,+3.852635668348e+00 }   }
}
yMat = 
{
{ {+4.761897980568e-05,-7.999940341833e-04,+2.773063888814e-03,-3.505346583364e-03,+1.765236297966e-03,-2.789001579142e-04 },
  {-7.999940341833e-04,+1.343981868869e-02,-4.658719226059e-02,+5.888946730652e-02,-2.965579088547e-02,+4.685494384268e-03 },
  {+2.773063888814e-03,-4.658719226059e-02,+1.614877799320e-01,-2.041318412904e-01,+1.027975200873e-01,-1.624159021576e-02 },
  {-3.505346583364e-03,+5.888946730652e-02,-2.041318412904e-01,+2.580369155250e-01,-1.299432505937e-01,+2.053050526563e-02 },
  {+1.765236297966e-03,-2.965579088547e-02,+1.027975200873e-01,-1.299432505937e-01,+6.543733612884e-02,-1.033883305076e-02 },
  {-2.789001579142e-04,+4.685494384268e-03,-1.624159021576e-02,+2.053050526563e-02,-1.033883305076e-02,+1.633493586002e-03 }   }
{ {+1.406441126451e-03,-9.347497115511e-03,+1.898816611787e-02,-1.523715569166e-02,+4.577716225461e-03,-2.706473276644e-04 },
  {-9.347497115511e-03,+6.212538916930e-02,-1.261992590216e-01,+1.012692719216e-01,-3.042444394462e-02,+1.798777828012e-03 },
  {+1.898816611787e-02,-1.261992590216e-01,+2.563565909293e-01,-2.057147206489e-01,+6.180311034337e-02,-3.653971944078e-03 },
  {-1.523715569166e-02,+1.012692719216e-01,-2.057147206489e-01,+1.650768803651e-01,-4.959423720463e-02,+2.932149374471e-03 },
  {+4.577716225461e-03,-3.042444394462e-02,+6.180311034337e-02,-4.959423720463e-02,+1.489965377628e-02,-8.809090120633e-04 },
  {-2.706473276644e-04,+1.798777828012e-03,-3.653971944078e-03,+2.932149374471e-03,-8.809090120633e-04,+5.208179325411e-05 }   }
}
    main loop time = 0.110000
        total time = 0.110000
  file   read time = 0.000000
