SDPA-GMP start at Wed Jun  5 23:35:13 2024
*SDP Scan Problem: V = x^2 - 2*x^4 + x^8
* K = 6; eval = 6.884422110552766; Domain = R+ with BCs: Neumann
data      is /Users/gorg/qmBoot/data/K=6_BC-Neumann_V_0.0_0.0_1.0_0.0_-2.0_0.0_0.0_0.0_1.0/e=6.884422110552766_K=6_D=R+.dat
parameter is ./param.sdpa
out       is /Users/gorg/qmBoot/data/K=6_BC-Neumann_V_0.0_0.0_1.0_0.0_-2.0_0.0_0.0_0.0_1.0/e=6.884422110552766_K=6_D=R+.out
DENSE computation
   mu      thetaP  thetaD  objP      objD      alphaP  alphaD  beta 
 0 1.0e+20 1.0e+00 1.0e+00 +0.00e+00 -2.59e+10 1.0e+00 9.0e-01 3.00e-01
 1 1.6e+19 8.6e-88 1.0e-01 +1.60e+10 -2.59e+09 9.0e-01 9.0e-01 3.00e-01
 2 2.5e+18 1.7e-87 1.0e-02 +2.46e+10 -2.59e+08 9.0e-01 9.0e-01 3.00e-01
 3 3.8e+17 2.6e-87 1.0e-03 +3.79e+10 -2.59e+07 9.0e-01 9.0e-01 3.00e-01
 4 5.8e+16 3.5e-87 1.0e-04 +5.84e+10 -2.59e+06 9.0e-01 9.0e-01 3.00e-01
 5 9.0e+15 3.5e-87 1.0e-05 +9.00e+10 -2.59e+05 9.0e-01 9.0e-01 3.00e-01
 6 1.4e+15 5.2e-87 1.0e-06 +1.39e+11 -2.59e+04 9.0e-01 9.0e-01 3.00e-01
 7 2.1e+14 5.2e-87 1.0e-07 +2.13e+11 -2.59e+03 9.0e-01 9.0e-01 3.00e-01
 8 3.3e+13 7.8e-87 1.0e-08 +3.29e+11 -2.59e+02 9.0e-01 9.0e-01 3.00e-01
 9 5.1e+12 1.0e-86 1.0e-09 +5.05e+11 -2.61e+01 9.0e-01 9.0e-01 3.00e-01
10 8.5e+11 9.5e-87 1.0e-10 +7.66e+11 -2.79e+00 8.8e-01 8.8e-01 3.00e-01
11 2.1e+11 9.5e-87 1.2e-11 +1.03e+12 -4.51e-01 1.9e+00 9.2e-01 3.00e-01
12 4.9e+10 1.0e-86 9.2e-13 +4.76e+11 -2.31e-01 1.2e+00 1.0e+00 3.00e-01
13 1.1e+10 1.3e-86 6.7e-94 +1.27e+11 -3.79e-01 9.7e-01 9.7e-01 1.00e-01
14 1.4e+09 1.3e-86 7.4e-94 +1.65e+10 -3.81e-01 9.9e-01 9.9e-01 1.00e-01
15 1.5e+08 1.6e-86 2.4e-93 +1.81e+09 -3.83e-01 1.0e+00 1.0e+00 1.00e-01
16 1.5e+07 1.7e-86 8.5e-93 +1.83e+08 -3.85e-01 1.0e+00 1.0e+00 1.00e-01
17 1.5e+06 1.9e-86 2.4e-92 +1.83e+07 -3.87e-01 1.0e+00 1.0e+00 1.00e-01
18 1.5e+05 2.0e-86 7.0e-92 +1.83e+06 -3.89e-01 1.0e+00 1.0e+00 1.00e-01
19 1.5e+04 2.2e-86 2.6e-91 +1.83e+05 -3.90e-01 1.0e+00 1.0e+00 1.00e-01
20 1.5e+03 2.3e-86 2.9e-91 +1.83e+04 -3.91e-01 1.0e+00 1.0e+00 1.00e-01
21 1.5e+02 2.4e-86 2.4e-90 +1.83e+03 -3.93e-01 1.0e+00 1.0e+00 1.00e-01
22 1.5e+01 2.5e-86 7.9e-90 +1.83e+02 -3.93e-01 1.0e+00 8.2e+01 1.00e-01
23 1.6e+00 2.5e-86 2.5e-87 +1.85e+01 -1.84e-01 9.8e-01 9.8e-01 1.00e-01
24 1.8e-01 3.2e-86 1.3e-88 +1.94e+00 -1.89e-01 9.2e-01 1.6e+00 1.00e-01
25 2.6e-02 3.1e-86 2.6e-88 +2.45e-01 -6.48e-02 8.9e-01 1.1e+00 1.00e-01
26 4.4e-03 3.0e-86 1.4e-88 +3.06e-02 -2.26e-02 8.9e-01 9.1e-01 1.00e-01
27 8.4e-04 2.9e-86 7.2e-89 +3.44e-03 -6.62e-03 9.2e-01 9.4e-01 1.00e-01
28 1.3e-04 2.9e-86 1.1e-89 +3.62e-04 -1.24e-03 9.4e-01 9.8e-01 1.00e-01
29 1.7e-05 2.8e-86 1.2e-89 +1.72e-05 -1.91e-04 1.0e+00 9.5e-01 1.00e-01
30 2.4e-06 3.0e-86 9.5e-90 -1.90e-05 -4.73e-05 1.0e+00 9.8e-01 1.00e-01
31 2.7e-07 2.9e-86 1.3e-88 -2.27e-05 -2.60e-05 1.0e+00 9.8e-01 1.00e-01
32 3.1e-08 2.9e-86 1.9e-88 -2.31e-05 -2.35e-05 1.0e+00 9.9e-01 1.00e-01
33 3.1e-09 2.9e-86 1.1e-89 -2.32e-05 -2.32e-05 1.0e+00 9.9e-01 1.00e-01
34 3.1e-10 2.8e-86 5.8e-89 -2.32e-05 -2.32e-05 1.0e+00 9.9e-01 1.00e-01
35 3.1e-11 2.9e-86 4.6e-90 -2.32e-05 -2.32e-05 1.0e+00 9.9e-01 1.00e-01
36 3.1e-12 3.0e-86 2.6e-89 -2.32e-05 -2.32e-05 1.0e+00 9.9e-01 1.00e-01
37 3.2e-13 3.0e-86 5.4e-91 -2.32e-05 -2.32e-05 1.0e+00 9.9e-01 1.00e-01
38 3.2e-14 3.0e-86 2.3e-90 -2.32e-05 -2.32e-05 1.0e+00 9.9e-01 1.00e-01
39 3.2e-15 2.9e-86 6.0e-90 -2.32e-05 -2.32e-05 1.0e+00 9.9e-01 1.00e-01
40 3.2e-16 2.9e-86 1.0e-89 -2.32e-05 -2.32e-05 1.0e+00 9.9e-01 1.00e-01
41 3.2e-17 2.9e-86 1.1e-89 -2.32e-05 -2.32e-05 1.0e+00 9.9e-01 1.00e-01
42 3.2e-18 2.8e-86 5.8e-90 -2.32e-05 -2.32e-05 1.0e+00 9.9e-01 1.00e-01
43 3.2e-19 2.9e-86 1.4e-89 -2.32e-05 -2.32e-05 1.0e+00 9.9e-01 1.00e-01
44 3.2e-20 2.9e-86 1.5e-89 -2.32e-05 -2.32e-05 1.0e+00 9.9e-01 1.00e-01
45 3.2e-21 3.0e-86 4.4e-80 -2.32e-05 -2.32e-05 1.0e+00 9.9e-01 1.00e-01
46 3.2e-22 3.0e-86 2.2e-80 -2.32e-05 -2.32e-05 1.0e+00 9.9e-01 1.00e-01
47 3.2e-23 3.0e-86 1.6e-80 -2.32e-05 -2.32e-05 1.0e+00 9.9e-01 1.00e-01
48 3.2e-24 2.8e-86 5.9e-81 -2.32e-05 -2.32e-05 1.0e+00 9.9e-01 1.00e-01
49 3.2e-25 3.0e-86 2.5e-81 -2.32e-05 -2.32e-05 1.0e+00 9.9e-01 1.00e-01
50 3.2e-26 3.0e-86 6.1e-82 -2.32e-05 -2.32e-05 1.0e+00 9.9e-01 1.00e-01
51 3.2e-27 3.0e-86 1.5e-82 -2.32e-05 -2.32e-05 1.0e+00 9.9e-01 1.00e-01
52 3.2e-28 2.8e-86 7.1e-82 -2.32e-05 -2.32e-05 1.0e+00 9.9e-01 1.00e-01
53 3.2e-29 2.8e-86 4.2e-81 -2.32e-05 -2.32e-05 1.0e+00 9.9e-01 1.00e-01
54 3.2e-30 2.9e-86 2.4e-80 -2.32e-05 -2.32e-05 1.0e+00 9.9e-01 1.00e-01
55 3.2e-31 2.8e-86 7.7e-79 -2.32e-05 -2.32e-05 1.0e+00 9.9e-01 1.00e-01
56 3.2e-32 2.8e-86 5.7e-78 -2.32e-05 -2.32e-05 1.0e+00 9.9e-01 1.00e-01

phase.value = pdOPT     
   Iteration = 56
          mu = 3.1512484856524498e-32
relative gap = 3.7814981827829397e-31
         gap = 3.7814981827829397e-31
      digits = 2.5787275250190028e+01
objValPrimal = -2.3170699570454513e-05
objValDual   = -2.3170699570454513e-05
p.feas.error = 2.8499356231811667e-76
d.feas.error = 6.8467351279328089e-67
relative eps = 8.6361685550944446e-78
total time   = 0.110


Parameters are
maxIteration =    200
epsilonStar  = 1.000e-30
lambdaStar   = 1.000e+10
omegaStar    = 2.000e+00
lowerBound   = -1.000e+05
upperBound   = 1.000e+05
betaStar     = 1.000e-01
betaBar      = 3.000e-01
gammaStar    = 9.000e-01
epsilonDash  = 1.000e-30
precision    =    200

                         Time(sec)  Ratio(% : MainLoop) 
 Predictor time  =       0.040000,  36.363636
 Corrector time  =       0.030000,  27.272727
 Make bMat time  =       0.040000,  36.363636
 Make bDia time  =       0.000000,  0.000000
 Make bF1  time  =       0.030000,  27.272727
 Make bF2  time  =       0.010000,  9.090909
 Make bF3  time  =       0.000000,  0.000000
 Make bPRE time  =       0.020000,  18.181818
 Make rMat time  =       0.020000,  18.181818
 Make gVec Mul   =       0.000000,  0.000000
 Make gVec time  =       0.000000,  0.000000
 Cholesky bMat   =       0.000000,  0.000000
 Ste Pre time    =       0.000000,  0.000000
 Ste Cor time    =       0.040000,  36.363636
 solve           =       0.000000,  0.000000
 sumDz           =       0.000000,  0.000000
 makedX          =       0.010000,  9.090909
 symmetriseDx    =       0.000000,  0.000000
 makedXdZ        =       0.010000,  9.090909
 xMatTime        =       0.000000,  0.000000
 zMatTime        =       0.000000,  0.000000
 invzMatTime     =       0.000000,  0.000000
 xMatzMatTime    =       0.000000,  0.000000
 EigxMatTime     =       0.010000,  9.090909
 EigzMatTime     =       0.030000,  27.272727
 EigxMatzMatTime =       0.000000,  0.000000
 updateRes       =       0.000000,  0.000000
 EigTime         =       0.040000,  36.363636
 sub_total_bMat  =       0.070000,  63.636364
 Main Loop       =       0.110000,  100.000000
 File Check      =       0.000000,  0.000000
 File Change     =       0.000000,  0.000000
 File Read       =       0.000000,  0.000000
 Total           =       0.110000,  100.000000

xVec = 
{+2.317069957045e-05,+7.082436219765e-01,+6.913029873651e-01,+7.642222781336e-01,+8.986148957347e-01,+1.092965184185e+00,+1.357100871587e+00,+1.709482727929e+00}
xMat = 
{
{ {+9.999768293004e-01,+7.082436219765e-01,+6.913029873651e-01,+7.642222781336e-01,+8.986148957347e-01,+1.092965184185e+00 },
  {+7.082436219765e-01,+6.912798166655e-01,+7.642222781336e-01,+8.986148957347e-01,+1.092965184185e+00,+1.357100871587e+00 },
  {+6.913029873651e-01,+7.642222781336e-01,+8.985917250351e-01,+1.092965184185e+00,+1.357100871587e+00,+1.709482727929e+00 },
  {+7.642222781336e-01,+8.986148957347e-01,+1.092965184185e+00,+1.357077700888e+00,+1.709482727929e+00,+2.178701102046e+00 },
  {+8.986148957347e-01,+1.092965184185e+00,+1.357100871587e+00,+1.709482727929e+00,+2.178677931347e+00,+2.809140670744e+00 },
  {+1.092965184185e+00,+1.357100871587e+00,+1.709482727929e+00,+2.178701102046e+00,+2.809140670744e+00,+3.679150235994e+00 }   }
{ {+7.082204512769e-01,+6.913029873651e-01,+7.642222781336e-01,+8.986148957347e-01,+1.092965184185e+00,+1.357100871587e+00 },
  {+6.913029873651e-01,+7.641991074340e-01,+8.986148957347e-01,+1.092965184185e+00,+1.357100871587e+00,+1.709482727929e+00 },
  {+7.642222781336e-01,+8.986148957347e-01,+1.092942013485e+00,+1.357100871587e+00,+1.709482727929e+00,+2.178701102046e+00 },
  {+8.986148957347e-01,+1.092965184185e+00,+1.357100871587e+00,+1.709459557229e+00,+2.178701102046e+00,+2.809140670744e+00 },
  {+1.092965184185e+00,+1.357100871587e+00,+1.709482727929e+00,+2.178701102046e+00,+2.809117500045e+00,+3.679173406694e+00 },
  {+1.357100871587e+00,+1.709482727929e+00,+2.178701102046e+00,+2.809140670744e+00,+3.679173406694e+00,+5.042894772040e+00 }   }
}
yMat = 
{
{ {+5.761870411628e-05,-9.202963369856e-04,+3.101747363343e-03,-3.832192972648e-03,+1.889834281764e-03,-2.924672928901e-04 },
  {-9.202963369856e-04,+1.469913912260e-02,-4.954166846547e-02,+6.120847751509e-02,-3.018477408842e-02,+4.671340365303e-03 },
  {+3.101747363343e-03,-4.954166846547e-02,+1.669741944662e-01,-2.062957616114e-01,+1.017341259322e-01,-1.574418703959e-02 },
  {-3.832192972648e-03,+6.120847751509e-02,-2.062957616114e-01,+2.548773563178e-01,-1.256919912574e-01,+1.945186240706e-02 },
  {+1.889834281764e-03,-3.018477408842e-02,+1.017341259322e-01,-1.256919912574e-01,+6.198462230813e-02,-9.592626645734e-03 },
  {-2.924672928901e-04,+4.671340365303e-03,-1.574418703959e-02,+1.945186240706e-02,-9.592626645734e-03,+1.484537334228e-03 }   }
{ {+1.603108035146e-03,-1.027781501431e-02,+2.037349856253e-02,-1.599714355625e-02,+4.707850182250e-03,-2.729318200125e-04 },
  {-1.027781501431e-02,+6.589292745872e-02,-1.306181772090e-01,+1.025605752226e-01,-3.018287740279e-02,+1.749815169101e-03 },
  {+2.037349856253e-02,-1.306181772090e-01,+2.589216912255e-01,-2.033036913935e-01,+5.983088900924e-02,-3.468622151959e-03 },
  {-1.599714355625e-02,+1.025605752226e-01,-2.033036913935e-01,+1.596327860312e-01,-4.697883957641e-02,+2.723540404070e-03 },
  {+4.707850182250e-03,-3.018287740279e-02,+5.983088900924e-02,-4.697883957641e-02,+1.382555189831e-02,-8.015193551633e-04 },
  {-2.729318200125e-04,+1.749815169101e-03,-3.468622151959e-03,+2.723540404070e-03,-8.015193551633e-04,+4.646709812575e-05 }   }
}
    main loop time = 0.110000
        total time = 0.110000
  file   read time = 0.000000
