SDPA-GMP start at Wed Jun  5 23:35:13 2024
*SDP Scan Problem: V = x^2 - 2*x^4 + x^8
* K = 6; eval = 6.984924623115578; Domain = R+ with BCs: Neumann
data      is /Users/gorg/qmBoot/data/K=6_BC-Neumann_V_0.0_0.0_1.0_0.0_-2.0_0.0_0.0_0.0_1.0/e=6.984924623115578_K=6_D=R+.dat
parameter is ./param.sdpa
out       is /Users/gorg/qmBoot/data/K=6_BC-Neumann_V_0.0_0.0_1.0_0.0_-2.0_0.0_0.0_0.0_1.0/e=6.984924623115578_K=6_D=R+.out
DENSE computation
   mu      thetaP  thetaD  objP      objD      alphaP  alphaD  beta 
 0 1.0e+20 1.0e+00 1.0e+00 +0.00e+00 -2.61e+10 1.0e+00 9.0e-01 3.00e-01
 1 1.6e+19 8.6e-88 1.0e-01 +1.60e+10 -2.61e+09 9.0e-01 9.0e-01 3.00e-01
 2 2.5e+18 2.6e-87 1.0e-02 +2.46e+10 -2.61e+08 9.0e-01 9.0e-01 3.00e-01
 3 3.8e+17 3.5e-87 1.0e-03 +3.79e+10 -2.61e+07 9.0e-01 9.0e-01 3.00e-01
 4 5.8e+16 5.2e-87 1.0e-04 +5.84e+10 -2.61e+06 9.0e-01 9.0e-01 3.00e-01
 5 9.0e+15 4.3e-87 1.0e-05 +9.00e+10 -2.61e+05 9.0e-01 9.0e-01 3.00e-01
 6 1.4e+15 6.9e-87 1.0e-06 +1.39e+11 -2.61e+04 9.0e-01 9.0e-01 3.00e-01
 7 2.1e+14 7.8e-87 1.0e-07 +2.13e+11 -2.61e+03 9.0e-01 9.0e-01 3.00e-01
 8 3.3e+13 8.6e-87 1.0e-08 +3.29e+11 -2.61e+02 9.0e-01 9.0e-01 3.00e-01
 9 5.1e+12 1.1e-86 1.0e-09 +5.05e+11 -2.63e+01 9.0e-01 9.0e-01 3.00e-01
10 8.5e+11 1.2e-86 1.0e-10 +7.66e+11 -2.81e+00 8.8e-01 8.8e-01 3.00e-01
11 2.1e+11 1.1e-86 1.2e-11 +1.03e+12 -4.54e-01 1.9e+00 9.2e-01 3.00e-01
12 4.9e+10 1.2e-86 9.3e-13 +4.75e+11 -2.33e-01 1.2e+00 1.0e+00 3.00e-01
13 1.1e+10 1.7e-86 4.8e-94 +1.27e+11 -3.82e-01 9.7e-01 9.7e-01 1.00e-01
14 1.4e+09 1.6e-86 4.0e-94 +1.64e+10 -3.84e-01 9.9e-01 9.9e-01 1.00e-01
15 1.5e+08 1.8e-86 1.7e-93 +1.81e+09 -3.86e-01 1.0e+00 1.0e+00 1.00e-01
16 1.5e+07 2.2e-86 5.2e-93 +1.83e+08 -3.88e-01 1.0e+00 1.0e+00 1.00e-01
17 1.5e+06 2.2e-86 1.2e-92 +1.83e+07 -3.90e-01 1.0e+00 1.0e+00 1.00e-01
18 1.5e+05 2.2e-86 5.4e-92 +1.83e+06 -3.92e-01 1.0e+00 1.0e+00 1.00e-01
19 1.5e+04 2.6e-86 1.9e-91 +1.83e+05 -3.93e-01 1.0e+00 1.0e+00 1.00e-01
20 1.5e+03 2.3e-86 6.7e-91 +1.83e+04 -3.94e-01 1.0e+00 1.0e+00 1.00e-01
21 1.5e+02 2.5e-86 3.4e-90 +1.83e+03 -3.96e-01 1.0e+00 1.0e+00 1.00e-01
22 1.5e+01 2.7e-86 5.5e-90 +1.83e+02 -3.96e-01 1.0e+00 8.1e+01 1.00e-01
23 1.6e+00 2.8e-86 2.8e-87 +1.85e+01 -1.84e-01 9.8e-01 9.8e-01 1.00e-01
24 1.8e-01 3.1e-86 1.5e-88 +1.94e+00 -1.90e-01 9.2e-01 1.6e+00 1.00e-01
25 2.6e-02 2.9e-86 1.0e-88 +2.44e-01 -6.53e-02 8.9e-01 1.1e+00 1.00e-01
26 4.4e-03 2.9e-86 7.2e-89 +3.05e-02 -2.28e-02 8.9e-01 9.1e-01 1.00e-01
27 8.4e-04 2.9e-86 7.7e-89 +3.43e-03 -6.66e-03 9.2e-01 9.4e-01 1.00e-01
28 1.3e-04 2.9e-86 2.2e-89 +3.61e-04 -1.24e-03 9.4e-01 9.8e-01 1.00e-01
29 1.7e-05 2.8e-86 1.1e-89 +1.71e-05 -1.91e-04 1.0e+00 9.5e-01 1.00e-01
30 2.4e-06 3.0e-86 7.2e-89 -1.90e-05 -4.74e-05 1.0e+00 9.8e-01 1.00e-01
31 2.7e-07 2.9e-86 1.8e-88 -2.28e-05 -2.61e-05 1.0e+00 9.8e-01 1.00e-01
32 3.1e-08 2.9e-86 3.7e-88 -2.32e-05 -2.36e-05 1.0e+00 9.9e-01 1.00e-01
33 3.1e-09 2.9e-86 2.7e-89 -2.32e-05 -2.33e-05 1.0e+00 9.9e-01 1.00e-01
34 3.2e-10 3.0e-86 9.6e-90 -2.32e-05 -2.32e-05 1.0e+00 9.9e-01 1.00e-01
35 3.2e-11 3.0e-86 4.6e-90 -2.32e-05 -2.32e-05 1.0e+00 9.9e-01 1.00e-01
36 3.2e-12 3.0e-86 2.8e-89 -2.32e-05 -2.32e-05 1.0e+00 9.9e-01 1.00e-01
37 3.2e-13 2.8e-86 2.7e-90 -2.32e-05 -2.32e-05 1.0e+00 9.9e-01 1.00e-01
38 3.2e-14 2.9e-86 2.3e-90 -2.32e-05 -2.32e-05 1.0e+00 9.9e-01 1.00e-01
39 3.2e-15 2.9e-86 5.3e-90 -2.32e-05 -2.32e-05 1.0e+00 9.9e-01 1.00e-01
40 3.2e-16 3.0e-86 2.0e-89 -2.32e-05 -2.32e-05 1.0e+00 9.9e-01 1.00e-01
41 3.2e-17 2.8e-86 1.4e-89 -2.32e-05 -2.32e-05 1.0e+00 9.9e-01 1.00e-01
42 3.2e-18 3.0e-86 9.7e-90 -2.32e-05 -2.32e-05 1.0e+00 9.9e-01 1.00e-01
43 3.2e-19 2.9e-86 8.8e-90 -2.32e-05 -2.32e-05 1.0e+00 9.9e-01 1.00e-01
44 3.2e-20 3.0e-86 6.2e-90 -2.32e-05 -2.32e-05 1.0e+00 9.9e-01 1.00e-01
45 3.2e-21 2.9e-86 2.4e-80 -2.32e-05 -2.32e-05 1.0e+00 9.9e-01 1.00e-01
46 3.2e-22 2.9e-86 1.7e-80 -2.32e-05 -2.32e-05 1.0e+00 9.9e-01 1.00e-01
47 3.2e-23 2.8e-86 2.3e-80 -2.32e-05 -2.32e-05 1.0e+00 9.9e-01 1.00e-01
48 3.2e-24 3.0e-86 5.3e-81 -2.32e-05 -2.32e-05 1.0e+00 9.9e-01 1.00e-01
49 3.2e-25 2.9e-86 3.8e-81 -2.32e-05 -2.32e-05 1.0e+00 9.9e-01 1.00e-01
50 3.2e-26 3.0e-86 5.0e-82 -2.32e-05 -2.32e-05 1.0e+00 9.9e-01 1.00e-01
51 3.2e-27 2.9e-86 2.4e-82 -2.32e-05 -2.32e-05 1.0e+00 9.9e-01 1.00e-01
52 3.2e-28 3.1e-86 1.3e-81 -2.32e-05 -2.32e-05 1.0e+00 9.9e-01 1.00e-01
53 3.2e-29 2.9e-86 1.2e-80 -2.32e-05 -2.32e-05 1.0e+00 9.9e-01 1.00e-01
54 3.2e-30 2.9e-86 1.4e-79 -2.32e-05 -2.32e-05 1.0e+00 9.9e-01 1.00e-01
55 3.2e-31 2.9e-86 6.3e-79 -2.32e-05 -2.32e-05 1.0e+00 9.9e-01 1.00e-01
56 3.2e-32 2.9e-86 3.8e-78 -2.32e-05 -2.32e-05 1.0e+00 9.9e-01 1.00e-01

phase.value = pdOPT     
   Iteration = 56
          mu = 3.1638083553528305e-32
relative gap = 3.7965700264233967e-31
         gap = 3.7965700264233967e-31
      digits = 2.5786636696369172e+01
objValPrimal = -2.3228871476274291e-05
objValDual   = -2.3228871476274291e-05
p.feas.error = 2.9362973087321112e-76
d.feas.error = 4.5911044861809016e-67
relative eps = 8.6361685550944446e-78
total time   = 0.120


Parameters are
maxIteration =    200
epsilonStar  = 1.000e-30
lambdaStar   = 1.000e+10
omegaStar    = 2.000e+00
lowerBound   = -1.000e+05
upperBound   = 1.000e+05
betaStar     = 1.000e-01
betaBar      = 3.000e-01
gammaStar    = 9.000e-01
epsilonDash  = 1.000e-30
precision    =    200

                         Time(sec)  Ratio(% : MainLoop) 
 Predictor time  =       0.060000,  50.000000
 Corrector time  =       0.020000,  16.666667
 Make bMat time  =       0.050000,  41.666667
 Make bDia time  =       0.000000,  0.000000
 Make bF1  time  =       0.040000,  33.333333
 Make bF2  time  =       0.000000,  0.000000
 Make bF3  time  =       0.010000,  8.333333
 Make bPRE time  =       0.030000,  25.000000
 Make rMat time  =       0.010000,  8.333333
 Make gVec Mul   =       0.000000,  0.000000
 Make gVec time  =       0.010000,  8.333333
 Cholesky bMat   =       0.000000,  0.000000
 Ste Pre time    =       0.000000,  0.000000
 Ste Cor time    =       0.040000,  33.333333
 solve           =       0.000000,  0.000000
 sumDz           =       0.000000,  0.000000
 makedX          =       0.010000,  8.333333
 symmetriseDx    =       0.000000,  0.000000
 makedXdZ        =       0.010000,  8.333333
 xMatTime        =       0.000000,  0.000000
 zMatTime        =       0.000000,  0.000000
 invzMatTime     =       0.000000,  0.000000
 xMatzMatTime    =       0.000000,  0.000000
 EigxMatTime     =       0.030000,  25.000000
 EigzMatTime     =       0.010000,  8.333333
 EigxMatzMatTime =       0.000000,  0.000000
 updateRes       =       0.000000,  0.000000
 EigTime         =       0.040000,  33.333333
 sub_total_bMat  =       0.070000,  58.333333
 Main Loop       =       0.120000,  100.000000
 File Check      =       0.000000,  0.000000
 File Change     =       0.000000,  0.000000
 File Read       =       0.000000,  0.000000
 Total           =       0.120000,  100.000000

xVec = 
{+2.322887147627e-05,+7.098397446081e-01,+6.938961754201e-01,+7.682232673713e-01,+9.046464957264e-01,+1.101869076156e+00,+1.370022733873e+00,+1.727998965182e+00}
xMat = 
{
{ {+9.999767711285e-01,+7.098397446081e-01,+6.938961754201e-01,+7.682232673713e-01,+9.046464957264e-01,+1.101869076156e+00 },
  {+7.098397446081e-01,+6.938729465486e-01,+7.682232673713e-01,+9.046464957264e-01,+1.101869076156e+00,+1.370022733873e+00 },
  {+6.938961754201e-01,+7.682232673713e-01,+9.046232668549e-01,+1.101869076156e+00,+1.370022733873e+00,+1.727998965182e+00 },
  {+7.682232673713e-01,+9.046464957264e-01,+1.101869076156e+00,+1.369999505001e+00,+1.727998965182e+00,+2.205002249327e+00 },
  {+9.046464957264e-01,+1.101869076156e+00,+1.370022733873e+00,+1.727998965182e+00,+2.204979020455e+00,+2.846314752274e+00 },
  {+1.101869076156e+00,+1.370022733873e+00,+1.727998965182e+00,+2.205002249327e+00,+2.846314752274e+00,+3.731702314065e+00 }   }
{ {+7.098165157367e-01,+6.938961754201e-01,+7.682232673713e-01,+9.046464957264e-01,+1.101869076156e+00,+1.370022733873e+00 },
  {+6.938961754201e-01,+7.682000384999e-01,+9.046464957264e-01,+1.101869076156e+00,+1.370022733873e+00,+1.727998965182e+00 },
  {+7.682232673713e-01,+9.046464957264e-01,+1.101845847285e+00,+1.370022733873e+00,+1.727998965182e+00,+2.205002249327e+00 },
  {+9.046464957264e-01,+1.101869076156e+00,+1.370022733873e+00,+1.727975736310e+00,+2.205002249327e+00,+2.846314752274e+00 },
  {+1.101869076156e+00,+1.370022733873e+00,+1.727998965182e+00,+2.205002249327e+00,+2.846291523402e+00,+3.731725542936e+00 },
  {+1.370022733873e+00,+1.727998965182e+00,+2.205002249327e+00,+2.846314752274e+00,+3.731725542936e+00,+5.118677662916e+00 }   }
}
yMat = 
{
{ {+5.821031552430e-05,-9.272535327905e-04,+3.120446601034e-03,-3.850462148393e-03,+1.896643886877e-03,-2.931846939787e-04 },
  {-9.272535327905e-04,+1.477056267997e-02,-4.970674198605e-02,+6.133542822806e-02,-3.021233828939e-02,+4.670246859225e-03 },
  {+3.120446601034e-03,-4.970674198605e-02,+1.672759699411e-01,-2.064094897123e-01,+1.016722880965e-01,-1.571658173574e-02 },
  {-3.850462148393e-03,+6.133542822806e-02,-2.064094897123e-01,+2.546981342167e-01,-1.254580984422e-01,+1.939341088405e-02 },
  {+1.896643886877e-03,-3.021233828939e-02,+1.016722880965e-01,-1.254580984422e-01,+6.179760410551e-02,-9.552721928272e-03 },
  {-2.931846939787e-04,+4.670246859225e-03,-1.571658173574e-02,+1.939341088405e-02,-9.552721928272e-03,+1.476667219705e-03 }   }
{ {+1.614444343847e-03,-1.033057112158e-02,+2.045074332887e-02,-1.603855340510e-02,+4.714642030920e-03,-2.730242669912e-04 },
  {-1.033057112158e-02,+6.610367220444e-02,-1.308610354102e-01,+1.026281378296e-01,-3.016824023622e-02,+1.747038613514e-03 },
  {+2.045074332887e-02,-1.308610354102e-01,+2.590568725996e-01,-2.031660864025e-01,+5.972205510167e-02,-3.458495938909e-03 },
  {-1.603855340510e-02,+1.026281378296e-01,-2.031660864025e-01,+1.593335789547e-01,-4.683719094252e-02,+2.712335240119e-03 },
  {+4.714642030920e-03,-3.016824023622e-02,+5.972205510167e-02,-4.683719094252e-02,+1.376811134086e-02,-7.973094207450e-04 },
  {-2.730242669912e-04,+1.747038613514e-03,-3.458495938909e-03,+2.712335240119e-03,-7.973094207450e-04,+4.617207812099e-05 }   }
}
    main loop time = 0.120000
        total time = 0.120000
  file   read time = 0.000000
