SDPA-GMP start at Wed Jun  5 23:35:13 2024
*SDP Scan Problem: V = x^2 - 2*x^4 + x^8
* K = 6; eval = 6.2814070351758815; Domain = R+ with BCs: Neumann
data      is /Users/gorg/qmBoot/data/K=6_BC-Neumann_V_0.0_0.0_1.0_0.0_-2.0_0.0_0.0_0.0_1.0/e=6.2814070351758815_K=6_D=R+.dat
parameter is ./param.sdpa
out       is /Users/gorg/qmBoot/data/K=6_BC-Neumann_V_0.0_0.0_1.0_0.0_-2.0_0.0_0.0_0.0_1.0/e=6.2814070351758815_K=6_D=R+.out
DENSE computation
   mu      thetaP  thetaD  objP      objD      alphaP  alphaD  beta 
 0 1.0e+20 1.0e+00 1.0e+00 +0.00e+00 -2.47e+10 1.0e+00 9.0e-01 3.00e-01
 1 1.6e+19 8.6e-88 1.0e-01 +1.60e+10 -2.47e+09 9.0e-01 9.0e-01 3.00e-01
 2 2.5e+18 2.6e-87 1.0e-02 +2.46e+10 -2.47e+08 9.0e-01 9.0e-01 3.00e-01
 3 3.8e+17 2.6e-87 1.0e-03 +3.79e+10 -2.47e+07 9.0e-01 9.0e-01 3.00e-01
 4 5.8e+16 3.5e-87 1.0e-04 +5.84e+10 -2.47e+06 9.0e-01 9.0e-01 3.00e-01
 5 9.0e+15 6.0e-87 1.0e-05 +9.00e+10 -2.47e+05 9.0e-01 9.0e-01 3.00e-01
 6 1.4e+15 6.9e-87 1.0e-06 +1.39e+11 -2.47e+04 9.0e-01 9.0e-01 3.00e-01
 7 2.1e+14 7.8e-87 1.0e-07 +2.13e+11 -2.47e+03 9.0e-01 9.0e-01 3.00e-01
 8 3.3e+13 6.9e-87 1.0e-08 +3.29e+11 -2.47e+02 9.0e-01 9.0e-01 3.00e-01
 9 5.1e+12 8.6e-87 1.0e-09 +5.05e+11 -2.49e+01 9.0e-01 9.0e-01 3.00e-01
10 8.5e+11 9.5e-87 1.0e-10 +7.66e+11 -2.66e+00 8.8e-01 8.8e-01 3.00e-01
11 2.1e+11 9.5e-87 1.2e-11 +1.03e+12 -4.33e-01 1.9e+00 9.2e-01 3.00e-01
12 4.9e+10 1.1e-86 9.1e-13 +4.79e+11 -2.24e-01 1.2e+00 1.0e+00 3.00e-01
13 1.1e+10 1.5e-86 6.6e-94 +1.29e+11 -3.62e-01 9.7e-01 9.7e-01 1.00e-01
14 1.4e+09 1.6e-86 8.5e-94 +1.67e+10 -3.64e-01 9.9e-01 9.9e-01 1.00e-01
15 1.5e+08 1.6e-86 1.7e-93 +1.82e+09 -3.66e-01 1.0e+00 1.0e+00 1.00e-01
16 1.5e+07 1.9e-86 6.1e-93 +1.84e+08 -3.68e-01 1.0e+00 1.0e+00 1.00e-01
17 1.5e+06 2.0e-86 1.4e-92 +1.84e+07 -3.70e-01 1.0e+00 1.0e+00 1.00e-01
18 1.5e+05 2.1e-86 8.5e-92 +1.84e+06 -3.71e-01 1.0e+00 1.0e+00 1.00e-01
19 1.5e+04 2.2e-86 2.3e-91 +1.84e+05 -3.73e-01 1.0e+00 1.0e+00 1.00e-01
20 1.5e+03 2.6e-86 4.9e-91 +1.84e+04 -3.74e-01 1.0e+00 1.0e+00 1.00e-01
21 1.5e+02 2.5e-86 2.0e-90 +1.84e+03 -3.75e-01 1.0e+00 1.0e+00 1.00e-01
22 1.5e+01 2.7e-86 5.0e-90 +1.84e+02 -3.76e-01 1.0e+00 8.7e+01 1.00e-01
23 1.6e+00 2.6e-86 3.1e-87 +1.86e+01 -1.81e-01 9.8e-01 9.8e-01 1.00e-01
24 1.8e-01 2.8e-86 1.5e-88 +1.95e+00 -1.86e-01 9.2e-01 1.7e+00 1.00e-01
25 2.6e-02 2.8e-86 2.7e-88 +2.47e-01 -6.17e-02 8.9e-01 1.2e+00 1.00e-01
26 4.4e-03 2.8e-86 7.2e-89 +3.09e-02 -2.14e-02 8.9e-01 9.2e-01 1.00e-01
27 8.2e-04 2.8e-86 7.2e-89 +3.50e-03 -6.36e-03 9.2e-01 9.5e-01 1.00e-01
28 1.3e-04 2.7e-86 1.4e-89 +3.67e-04 -1.18e-03 9.3e-01 9.8e-01 1.00e-01
29 1.7e-05 2.8e-86 1.5e-89 +1.78e-05 -1.88e-04 1.0e+00 9.5e-01 1.00e-01
30 2.4e-06 2.8e-86 1.5e-89 -1.86e-05 -4.68e-05 1.0e+00 9.8e-01 1.00e-01
31 2.7e-07 2.8e-86 3.7e-89 -2.24e-05 -2.56e-05 1.0e+00 9.8e-01 1.00e-01
32 3.0e-08 2.8e-86 2.0e-88 -2.28e-05 -2.31e-05 1.0e+00 9.9e-01 1.00e-01
33 3.1e-09 2.7e-86 7.2e-89 -2.28e-05 -2.28e-05 1.0e+00 9.9e-01 1.00e-01
34 3.1e-10 2.8e-86 3.6e-89 -2.28e-05 -2.28e-05 1.0e+00 9.9e-01 1.00e-01
35 3.1e-11 2.8e-86 3.9e-90 -2.28e-05 -2.28e-05 1.0e+00 9.9e-01 1.00e-01
36 3.1e-12 2.8e-86 1.2e-89 -2.28e-05 -2.28e-05 1.0e+00 9.9e-01 1.00e-01
37 3.1e-13 2.8e-86 1.1e-89 -2.28e-05 -2.28e-05 1.0e+00 9.9e-01 1.00e-01
38 3.1e-14 2.8e-86 8.6e-90 -2.28e-05 -2.28e-05 1.0e+00 9.9e-01 1.00e-01
39 3.1e-15 2.7e-86 2.7e-90 -2.28e-05 -2.28e-05 1.0e+00 9.9e-01 1.00e-01
40 3.1e-16 2.8e-86 1.0e-89 -2.28e-05 -2.28e-05 1.0e+00 9.9e-01 1.00e-01
41 3.1e-17 2.8e-86 9.7e-91 -2.28e-05 -2.28e-05 1.0e+00 9.9e-01 1.00e-01
42 3.1e-18 2.8e-86 5.3e-91 -2.28e-05 -2.28e-05 1.0e+00 9.9e-01 1.00e-01
43 3.1e-19 2.7e-86 6.8e-90 -2.28e-05 -2.28e-05 1.0e+00 9.9e-01 1.00e-01
44 3.1e-20 2.7e-86 9.9e-90 -2.28e-05 -2.28e-05 1.0e+00 9.9e-01 1.00e-01
45 3.1e-21 2.9e-86 3.1e-80 -2.28e-05 -2.28e-05 1.0e+00 9.9e-01 1.00e-01
46 3.1e-22 2.8e-86 1.3e-80 -2.28e-05 -2.28e-05 1.0e+00 9.9e-01 1.00e-01
47 3.1e-23 2.7e-86 1.6e-80 -2.28e-05 -2.28e-05 1.0e+00 9.9e-01 1.00e-01
48 3.1e-24 2.8e-86 6.9e-81 -2.28e-05 -2.28e-05 1.0e+00 9.9e-01 1.00e-01
49 3.1e-25 2.7e-86 3.5e-81 -2.28e-05 -2.28e-05 1.0e+00 9.9e-01 1.00e-01
50 3.1e-26 2.8e-86 9.7e-82 -2.28e-05 -2.28e-05 1.0e+00 9.9e-01 1.00e-01
51 3.1e-27 2.7e-86 2.4e-82 -2.28e-05 -2.28e-05 1.0e+00 9.9e-01 1.00e-01
52 3.1e-28 2.8e-86 1.0e-81 -2.28e-05 -2.28e-05 1.0e+00 9.9e-01 1.00e-01
53 3.1e-29 2.8e-86 9.3e-81 -2.28e-05 -2.28e-05 1.0e+00 9.9e-01 1.00e-01
54 3.1e-30 2.7e-86 5.3e-80 -2.28e-05 -2.28e-05 1.0e+00 9.9e-01 1.00e-01
55 3.1e-31 2.8e-86 5.3e-79 -2.28e-05 -2.28e-05 1.0e+00 9.9e-01 1.00e-01
56 3.1e-32 2.8e-86 6.3e-78 -2.28e-05 -2.28e-05 1.0e+00 9.9e-01 1.00e-01

phase.value = pdOPT     
   Iteration = 56
          mu = 3.0772405971311706e-32
relative gap = 3.6926887165574048e-31
         gap = 3.6926887165574048e-31
      digits = 2.5790818182893148e+01
objValPrimal = -2.2811869700371296e-05
objValDual   = -2.2811869700371296e-05
p.feas.error = 2.7635739376302223e-76
d.feas.error = 7.5217801773016373e-67
relative eps = 8.6361685550944446e-78
total time   = 0.120


Parameters are
maxIteration =    200
epsilonStar  = 1.000e-30
lambdaStar   = 1.000e+10
omegaStar    = 2.000e+00
lowerBound   = -1.000e+05
upperBound   = 1.000e+05
betaStar     = 1.000e-01
betaBar      = 3.000e-01
gammaStar    = 9.000e-01
epsilonDash  = 1.000e-30
precision    =    200

                         Time(sec)  Ratio(% : MainLoop) 
 Predictor time  =       0.050000,  41.666667
 Corrector time  =       0.020000,  16.666667
 Make bMat time  =       0.040000,  33.333333
 Make bDia time  =       0.000000,  0.000000
 Make bF1  time  =       0.030000,  25.000000
 Make bF2  time  =       0.000000,  0.000000
 Make bF3  time  =       0.010000,  8.333333
 Make bPRE time  =       0.020000,  16.666667
 Make rMat time  =       0.000000,  0.000000
 Make gVec Mul   =       0.000000,  0.000000
 Make gVec time  =       0.010000,  8.333333
 Cholesky bMat   =       0.000000,  0.000000
 Ste Pre time    =       0.000000,  0.000000
 Ste Cor time    =       0.030000,  25.000000
 solve           =       0.000000,  0.000000
 sumDz           =       0.010000,  8.333333
 makedX          =       0.010000,  8.333333
 symmetriseDx    =       0.000000,  0.000000
 makedXdZ        =       0.020000,  16.666667
 xMatTime        =       0.010000,  8.333333
 zMatTime        =       0.000000,  0.000000
 invzMatTime     =       0.000000,  0.000000
 xMatzMatTime    =       0.000000,  0.000000
 EigxMatTime     =       0.030000,  25.000000
 EigzMatTime     =       0.000000,  0.000000
 EigxMatzMatTime =       0.000000,  0.000000
 updateRes       =       0.010000,  8.333333
 EigTime         =       0.030000,  25.000000
 sub_total_bMat  =       0.080000,  66.666667
 Main Loop       =       0.120000,  100.000000
 File Check      =       0.000000,  0.000000
 File Change     =       0.000000,  0.000000
 File Read       =       0.000000,  0.000000
 Total           =       0.120000,  100.000000

xVec = 
{+2.281186970037e-05,+6.980396683808e-01,+6.749251025457e-01,+7.392005254377e-01,+8.612067823753e-01,+1.038146887975e+00,+1.278073709775e+00,+1.596938207345e+00}
xMat = 
{
{ {+9.999771881303e-01,+6.980396683808e-01,+6.749251025457e-01,+7.392005254377e-01,+8.612067823753e-01,+1.038146887975e+00 },
  {+6.980396683808e-01,+6.749022906760e-01,+7.392005254377e-01,+8.612067823753e-01,+1.038146887975e+00,+1.278073709775e+00 },
  {+6.749251025457e-01,+7.392005254377e-01,+8.611839705056e-01,+1.038146887975e+00,+1.278073709775e+00,+1.596938207345e+00 },
  {+7.392005254377e-01,+8.612067823753e-01,+1.038146887975e+00,+1.278050897905e+00,+1.596938207345e+00,+2.019759504867e+00 },
  {+8.612067823753e-01,+1.038146887975e+00,+1.278073709775e+00,+1.596938207345e+00,+2.019736692998e+00,+2.585708561021e+00 },
  {+1.038146887975e+00,+1.278073709775e+00,+1.596938207345e+00,+2.019759504867e+00,+2.585708561021e+00,+3.364884021029e+00 }   }
{ {+6.980168565111e-01,+6.749251025457e-01,+7.392005254377e-01,+8.612067823753e-01,+1.038146887975e+00,+1.278073709775e+00 },
  {+6.749251025457e-01,+7.391777135680e-01,+8.612067823753e-01,+1.038146887975e+00,+1.278073709775e+00,+1.596938207345e+00 },
  {+7.392005254377e-01,+8.612067823753e-01,+1.038124076105e+00,+1.278073709775e+00,+1.596938207345e+00,+2.019759504867e+00 },
  {+8.612067823753e-01,+1.038146887975e+00,+1.278073709775e+00,+1.596915395476e+00,+2.019759504867e+00,+2.585708561021e+00 },
  {+1.038146887975e+00,+1.278073709775e+00,+1.596938207345e+00,+2.019759504867e+00,+2.585685749152e+00,+3.364906832899e+00 },
  {+1.278073709775e+00,+1.596938207345e+00,+2.019759504867e+00,+2.585708561021e+00,+3.364906832899e+00,+4.591682135895e+00 }   }
}
yMat = 
{
{ {+5.399279731125e-05,-8.772969834309e-04,+2.985443445093e-03,-3.717762087776e-03,+1.846788384238e-03,-2.878679215972e-04 },
  {-8.772969834309e-04,+1.425467905840e-02,-4.850870225310e-02,+6.040771412375e-02,-3.000737059774e-02,+4.677395353086e-03 },
  {+2.985443445093e-03,-4.850870225310e-02,+1.650752138747e-01,-2.055675758265e-01,+1.021151440703e-01,-1.591718603929e-02 },
  {-3.717762087776e-03,+6.040771412375e-02,-2.055675758265e-01,+2.559925699279e-01,-1.271636251681e-01,+1.982161507639e-02 },
  {+1.846788384238e-03,-3.000737059774e-02,+1.021151440703e-01,-1.271636251681e-01,+6.316819105510e-02,-9.846334331148e-03 },
  {-2.878679215972e-04,+4.677395353086e-03,-1.591718603929e-02,+1.982161507639e-02,-9.846334331148e-03,+1.534796202667e-03 }   }
{ {+1.532972468227e-03,-9.949451014296e-03,+1.988956298151e-02,-1.573530986542e-02,+4.664123828059e-03,-2.722627338634e-04 },
  {-9.949451014296e-03,+6.457492064445e-02,-1.290892280728e-01,+1.021268796053e-01,-3.027156228420e-02,+1.767066786741e-03 },
  {+1.988956298151e-02,-1.290892280728e-01,+2.580572866080e-01,-2.041578978675e-01,+6.051471018201e-02,-3.532474917150e-03 },
  {-1.573530986542e-02,+1.021268796053e-01,-2.041578978675e-01,+1.615162579190e-01,-4.787524577666e-02,+2.794661072486e-03 },
  {+4.664123828059e-03,-3.027156228420e-02,+6.051471018201e-02,-4.787524577666e-02,+1.419076437076e-02,-8.283691526264e-04 },
  {-2.722627338634e-04,+1.767066786741e-03,-3.532474917150e-03,+2.794661072486e-03,-8.283691526264e-04,+4.835507341922e-05 }   }
}
    main loop time = 0.120000
        total time = 0.120000
  file   read time = 0.000000
