SDPA-GMP start at Wed Jun  5 23:35:13 2024
*SDP Scan Problem: V = x^2 - 2*x^4 + x^8
* K = 6; eval = 6.180904522613066; Domain = R+ with BCs: Neumann
data      is /Users/gorg/qmBoot/data/K=6_BC-Neumann_V_0.0_0.0_1.0_0.0_-2.0_0.0_0.0_0.0_1.0/e=6.180904522613066_K=6_D=R+.dat
parameter is ./param.sdpa
out       is /Users/gorg/qmBoot/data/K=6_BC-Neumann_V_0.0_0.0_1.0_0.0_-2.0_0.0_0.0_0.0_1.0/e=6.180904522613066_K=6_D=R+.out
DENSE computation
   mu      thetaP  thetaD  objP      objD      alphaP  alphaD  beta 
 0 1.0e+20 1.0e+00 1.0e+00 +0.00e+00 -2.45e+10 1.0e+00 9.0e-01 3.00e-01
 1 1.6e+19 8.6e-88 1.0e-01 +1.60e+10 -2.45e+09 9.0e-01 9.0e-01 3.00e-01
 2 2.5e+18 8.6e-88 1.0e-02 +2.46e+10 -2.45e+08 9.0e-01 9.0e-01 3.00e-01
 3 3.8e+17 2.6e-87 1.0e-03 +3.79e+10 -2.45e+07 9.0e-01 9.0e-01 3.00e-01
 4 5.8e+16 4.3e-87 1.0e-04 +5.84e+10 -2.45e+06 9.0e-01 9.0e-01 3.00e-01
 5 9.0e+15 5.2e-87 1.0e-05 +9.00e+10 -2.45e+05 9.0e-01 9.0e-01 3.00e-01
 6 1.4e+15 7.8e-87 1.0e-06 +1.39e+11 -2.45e+04 9.0e-01 9.0e-01 3.00e-01
 7 2.1e+14 1.1e-86 1.0e-07 +2.13e+11 -2.45e+03 9.0e-01 9.0e-01 3.00e-01
 8 3.3e+13 1.0e-86 1.0e-08 +3.29e+11 -2.45e+02 9.0e-01 9.0e-01 3.00e-01
 9 5.1e+12 1.1e-86 1.0e-09 +5.05e+11 -2.47e+01 9.0e-01 9.0e-01 3.00e-01
10 8.5e+11 1.2e-86 1.0e-10 +7.66e+11 -2.64e+00 8.8e-01 8.8e-01 3.00e-01
11 2.1e+11 1.2e-86 1.2e-11 +1.03e+12 -4.30e-01 1.9e+00 9.2e-01 3.00e-01
12 4.9e+10 1.6e-86 9.0e-13 +4.79e+11 -2.22e-01 1.2e+00 1.0e+00 3.00e-01
13 1.1e+10 1.9e-86 4.2e-94 +1.30e+11 -3.59e-01 9.7e-01 9.7e-01 1.00e-01
14 1.4e+09 2.1e-86 8.1e-94 +1.67e+10 -3.61e-01 9.9e-01 9.9e-01 1.00e-01
15 1.5e+08 2.1e-86 1.3e-93 +1.82e+09 -3.63e-01 1.0e+00 1.0e+00 1.00e-01
16 1.5e+07 2.2e-86 3.9e-93 +1.84e+08 -3.65e-01 1.0e+00 1.0e+00 1.00e-01
17 1.5e+06 2.4e-86 2.9e-92 +1.84e+07 -3.67e-01 1.0e+00 1.0e+00 1.00e-01
18 1.5e+05 2.5e-86 6.7e-92 +1.84e+06 -3.68e-01 1.0e+00 1.0e+00 1.00e-01
19 1.5e+04 2.7e-86 1.7e-91 +1.84e+05 -3.70e-01 1.0e+00 1.0e+00 1.00e-01
20 1.5e+03 2.8e-86 4.9e-91 +1.84e+04 -3.71e-01 1.0e+00 1.0e+00 1.00e-01
21 1.5e+02 3.0e-86 1.2e-90 +1.84e+03 -3.72e-01 1.0e+00 1.0e+00 1.00e-01
22 1.5e+01 3.0e-86 4.2e-90 +1.84e+02 -3.73e-01 1.0e+00 8.8e+01 1.00e-01
23 1.6e+00 3.2e-86 2.0e-87 +1.86e+01 -1.80e-01 9.8e-01 9.8e-01 1.00e-01
24 1.8e-01 3.7e-86 1.2e-88 +1.95e+00 -1.85e-01 9.2e-01 1.7e+00 1.00e-01
25 2.6e-02 3.5e-86 3.3e-88 +2.47e-01 -6.12e-02 8.9e-01 1.2e+00 1.00e-01
26 4.3e-03 3.5e-86 1.4e-88 +3.10e-02 -2.12e-02 8.9e-01 9.2e-01 1.00e-01
27 8.2e-04 3.5e-86 7.2e-89 +3.50e-03 -6.31e-03 9.1e-01 9.5e-01 1.00e-01
28 1.3e-04 3.4e-86 1.2e-89 +3.67e-04 -1.17e-03 9.3e-01 9.8e-01 1.00e-01
29 1.7e-05 3.5e-86 1.3e-89 +1.79e-05 -1.88e-04 1.0e+00 9.5e-01 1.00e-01
30 2.3e-06 3.3e-86 7.2e-89 -1.85e-05 -4.67e-05 1.0e+00 9.8e-01 1.00e-01
31 2.7e-07 3.4e-86 2.2e-88 -2.23e-05 -2.56e-05 1.0e+00 9.8e-01 1.00e-01
32 3.0e-08 3.6e-86 1.3e-88 -2.27e-05 -2.31e-05 1.0e+00 9.9e-01 1.00e-01
33 3.0e-09 3.5e-86 1.6e-89 -2.27e-05 -2.28e-05 1.0e+00 9.9e-01 1.00e-01
34 3.1e-10 3.5e-86 1.4e-90 -2.27e-05 -2.28e-05 1.0e+00 9.9e-01 1.00e-01
35 3.1e-11 3.3e-86 7.2e-89 -2.28e-05 -2.28e-05 1.0e+00 9.9e-01 1.00e-01
36 3.1e-12 3.5e-86 4.1e-90 -2.28e-05 -2.28e-05 1.0e+00 9.9e-01 1.00e-01
37 3.1e-13 3.5e-86 2.0e-90 -2.28e-05 -2.28e-05 1.0e+00 9.9e-01 1.00e-01
38 3.1e-14 3.5e-86 1.4e-90 -2.28e-05 -2.28e-05 1.0e+00 9.9e-01 1.00e-01
39 3.1e-15 3.5e-86 2.9e-90 -2.28e-05 -2.28e-05 1.0e+00 9.9e-01 1.00e-01
40 3.1e-16 3.5e-86 3.1e-90 -2.28e-05 -2.28e-05 1.0e+00 9.9e-01 1.00e-01
41 3.1e-17 3.5e-86 8.4e-91 -2.28e-05 -2.28e-05 1.0e+00 9.9e-01 1.00e-01
42 3.1e-18 3.4e-86 8.2e-90 -2.28e-05 -2.28e-05 1.0e+00 9.9e-01 1.00e-01
43 3.1e-19 3.5e-86 1.1e-89 -2.28e-05 -2.28e-05 1.0e+00 9.9e-01 1.00e-01
44 3.1e-20 3.5e-86 1.6e-89 -2.28e-05 -2.28e-05 1.0e+00 9.9e-01 1.00e-01
45 3.1e-21 3.5e-86 4.5e-80 -2.28e-05 -2.28e-05 1.0e+00 9.9e-01 1.00e-01
46 3.1e-22 3.5e-86 1.7e-80 -2.28e-05 -2.28e-05 1.0e+00 9.9e-01 1.00e-01
47 3.1e-23 3.5e-86 1.8e-80 -2.28e-05 -2.28e-05 1.0e+00 9.9e-01 1.00e-01
48 3.1e-24 3.5e-86 6.6e-81 -2.28e-05 -2.28e-05 1.0e+00 9.9e-01 1.00e-01
49 3.1e-25 3.4e-86 2.0e-81 -2.28e-05 -2.28e-05 1.0e+00 9.9e-01 1.00e-01
50 3.1e-26 3.5e-86 7.9e-82 -2.28e-05 -2.28e-05 1.0e+00 9.9e-01 1.00e-01
51 3.1e-27 3.5e-86 2.8e-82 -2.28e-05 -2.28e-05 1.0e+00 9.9e-01 1.00e-01
52 3.1e-28 3.4e-86 8.4e-82 -2.28e-05 -2.28e-05 1.0e+00 9.9e-01 1.00e-01
53 3.1e-29 3.4e-86 7.0e-81 -2.28e-05 -2.28e-05 1.0e+00 9.9e-01 1.00e-01
54 3.1e-30 3.5e-86 1.2e-79 -2.28e-05 -2.28e-05 1.0e+00 9.9e-01 1.00e-01
55 3.1e-31 3.5e-86 1.7e-79 -2.28e-05 -2.28e-05 1.0e+00 9.9e-01 1.00e-01
56 3.1e-32 3.5e-86 5.3e-78 -2.28e-05 -2.28e-05 1.0e+00 9.9e-01 1.00e-01

phase.value = pdOPT     
   Iteration = 56
          mu = 3.0665657468801804e-32
relative gap = 3.6798788962562165e-31
         gap = 3.6798788962562165e-31
      digits = 2.5791149514420265e+01
objValPrimal = -2.2750085900748029e-05
objValDual   = -2.2750085900748029e-05
p.feas.error = 3.5408291075887223e-76
d.feas.error = 6.3866477742799562e-67
relative eps = 8.6361685550944446e-78
total time   = 0.100


Parameters are
maxIteration =    200
epsilonStar  = 1.000e-30
lambdaStar   = 1.000e+10
omegaStar    = 2.000e+00
lowerBound   = -1.000e+05
upperBound   = 1.000e+05
betaStar     = 1.000e-01
betaBar      = 3.000e-01
gammaStar    = 9.000e-01
epsilonDash  = 1.000e-30
precision    =    200

                         Time(sec)  Ratio(% : MainLoop) 
 Predictor time  =       0.030000,  30.000000
 Corrector time  =       0.010000,  10.000000
 Make bMat time  =       0.030000,  30.000000
 Make bDia time  =       0.000000,  0.000000
 Make bF1  time  =       0.030000,  30.000000
 Make bF2  time  =       0.000000,  0.000000
 Make bF3  time  =       0.000000,  0.000000
 Make bPRE time  =       0.020000,  20.000000
 Make rMat time  =       0.000000,  0.000000
 Make gVec Mul   =       0.000000,  0.000000
 Make gVec time  =       0.000000,  0.000000
 Cholesky bMat   =       0.000000,  0.000000
 Ste Pre time    =       0.000000,  0.000000
 Ste Cor time    =       0.050000,  50.000000
 solve           =       0.000000,  0.000000
 sumDz           =       0.000000,  0.000000
 makedX          =       0.010000,  10.000000
 symmetriseDx    =       0.000000,  0.000000
 makedXdZ        =       0.010000,  10.000000
 xMatTime        =       0.000000,  0.000000
 zMatTime        =       0.010000,  10.000000
 invzMatTime     =       0.000000,  0.000000
 xMatzMatTime    =       0.000000,  0.000000
 EigxMatTime     =       0.020000,  20.000000
 EigzMatTime     =       0.030000,  30.000000
 EigxMatzMatTime =       0.000000,  0.000000
 updateRes       =       0.000000,  0.000000
 EigTime         =       0.050000,  50.000000
 sub_total_bMat  =       0.070000,  70.000000
 Main Loop       =       0.100000,  100.000000
 File Check      =       0.000000,  0.000000
 File Change     =       0.000000,  0.000000
 File Read       =       0.000000,  0.000000
 Total           =       0.100000,  100.000000

xVec = 
{+2.275008590075e-05,+6.962234420594e-01,+6.720453213080e-01,+7.348451957984e-01,+8.547515904554e-01,+1.028759489992e+00,+1.264634416537e+00,+1.577921764140e+00}
xMat = 
{
{ {+9.999772499141e-01,+6.962234420594e-01,+6.720453213080e-01,+7.348451957984e-01,+8.547515904554e-01,+1.028759489992e+00 },
  {+6.962234420594e-01,+6.720225712221e-01,+7.348451957984e-01,+8.547515904554e-01,+1.028759489992e+00,+1.264634416537e+00 },
  {+6.720453213080e-01,+7.348451957984e-01,+8.547288403695e-01,+1.028759489992e+00,+1.264634416537e+00,+1.577921764140e+00 },
  {+7.348451957984e-01,+8.547515904554e-01,+1.028759489992e+00,+1.264611666451e+00,+1.577921764140e+00,+1.993064684546e+00 },
  {+8.547515904554e-01,+1.028759489992e+00,+1.264634416537e+00,+1.577921764140e+00,+1.993041934460e+00,+2.548393895929e+00 },
  {+1.028759489992e+00,+1.264634416537e+00,+1.577921764140e+00,+1.993064684546e+00,+2.548393895929e+00,+3.312674635795e+00 }   }
{ {+6.962006919735e-01,+6.720453213080e-01,+7.348451957984e-01,+8.547515904554e-01,+1.028759489992e+00,+1.264634416537e+00 },
  {+6.720453213080e-01,+7.348224457125e-01,+8.547515904554e-01,+1.028759489992e+00,+1.264634416537e+00,+1.577921764140e+00 },
  {+7.348451957984e-01,+8.547515904554e-01,+1.028736739906e+00,+1.264634416537e+00,+1.577921764140e+00,+1.993064684546e+00 },
  {+8.547515904554e-01,+1.028759489992e+00,+1.264634416537e+00,+1.577899014054e+00,+1.993064684546e+00,+2.548393895929e+00 },
  {+1.028759489992e+00,+1.264634416537e+00,+1.577921764140e+00,+1.993064684546e+00,+2.548371145843e+00,+3.312697385881e+00 },
  {+1.264634416537e+00,+1.577921764140e+00,+1.993064684546e+00,+2.548393895929e+00,+3.312697385881e+00,+4.517056793490e+00 }   }
}
yMat = 
{
{ {+5.337501800047e-05,-8.699054085214e-04,+2.965321778984e-03,-3.697825842661e-03,+1.839221804109e-03,-2.870487255996e-04 },
  {-8.699054085214e-04,+1.417770800130e-02,-4.832877908391e-02,+6.026712160120e-02,-2.997561508740e-02,+4.678316715623e-03 },
  {+2.965321778984e-03,-4.832877908391e-02,+1.647424878215e-01,-2.054377481621e-01,+1.021804708723e-01,-1.594738268084e-02 },
  {-3.697825842661e-03,+6.026712160120e-02,-2.054377481621e-01,+2.561856927622e-01,-1.274214449457e-01,+1.988676042443e-02 },
  {+1.839221804109e-03,-2.997561508740e-02,+1.021804708723e-01,-1.274214449457e-01,+6.337678133770e-02,-9.891261768943e-03 },
  {-2.870487255996e-04,+4.678316715623e-03,-1.594738268084e-02,+1.988676042443e-02,-9.891261768943e-03,+1.543736638509e-03 }   }
{ {+1.520901644915e-03,-9.892579058704e-03,+1.980519200861e-02,-1.568924519548e-02,+4.656298939693e-03,-2.721307747150e-04 },
  {-9.892579058704e-03,+6.434546294291e-02,-1.288212346755e-01,+1.020493987804e-01,-3.028651164648e-02,+1.770052134649e-03 },
  {+1.980519200861e-02,-1.288212346755e-01,+2.579033508244e-01,-2.043054622273e-01,+6.063435782217e-02,-3.543688878700e-03 },
  {-1.568924519548e-02,+1.020493987804e-01,-2.043054622273e-01,+1.618463729241e-01,-4.803322819232e-02,+2.807233764269e-03 },
  {+4.656298939693e-03,-3.028651164648e-02,+6.063435782217e-02,-4.803322819232e-02,+1.425543846854e-02,-8.331388436586e-04 },
  {-2.721307747150e-04,+1.770052134649e-03,-3.543688878700e-03,+2.807233764269e-03,-8.331388436586e-04,+4.869161578893e-05 }   }
}
    main loop time = 0.100000
        total time = 0.100000
  file   read time = 0.000000
