SDPA-GMP start at Wed Jun  5 23:35:13 2024
*SDP Scan Problem: V = x^2 - 2*x^4 + x^8
* K = 6; eval = 6.683417085427138; Domain = R+ with BCs: Neumann
data      is /Users/gorg/qmBoot/data/K=6_BC-Neumann_V_0.0_0.0_1.0_0.0_-2.0_0.0_0.0_0.0_1.0/e=6.683417085427138_K=6_D=R+.dat
parameter is ./param.sdpa
out       is /Users/gorg/qmBoot/data/K=6_BC-Neumann_V_0.0_0.0_1.0_0.0_-2.0_0.0_0.0_0.0_1.0/e=6.683417085427138_K=6_D=R+.out
DENSE computation
   mu      thetaP  thetaD  objP      objD      alphaP  alphaD  beta 
 0 1.0e+20 1.0e+00 1.0e+00 +0.00e+00 -2.55e+10 1.0e+00 9.0e-01 3.00e-01
 1 1.6e+19 8.6e-88 1.0e-01 +1.60e+10 -2.55e+09 9.0e-01 9.0e-01 3.00e-01
 2 2.5e+18 3.5e-87 1.0e-02 +2.46e+10 -2.55e+08 9.0e-01 9.0e-01 3.00e-01
 3 3.8e+17 2.6e-87 1.0e-03 +3.79e+10 -2.55e+07 9.0e-01 9.0e-01 3.00e-01
 4 5.8e+16 3.5e-87 1.0e-04 +5.84e+10 -2.55e+06 9.0e-01 9.0e-01 3.00e-01
 5 9.0e+15 5.2e-87 1.0e-05 +9.00e+10 -2.55e+05 9.0e-01 9.0e-01 3.00e-01
 6 1.4e+15 6.0e-87 1.0e-06 +1.39e+11 -2.55e+04 9.0e-01 9.0e-01 3.00e-01
 7 2.1e+14 3.5e-87 1.0e-07 +2.13e+11 -2.55e+03 9.0e-01 9.0e-01 3.00e-01
 8 3.3e+13 4.3e-87 1.0e-08 +3.29e+11 -2.55e+02 9.0e-01 9.0e-01 3.00e-01
 9 5.1e+12 6.0e-87 1.0e-09 +5.05e+11 -2.57e+01 9.0e-01 9.0e-01 3.00e-01
10 8.5e+11 7.8e-87 1.0e-10 +7.66e+11 -2.74e+00 8.8e-01 8.8e-01 3.00e-01
11 2.1e+11 9.5e-87 1.2e-11 +1.03e+12 -4.45e-01 1.9e+00 9.2e-01 3.00e-01
12 4.9e+10 1.2e-86 9.2e-13 +4.77e+11 -2.29e-01 1.2e+00 1.0e+00 3.00e-01
13 1.1e+10 1.5e-86 4.6e-94 +1.28e+11 -3.74e-01 9.7e-01 9.7e-01 1.00e-01
14 1.4e+09 1.9e-86 5.9e-94 +1.65e+10 -3.76e-01 9.9e-01 9.9e-01 1.00e-01
15 1.5e+08 1.9e-86 2.9e-93 +1.81e+09 -3.78e-01 1.0e+00 1.0e+00 1.00e-01
16 1.5e+07 1.7e-86 8.0e-93 +1.83e+08 -3.80e-01 1.0e+00 1.0e+00 1.00e-01
17 1.5e+06 1.9e-86 1.6e-92 +1.83e+07 -3.81e-01 1.0e+00 1.0e+00 1.00e-01
18 1.5e+05 2.4e-86 8.4e-92 +1.83e+06 -3.83e-01 1.0e+00 1.0e+00 1.00e-01
19 1.5e+04 2.4e-86 1.7e-91 +1.83e+05 -3.84e-01 1.0e+00 1.0e+00 1.00e-01
20 1.5e+03 2.4e-86 6.4e-91 +1.83e+04 -3.86e-01 1.0e+00 1.0e+00 1.00e-01
21 1.5e+02 2.8e-86 1.9e-90 +1.83e+03 -3.87e-01 1.0e+00 1.0e+00 1.00e-01
22 1.5e+01 2.8e-86 8.5e-90 +1.84e+02 -3.87e-01 1.0e+00 8.4e+01 1.00e-01
23 1.6e+00 3.0e-86 2.3e-87 +1.85e+01 -1.83e-01 9.8e-01 9.8e-01 1.00e-01
24 1.8e-01 3.1e-86 1.4e-88 +1.94e+00 -1.88e-01 9.2e-01 1.6e+00 1.00e-01
25 2.6e-02 2.9e-86 3.9e-88 +2.45e-01 -6.38e-02 8.9e-01 1.1e+00 1.00e-01
26 4.4e-03 2.8e-86 2.2e-88 +3.07e-02 -2.23e-02 8.9e-01 9.2e-01 1.00e-01
27 8.3e-04 2.9e-86 4.3e-89 +3.46e-03 -6.54e-03 9.2e-01 9.5e-01 1.00e-01
28 1.3e-04 3.0e-86 2.6e-89 +3.64e-04 -1.22e-03 9.4e-01 9.8e-01 1.00e-01
29 1.7e-05 2.9e-86 1.7e-89 +1.75e-05 -1.90e-04 1.0e+00 9.5e-01 1.00e-01
30 2.4e-06 3.0e-86 7.2e-89 -1.89e-05 -4.72e-05 1.0e+00 9.8e-01 1.00e-01
31 2.7e-07 2.8e-86 1.4e-88 -2.26e-05 -2.59e-05 1.0e+00 9.8e-01 1.00e-01
32 3.0e-08 2.8e-86 2.9e-88 -2.30e-05 -2.34e-05 1.0e+00 9.9e-01 1.00e-01
33 3.1e-09 2.9e-86 7.2e-89 -2.30e-05 -2.31e-05 1.0e+00 9.9e-01 1.00e-01
34 3.1e-10 2.8e-86 8.0e-90 -2.31e-05 -2.31e-05 1.0e+00 9.9e-01 1.00e-01
35 3.1e-11 2.9e-86 2.5e-90 -2.31e-05 -2.31e-05 1.0e+00 9.9e-01 1.00e-01
36 3.1e-12 2.8e-86 1.9e-90 -2.31e-05 -2.31e-05 1.0e+00 9.9e-01 1.00e-01
37 3.1e-13 2.9e-86 6.4e-91 -2.31e-05 -2.31e-05 1.0e+00 9.9e-01 1.00e-01
38 3.1e-14 2.9e-86 1.2e-89 -2.31e-05 -2.31e-05 1.0e+00 9.9e-01 1.00e-01
39 3.1e-15 2.8e-86 1.5e-89 -2.31e-05 -2.31e-05 1.0e+00 9.9e-01 1.00e-01
40 3.1e-16 2.9e-86 7.6e-90 -2.31e-05 -2.31e-05 1.0e+00 9.9e-01 1.00e-01
41 3.1e-17 3.0e-86 1.5e-90 -2.31e-05 -2.31e-05 1.0e+00 9.9e-01 1.00e-01
42 3.1e-18 2.9e-86 1.0e-90 -2.31e-05 -2.31e-05 1.0e+00 9.9e-01 1.00e-01
43 3.1e-19 3.0e-86 8.5e-90 -2.31e-05 -2.31e-05 1.0e+00 9.9e-01 1.00e-01
44 3.1e-20 2.9e-86 7.9e-90 -2.31e-05 -2.31e-05 1.0e+00 9.9e-01 1.00e-01
45 3.1e-21 2.9e-86 3.5e-80 -2.31e-05 -2.31e-05 1.0e+00 9.9e-01 1.00e-01
46 3.1e-22 3.0e-86 3.5e-80 -2.31e-05 -2.31e-05 1.0e+00 9.9e-01 1.00e-01
47 3.1e-23 2.8e-86 1.5e-80 -2.31e-05 -2.31e-05 1.0e+00 9.9e-01 1.00e-01
48 3.1e-24 3.1e-86 5.7e-81 -2.31e-05 -2.31e-05 1.0e+00 9.9e-01 1.00e-01
49 3.1e-25 2.9e-86 2.2e-81 -2.31e-05 -2.31e-05 1.0e+00 9.9e-01 1.00e-01
50 3.1e-26 2.8e-86 6.4e-82 -2.31e-05 -2.31e-05 1.0e+00 9.9e-01 1.00e-01
51 3.1e-27 3.0e-86 3.5e-82 -2.31e-05 -2.31e-05 1.0e+00 9.9e-01 1.00e-01
52 3.1e-28 3.1e-86 8.9e-82 -2.31e-05 -2.31e-05 1.0e+00 9.9e-01 1.00e-01
53 3.1e-29 2.8e-86 4.9e-81 -2.31e-05 -2.31e-05 1.0e+00 9.9e-01 1.00e-01
54 3.1e-30 2.9e-86 2.6e-80 -2.31e-05 -2.31e-05 1.0e+00 9.9e-01 1.00e-01
55 3.1e-31 2.9e-86 5.5e-79 -2.31e-05 -2.31e-05 1.0e+00 9.9e-01 1.00e-01
56 3.1e-32 2.9e-86 1.1e-78 -2.31e-05 -2.31e-05 1.0e+00 9.9e-01 1.00e-01

phase.value = pdOPT     
   Iteration = 56
          mu = 3.1251871757221730e-32
relative gap = 3.7502246108666076e-31
         gap = 3.7502246108666076e-31
      digits = 2.5788671862203095e+01
objValPrimal = -2.3053089786421640e-05
objValDual   = -2.3053089786421640e-05
p.feas.error = 2.9362973087321112e-76
d.feas.error = 1.3379377385985042e-67
relative eps = 8.6361685550944446e-78
total time   = 0.110


Parameters are
maxIteration =    200
epsilonStar  = 1.000e-30
lambdaStar   = 1.000e+10
omegaStar    = 2.000e+00
lowerBound   = -1.000e+05
upperBound   = 1.000e+05
betaStar     = 1.000e-01
betaBar      = 3.000e-01
gammaStar    = 9.000e-01
epsilonDash  = 1.000e-30
precision    =    200

                         Time(sec)  Ratio(% : MainLoop) 
 Predictor time  =       0.020000,  18.181818
 Corrector time  =       0.020000,  18.181818
 Make bMat time  =       0.000000,  0.000000
 Make bDia time  =       0.000000,  0.000000
 Make bF1  time  =       0.000000,  0.000000
 Make bF2  time  =       0.000000,  0.000000
 Make bF3  time  =       0.000000,  0.000000
 Make bPRE time  =       0.000000,  0.000000
 Make rMat time  =       0.020000,  18.181818
 Make gVec Mul   =       0.000000,  0.000000
 Make gVec time  =       0.000000,  0.000000
 Cholesky bMat   =       0.010000,  9.090909
 Ste Pre time    =       0.000000,  0.000000
 Ste Cor time    =       0.060000,  54.545455
 solve           =       0.000000,  0.000000
 sumDz           =       0.000000,  0.000000
 makedX          =       0.010000,  9.090909
 symmetriseDx    =       0.000000,  0.000000
 makedXdZ        =       0.010000,  9.090909
 xMatTime        =       0.010000,  9.090909
 zMatTime        =       0.000000,  0.000000
 invzMatTime     =       0.000000,  0.000000
 xMatzMatTime    =       0.000000,  0.000000
 EigxMatTime     =       0.040000,  36.363636
 EigzMatTime     =       0.020000,  18.181818
 EigxMatzMatTime =       0.000000,  0.000000
 updateRes       =       0.000000,  0.000000
 EigTime         =       0.060000,  54.545455
 sub_total_bMat  =       0.110000,  100.000000
 Main Loop       =       0.110000,  100.000000
 File Check      =       0.000000,  0.000000
 File Change     =       0.000000,  0.000000
 File Read       =       0.000000,  0.000000
 Total           =       0.110000,  100.000000

xVec = 
{+2.305308978642e-05,+7.049661885285e-01,+6.860051158229e-01,+7.560814849912e-01,+8.863846129421e-01,+1.074965569287e+00,+1.331050988868e+00,+1.672250707649e+00}
xMat = 
{
{ {+9.999769469102e-01,+7.049661885285e-01,+6.860051158229e-01,+7.560814849912e-01,+8.863846129421e-01,+1.074965569287e+00 },
  {+7.049661885285e-01,+6.859820627331e-01,+7.560814849912e-01,+8.863846129421e-01,+1.074965569287e+00,+1.331050988868e+00 },
  {+6.860051158229e-01,+7.560814849912e-01,+8.863615598524e-01,+1.074965569287e+00,+1.331050988868e+00,+1.672250707649e+00 },
  {+7.560814849912e-01,+8.863846129421e-01,+1.074965569287e+00,+1.331027935778e+00,+1.672250707649e+00,+2.125942906287e+00 },
  {+8.863846129421e-01,+1.074965569287e+00,+1.331050988868e+00,+1.672250707649e+00,+2.125919853197e+00,+2.734741662726e+00 },
  {+1.074965569287e+00,+1.331050988868e+00,+1.672250707649e+00,+2.125942906287e+00,+2.734741662726e+00,+3.574197857233e+00 }   }
{ {+7.049431354387e-01,+6.860051158229e-01,+7.560814849912e-01,+8.863846129421e-01,+1.074965569287e+00,+1.331050988868e+00 },
  {+6.860051158229e-01,+7.560584319014e-01,+8.863846129421e-01,+1.074965569287e+00,+1.331050988868e+00,+1.672250707649e+00 },
  {+7.560814849912e-01,+8.863846129421e-01,+1.074942516197e+00,+1.331050988868e+00,+1.672250707649e+00,+2.125942906287e+00 },
  {+8.863846129421e-01,+1.074965569287e+00,+1.331050988868e+00,+1.672227654559e+00,+2.125942906287e+00,+2.734741662726e+00 },
  {+1.074965569287e+00,+1.331050988868e+00,+1.672250707649e+00,+2.125942906287e+00,+2.734718609636e+00,+3.574220910322e+00 },
  {+1.331050988868e+00,+1.672250707649e+00,+2.125942906287e+00,+2.734741662726e+00,+3.574220910322e+00,+4.891828126358e+00 }   }
}
yMat = 
{
{ {+5.642489901574e-05,-9.062088277167e-04,+3.063783364663e-03,-3.794991701910e-03,+1.875913703940e-03,-2.909917923890e-04 },
  {-9.062088277167e-04,+1.455411447352e-02,-4.920571555644e-02,+6.094924477265e-02,-3.012800356224e-02,+4.673456854260e-03 },
  {+3.063783364663e-03,-4.920571555644e-02,+1.663586230428e-01,-2.060620869185e-01,+1.018591667851e-01,-1.580039713542e-02 },
  {-3.794991701910e-03,+6.094924477265e-02,-2.060620869185e-01,+2.552412546374e-01,-1.261690683392e-01,+1.957134982434e-02 },
  {+1.875913703940e-03,-3.012800356224e-02,+1.018591667851e-01,-1.261690683392e-01,+6.236700970697e-02,-9.674372495097e-03 },
  {-2.909917923890e-04,+4.673456854260e-03,-1.580039713542e-02,+1.957134982434e-02,-9.674372495097e-03,+1.500688963823e-03 }   }
{ {+1.580144418725e-03,-1.017068273301e-02,+2.021620708512e-02,-1.591249240611e-02,+4.693858308881e-03,-2.727311713838e-04 },
  {-1.017068273301e-02,+6.546413481555e-02,-1.301226811239e-01,+1.024215950365e-01,-3.021226609896e-02,+1.755448541712e-03 },
  {+2.021620708512e-02,-1.301226811239e-01,+2.586440986440e-01,-2.035828104761e-01,+6.005274611361e-02,-3.489294885914e-03 },
  {-1.591249240611e-02,+1.024215950365e-01,-2.035828104761e-01,+1.602432104140e-01,-4.726845458572e-02,+2.746478513055e-03 },
  {+4.693858308881e-03,-3.021226609896e-02,+6.005274611361e-02,-4.726845458572e-02,+1.394322288694e-02,-8.101547299855e-04 },
  {-2.727311713838e-04,+1.755448541712e-03,-3.489294885914e-03,+2.746478513055e-03,-8.101547299855e-04,+4.707309722005e-05 }   }
}
    main loop time = 0.110000
        total time = 0.110000
  file   read time = 0.000000
