SDPA-GMP start at Wed Jun  5 23:35:13 2024
*SDP Scan Problem: V = x^2 - 2*x^4 + x^8
* K = 6; eval = 6.080402010050253; Domain = R+ with BCs: Neumann
data      is /Users/gorg/qmBoot/data/K=6_BC-Neumann_V_0.0_0.0_1.0_0.0_-2.0_0.0_0.0_0.0_1.0/e=6.080402010050253_K=6_D=R+.dat
parameter is ./param.sdpa
out       is /Users/gorg/qmBoot/data/K=6_BC-Neumann_V_0.0_0.0_1.0_0.0_-2.0_0.0_0.0_0.0_1.0/e=6.080402010050253_K=6_D=R+.out
DENSE computation
   mu      thetaP  thetaD  objP      objD      alphaP  alphaD  beta 
 0 1.0e+20 1.0e+00 1.0e+00 +0.00e+00 -2.43e+10 1.0e+00 9.0e-01 3.00e-01
 1 1.6e+19 8.6e-88 1.0e-01 +1.60e+10 -2.43e+09 9.0e-01 9.0e-01 3.00e-01
 2 2.5e+18 2.6e-87 1.0e-02 +2.46e+10 -2.43e+08 9.0e-01 9.0e-01 3.00e-01
 3 3.8e+17 2.6e-87 1.0e-03 +3.79e+10 -2.43e+07 9.0e-01 9.0e-01 3.00e-01
 4 5.8e+16 3.5e-87 1.0e-04 +5.84e+10 -2.43e+06 9.0e-01 9.0e-01 3.00e-01
 5 9.0e+15 5.2e-87 1.0e-05 +9.00e+10 -2.43e+05 9.0e-01 9.0e-01 3.00e-01
 6 1.4e+15 5.2e-87 1.0e-06 +1.39e+11 -2.43e+04 9.0e-01 9.0e-01 3.00e-01
 7 2.1e+14 4.3e-87 1.0e-07 +2.13e+11 -2.43e+03 9.0e-01 9.0e-01 3.00e-01
 8 3.3e+13 6.0e-87 1.0e-08 +3.29e+11 -2.43e+02 9.0e-01 9.0e-01 3.00e-01
 9 5.1e+12 5.2e-87 1.0e-09 +5.05e+11 -2.45e+01 9.0e-01 9.0e-01 3.00e-01
10 8.5e+11 6.0e-87 1.0e-10 +7.66e+11 -2.62e+00 8.8e-01 8.8e-01 3.00e-01
11 2.1e+11 6.9e-87 1.2e-11 +1.03e+12 -4.27e-01 1.9e+00 9.2e-01 3.00e-01
12 4.9e+10 7.8e-87 9.0e-13 +4.80e+11 -2.21e-01 1.2e+00 1.0e+00 3.00e-01
13 1.1e+10 1.3e-86 3.9e-94 +1.30e+11 -3.56e-01 9.7e-01 9.7e-01 1.00e-01
14 1.4e+09 1.4e-86 5.9e-94 +1.67e+10 -3.58e-01 9.9e-01 9.9e-01 1.00e-01
15 1.5e+08 1.5e-86 2.4e-93 +1.83e+09 -3.60e-01 1.0e+00 1.0e+00 1.00e-01
16 1.5e+07 2.0e-86 5.7e-93 +1.84e+08 -3.62e-01 1.0e+00 1.0e+00 1.00e-01
17 1.5e+06 1.9e-86 2.1e-92 +1.84e+07 -3.64e-01 1.0e+00 1.0e+00 1.00e-01
18 1.5e+05 2.0e-86 3.9e-92 +1.84e+06 -3.65e-01 1.0e+00 1.0e+00 1.00e-01
19 1.5e+04 2.1e-86 2.1e-91 +1.84e+05 -3.67e-01 1.0e+00 1.0e+00 1.00e-01
20 1.5e+03 2.6e-86 5.2e-91 +1.84e+04 -3.68e-01 1.0e+00 1.0e+00 1.00e-01
21 1.5e+02 2.5e-86 1.6e-90 +1.84e+03 -3.69e-01 1.0e+00 1.0e+00 1.00e-01
22 1.5e+01 2.8e-86 6.4e-90 +1.85e+02 -3.70e-01 1.0e+00 8.9e+01 1.00e-01
23 1.6e+00 2.7e-86 2.9e-87 +1.86e+01 -1.79e-01 9.8e-01 9.8e-01 1.00e-01
24 1.8e-01 2.8e-86 1.5e-88 +1.95e+00 -1.85e-01 9.2e-01 1.7e+00 1.00e-01
25 2.6e-02 2.8e-86 3.0e-88 +2.48e-01 -6.06e-02 8.9e-01 1.2e+00 1.00e-01
26 4.3e-03 2.8e-86 1.4e-88 +3.10e-02 -2.09e-02 8.9e-01 9.2e-01 1.00e-01
27 8.1e-04 2.8e-86 7.2e-89 +3.51e-03 -6.25e-03 9.1e-01 9.5e-01 1.00e-01
28 1.3e-04 2.8e-86 7.2e-89 +3.68e-04 -1.16e-03 9.3e-01 9.8e-01 1.00e-01
29 1.7e-05 2.9e-86 1.9e-89 +1.80e-05 -1.87e-04 1.0e+00 9.5e-01 1.00e-01
30 2.3e-06 2.8e-86 3.3e-89 -1.85e-05 -4.66e-05 1.0e+00 9.8e-01 1.00e-01
31 2.7e-07 2.8e-86 1.3e-88 -2.23e-05 -2.55e-05 1.0e+00 9.8e-01 1.00e-01
32 3.0e-08 2.8e-86 2.0e-89 -2.26e-05 -2.30e-05 1.0e+00 9.9e-01 1.00e-01
33 3.0e-09 2.8e-86 7.2e-89 -2.27e-05 -2.27e-05 1.0e+00 9.9e-01 1.00e-01
34 3.0e-10 2.7e-86 5.3e-89 -2.27e-05 -2.27e-05 1.0e+00 9.9e-01 1.00e-01
35 3.1e-11 2.8e-86 2.4e-90 -2.27e-05 -2.27e-05 1.0e+00 9.9e-01 1.00e-01
36 3.1e-12 2.8e-86 1.5e-90 -2.27e-05 -2.27e-05 1.0e+00 9.9e-01 1.00e-01
37 3.1e-13 2.8e-86 2.4e-90 -2.27e-05 -2.27e-05 1.0e+00 9.9e-01 1.00e-01
38 3.1e-14 2.9e-86 1.0e-89 -2.27e-05 -2.27e-05 1.0e+00 9.9e-01 1.00e-01
39 3.1e-15 2.8e-86 1.5e-89 -2.27e-05 -2.27e-05 1.0e+00 9.9e-01 1.00e-01
40 3.1e-16 2.8e-86 9.2e-90 -2.27e-05 -2.27e-05 1.0e+00 9.9e-01 1.00e-01
41 3.1e-17 2.8e-86 1.4e-89 -2.27e-05 -2.27e-05 1.0e+00 9.9e-01 1.00e-01
42 3.1e-18 2.8e-86 8.8e-90 -2.27e-05 -2.27e-05 1.0e+00 9.9e-01 1.00e-01
43 3.1e-19 2.8e-86 6.3e-90 -2.27e-05 -2.27e-05 1.0e+00 9.9e-01 1.00e-01
44 3.1e-20 2.8e-86 1.2e-89 -2.27e-05 -2.27e-05 1.0e+00 9.9e-01 1.00e-01
45 3.1e-21 2.8e-86 2.7e-80 -2.27e-05 -2.27e-05 1.0e+00 9.9e-01 1.00e-01
46 3.1e-22 2.8e-86 1.6e-80 -2.27e-05 -2.27e-05 1.0e+00 9.9e-01 1.00e-01
47 3.1e-23 2.7e-86 1.5e-80 -2.27e-05 -2.27e-05 1.0e+00 9.9e-01 1.00e-01
48 3.1e-24 2.9e-86 5.8e-81 -2.27e-05 -2.27e-05 1.0e+00 9.9e-01 1.00e-01
49 3.1e-25 2.8e-86 3.1e-81 -2.27e-05 -2.27e-05 1.0e+00 9.9e-01 1.00e-01
50 3.1e-26 2.8e-86 9.3e-82 -2.27e-05 -2.27e-05 1.0e+00 9.9e-01 1.00e-01
51 3.1e-27 2.7e-86 2.1e-82 -2.27e-05 -2.27e-05 1.0e+00 9.9e-01 1.00e-01
52 3.1e-28 2.8e-86 1.2e-81 -2.27e-05 -2.27e-05 1.0e+00 9.9e-01 1.00e-01
53 3.1e-29 2.8e-86 8.2e-81 -2.27e-05 -2.27e-05 1.0e+00 9.9e-01 1.00e-01
54 3.1e-30 2.8e-86 8.1e-80 -2.27e-05 -2.27e-05 1.0e+00 9.9e-01 1.00e-01
55 3.1e-31 2.7e-86 3.8e-79 -2.27e-05 -2.27e-05 1.0e+00 9.9e-01 1.00e-01
56 3.1e-32 2.8e-86 6.4e-78 -2.27e-05 -2.27e-05 1.0e+00 9.9e-01 1.00e-01

phase.value = pdOPT     
   Iteration = 56
          mu = 3.0548019008302306e-32
relative gap = 3.6657622809962767e-31
         gap = 3.6657622809962767e-31
      digits = 2.5791624616293852e+01
objValPrimal = -2.2687618696089953e-05
objValDual   = -2.2687618696089953e-05
p.feas.error = 2.7635739376302223e-76
d.feas.error = 7.6388533234611804e-67
relative eps = 8.6361685550944446e-78
total time   = 0.110


Parameters are
maxIteration =    200
epsilonStar  = 1.000e-30
lambdaStar   = 1.000e+10
omegaStar    = 2.000e+00
lowerBound   = -1.000e+05
upperBound   = 1.000e+05
betaStar     = 1.000e-01
betaBar      = 3.000e-01
gammaStar    = 9.000e-01
epsilonDash  = 1.000e-30
precision    =    200

                         Time(sec)  Ratio(% : MainLoop) 
 Predictor time  =       0.020000,  18.181818
 Corrector time  =       0.030000,  27.272727
 Make bMat time  =       0.010000,  9.090909
 Make bDia time  =       0.000000,  0.000000
 Make bF1  time  =       0.010000,  9.090909
 Make bF2  time  =       0.000000,  0.000000
 Make bF3  time  =       0.000000,  0.000000
 Make bPRE time  =       0.010000,  9.090909
 Make rMat time  =       0.020000,  18.181818
 Make gVec Mul   =       0.000000,  0.000000
 Make gVec time  =       0.000000,  0.000000
 Cholesky bMat   =       0.010000,  9.090909
 Ste Pre time    =       0.000000,  0.000000
 Ste Cor time    =       0.060000,  54.545455
 solve           =       0.000000,  0.000000
 sumDz           =       0.000000,  0.000000
 makedX          =       0.010000,  9.090909
 symmetriseDx    =       0.000000,  0.000000
 makedXdZ        =       0.010000,  9.090909
 xMatTime        =       0.000000,  0.000000
 zMatTime        =       0.000000,  0.000000
 invzMatTime     =       0.000000,  0.000000
 xMatzMatTime    =       0.000000,  0.000000
 EigxMatTime     =       0.050000,  45.454545
 EigzMatTime     =       0.010000,  9.090909
 EigxMatzMatTime =       0.000000,  0.000000
 updateRes       =       0.000000,  0.000000
 EigTime         =       0.060000,  54.545455
 sub_total_bMat  =       0.100000,  90.909091
 Main Loop       =       0.110000,  100.000000
 File Check      =       0.000000,  0.000000
 File Change     =       0.000000,  0.000000
 File Read       =       0.000000,  0.000000
 Total           =       0.110000,  100.000000

xVec = 
{+2.268761869609e-05,+6.943706364830e-01,+6.691182271867e-01,+7.304319253708e-01,+8.482277973187e-01,+1.019294436865e+00,+1.251112521605e+00,+1.558825611145e+00}
xMat = 
{
{ {+9.999773123813e-01,+6.943706364830e-01,+6.691182271867e-01,+7.304319253708e-01,+8.482277973187e-01,+1.019294436865e+00 },
  {+6.943706364830e-01,+6.690955395680e-01,+7.304319253708e-01,+8.482277973187e-01,+1.019294436865e+00,+1.251112521605e+00 },
  {+6.691182271867e-01,+7.304319253708e-01,+8.482051097000e-01,+1.019294436865e+00,+1.251112521605e+00,+1.558825611145e+00 },
  {+7.304319253708e-01,+8.482277973187e-01,+1.019294436865e+00,+1.251089833987e+00,+1.558825611145e+00,+1.966306467918e+00 },
  {+8.482277973187e-01,+1.019294436865e+00,+1.251112521605e+00,+1.558825611145e+00,+1.966283780299e+00,+2.511053817585e+00 },
  {+1.019294436865e+00,+1.251112521605e+00,+1.558825611145e+00,+1.966306467918e+00,+2.511053817585e+00,+3.260511236299e+00 }   }
{ {+6.943479488643e-01,+6.691182271867e-01,+7.304319253708e-01,+8.482277973187e-01,+1.019294436865e+00,+1.251112521605e+00 },
  {+6.691182271867e-01,+7.304092377521e-01,+8.482277973187e-01,+1.019294436865e+00,+1.251112521605e+00,+1.558825611145e+00 },
  {+7.304319253708e-01,+8.482277973187e-01,+1.019271749246e+00,+1.251112521605e+00,+1.558825611145e+00,+1.966306467918e+00 },
  {+8.482277973187e-01,+1.019294436865e+00,+1.251112521605e+00,+1.558802923526e+00,+1.966306467918e+00,+2.511053817585e+00 },
  {+1.019294436865e+00,+1.251112521605e+00,+1.558825611145e+00,+1.966306467918e+00,+2.511031129966e+00,+3.260533923917e+00 },
  {+1.251112521605e+00,+1.558825611145e+00,+1.966306467918e+00,+2.511053817585e+00,+3.260533923917e+00,+4.442594557035e+00 }   }
}
yMat = 
{
{ {+5.275315795286e-05,-8.624445895386e-04,+2.944972562548e-03,-3.677623119123e-03,+1.831534553614e-03,-2.862134399937e-04 },
  {-8.624445895386e-04,+1.409983210274e-02,-4.814641912393e-02,+6.012428989150e-02,-2.994317549157e-02,+4.679212436844e-03 },
  {+2.944972562548e-03,-4.814641912393e-02,+1.644046296131e-01,-2.053052291370e-01,+1.022463719152e-01,-1.597801459710e-02 },
  {-3.677623119123e-03,+6.012428989150e-02,-2.053052291370e-01,+2.563810837333e-01,-1.276832341272e-01,+1.995302660109e-02 },
  {+1.831534553614e-03,-2.994317549157e-02,+1.022463719152e-01,-1.276832341272e-01,+6.358896701650e-02,-9.937031741788e-03 },
  {-2.862134399937e-04,+4.679212436844e-03,-1.597801459710e-02,+1.995302660109e-02,-9.937031741788e-03,+1.552857429052e-03 }   }
{ {+1.508712681014e-03,-9.835038591859e-03,+1.971966187961e-02,-1.564242469740e-02,+4.648307730627e-03,-2.719925841680e-04 },
  {-9.835038591859e-03,+6.411292575490e-02,-1.285490856178e-01,+1.019702773796e-01,-3.030151896570e-02,+1.773072895625e-03 },
  {+1.971966187961e-02,-1.285490856178e-01,+2.577462690806e-01,-2.044546518974e-01,+6.075580719498e-02,-3.555084981421e-03 },
  {-1.564242469740e-02,+1.019702773796e-01,-2.044546518974e-01,+1.621816091911e-01,-4.819393683216e-02,+2.820035630137e-03 },
  {+4.648307730627e-03,-3.030151896570e-02,+6.075580719498e-02,-4.819393683216e-02,+1.432132508098e-02,-8.380026545620e-04 },
  {-2.719925841680e-04,+1.773072895625e-03,-3.555084981421e-03,+2.820035630137e-03,-8.380026545620e-04,+4.903515876373e-05 }   }
}
    main loop time = 0.110000
        total time = 0.110000
  file   read time = 0.000000
