SDPA-GMP start at Wed Jun  5 23:35:13 2024
*SDP Scan Problem: V = x^2 - 2*x^4 + x^8
* K = 6; eval = 6.582914572864322; Domain = R+ with BCs: Neumann
data      is /Users/gorg/qmBoot/data/K=6_BC-Neumann_V_0.0_0.0_1.0_0.0_-2.0_0.0_0.0_0.0_1.0/e=6.582914572864322_K=6_D=R+.dat
parameter is ./param.sdpa
out       is /Users/gorg/qmBoot/data/K=6_BC-Neumann_V_0.0_0.0_1.0_0.0_-2.0_0.0_0.0_0.0_1.0/e=6.582914572864322_K=6_D=R+.out
DENSE computation
   mu      thetaP  thetaD  objP      objD      alphaP  alphaD  beta 
 0 1.0e+20 1.0e+00 1.0e+00 +0.00e+00 -2.53e+10 1.0e+00 9.0e-01 3.00e-01
 1 1.6e+19 8.6e-88 1.0e-01 +1.60e+10 -2.53e+09 9.0e-01 9.0e-01 3.00e-01
 2 2.5e+18 2.6e-87 1.0e-02 +2.46e+10 -2.53e+08 9.0e-01 9.0e-01 3.00e-01
 3 3.8e+17 1.7e-87 1.0e-03 +3.79e+10 -2.53e+07 9.0e-01 9.0e-01 3.00e-01
 4 5.8e+16 1.7e-87 1.0e-04 +5.84e+10 -2.53e+06 9.0e-01 9.0e-01 3.00e-01
 5 9.0e+15 2.6e-87 1.0e-05 +9.00e+10 -2.53e+05 9.0e-01 9.0e-01 3.00e-01
 6 1.4e+15 3.5e-87 1.0e-06 +1.39e+11 -2.53e+04 9.0e-01 9.0e-01 3.00e-01
 7 2.1e+14 5.2e-87 1.0e-07 +2.13e+11 -2.53e+03 9.0e-01 9.0e-01 3.00e-01
 8 3.3e+13 6.0e-87 1.0e-08 +3.29e+11 -2.53e+02 9.0e-01 9.0e-01 3.00e-01
 9 5.1e+12 7.8e-87 1.0e-09 +5.05e+11 -2.55e+01 9.0e-01 9.0e-01 3.00e-01
10 8.5e+11 8.6e-87 1.0e-10 +7.66e+11 -2.72e+00 8.8e-01 8.8e-01 3.00e-01
11 2.1e+11 1.0e-86 1.2e-11 +1.03e+12 -4.42e-01 1.9e+00 9.2e-01 3.00e-01
12 4.9e+10 1.1e-86 9.2e-13 +4.77e+11 -2.28e-01 1.2e+00 1.0e+00 3.00e-01
13 1.1e+10 1.5e-86 5.2e-94 +1.28e+11 -3.71e-01 9.7e-01 9.7e-01 1.00e-01
14 1.4e+09 1.6e-86 5.3e-94 +1.66e+10 -3.73e-01 9.9e-01 9.9e-01 1.00e-01
15 1.5e+08 1.6e-86 1.6e-93 +1.82e+09 -3.75e-01 1.0e+00 1.0e+00 1.00e-01
16 1.5e+07 1.9e-86 4.1e-93 +1.84e+08 -3.77e-01 1.0e+00 1.0e+00 1.00e-01
17 1.5e+06 2.1e-86 2.1e-92 +1.84e+07 -3.78e-01 1.0e+00 1.0e+00 1.00e-01
18 1.5e+05 2.2e-86 7.1e-92 +1.84e+06 -3.80e-01 1.0e+00 1.0e+00 1.00e-01
19 1.5e+04 2.2e-86 2.0e-91 +1.84e+05 -3.81e-01 1.0e+00 1.0e+00 1.00e-01
20 1.5e+03 2.6e-86 7.9e-91 +1.84e+04 -3.83e-01 1.0e+00 1.0e+00 1.00e-01
21 1.5e+02 2.3e-86 1.4e-90 +1.84e+03 -3.84e-01 1.0e+00 1.0e+00 1.00e-01
22 1.5e+01 2.7e-86 5.2e-90 +1.84e+02 -3.84e-01 1.0e+00 8.4e+01 1.00e-01
23 1.6e+00 2.7e-86 1.7e-87 +1.85e+01 -1.82e-01 9.8e-01 9.8e-01 1.00e-01
24 1.8e-01 2.7e-86 1.3e-88 +1.94e+00 -1.88e-01 9.2e-01 1.6e+00 1.00e-01
25 2.6e-02 2.8e-86 2.8e-88 +2.46e-01 -6.33e-02 8.9e-01 1.1e+00 1.00e-01
26 4.4e-03 2.8e-86 7.2e-89 +3.08e-02 -2.21e-02 8.9e-01 9.2e-01 1.00e-01
27 8.3e-04 2.8e-86 7.2e-89 +3.47e-03 -6.50e-03 9.2e-01 9.5e-01 1.00e-01
28 1.3e-04 2.8e-86 1.3e-89 +3.65e-04 -1.21e-03 9.3e-01 9.8e-01 1.00e-01
29 1.7e-05 2.7e-86 1.2e-89 +1.76e-05 -1.90e-04 1.0e+00 9.5e-01 1.00e-01
30 2.4e-06 2.8e-86 7.2e-89 -1.88e-05 -4.71e-05 1.0e+00 9.8e-01 1.00e-01
31 2.7e-07 2.8e-86 3.8e-88 -2.26e-05 -2.58e-05 1.0e+00 9.8e-01 1.00e-01
32 3.0e-08 2.6e-86 2.2e-88 -2.29e-05 -2.33e-05 1.0e+00 9.9e-01 1.00e-01
33 3.1e-09 2.8e-86 1.0e-89 -2.30e-05 -2.30e-05 1.0e+00 9.9e-01 1.00e-01
34 3.1e-10 2.8e-86 3.7e-90 -2.30e-05 -2.30e-05 1.0e+00 9.9e-01 1.00e-01
35 3.1e-11 2.8e-86 5.5e-90 -2.30e-05 -2.30e-05 1.0e+00 9.9e-01 1.00e-01
36 3.1e-12 2.8e-86 2.7e-90 -2.30e-05 -2.30e-05 1.0e+00 9.9e-01 1.00e-01
37 3.1e-13 2.7e-86 1.1e-90 -2.30e-05 -2.30e-05 1.0e+00 9.9e-01 1.00e-01
38 3.1e-14 2.6e-86 1.7e-90 -2.30e-05 -2.30e-05 1.0e+00 9.9e-01 1.00e-01
39 3.1e-15 2.8e-86 5.6e-90 -2.30e-05 -2.30e-05 1.0e+00 9.9e-01 1.00e-01
40 3.1e-16 2.8e-86 4.7e-90 -2.30e-05 -2.30e-05 1.0e+00 9.9e-01 1.00e-01
41 3.1e-17 2.7e-86 7.8e-90 -2.30e-05 -2.30e-05 1.0e+00 9.9e-01 1.00e-01
42 3.1e-18 2.7e-86 1.7e-89 -2.30e-05 -2.30e-05 1.0e+00 9.9e-01 1.00e-01
43 3.1e-19 2.8e-86 7.8e-90 -2.30e-05 -2.30e-05 1.0e+00 9.9e-01 1.00e-01
44 3.1e-20 2.7e-86 1.6e-89 -2.30e-05 -2.30e-05 1.0e+00 9.9e-01 1.00e-01
45 3.1e-21 2.8e-86 3.2e-80 -2.30e-05 -2.30e-05 1.0e+00 9.9e-01 1.00e-01
46 3.1e-22 2.7e-86 1.8e-80 -2.30e-05 -2.30e-05 1.0e+00 9.9e-01 1.00e-01
47 3.1e-23 2.8e-86 2.1e-80 -2.30e-05 -2.30e-05 1.0e+00 9.9e-01 1.00e-01
48 3.1e-24 2.7e-86 6.0e-81 -2.30e-05 -2.30e-05 1.0e+00 9.9e-01 1.00e-01
49 3.1e-25 2.7e-86 2.8e-81 -2.30e-05 -2.30e-05 1.0e+00 9.9e-01 1.00e-01
50 3.1e-26 2.8e-86 9.6e-82 -2.30e-05 -2.30e-05 1.0e+00 9.9e-01 1.00e-01
51 3.1e-27 2.8e-86 1.9e-82 -2.30e-05 -2.30e-05 1.0e+00 9.9e-01 1.00e-01
52 3.1e-28 2.8e-86 1.5e-81 -2.30e-05 -2.30e-05 1.0e+00 9.9e-01 1.00e-01
53 3.1e-29 2.7e-86 1.0e-80 -2.30e-05 -2.30e-05 1.0e+00 9.9e-01 1.00e-01
54 3.1e-30 2.7e-86 7.7e-80 -2.30e-05 -2.30e-05 1.0e+00 9.9e-01 1.00e-01
55 3.1e-31 2.6e-86 9.5e-79 -2.30e-05 -2.30e-05 1.0e+00 9.9e-01 1.00e-01
56 3.1e-32 2.7e-86 3.9e-78 -2.30e-05 -2.30e-05 1.0e+00 9.9e-01 1.00e-01

phase.value = pdOPT     
   Iteration = 56
          mu = 3.1120943297870825e-32
relative gap = 3.7345131957444990e-31
         gap = 3.7345131957444990e-31
      digits = 2.5789372766201765e+01
objValPrimal = -2.2993589013953894e-05
objValDual   = -2.2993589013953894e-05
p.feas.error = 2.6772122520792778e-76
d.feas.error = 4.6326881170604546e-67
relative eps = 8.6361685550944446e-78
total time   = 0.110


Parameters are
maxIteration =    200
epsilonStar  = 1.000e-30
lambdaStar   = 1.000e+10
omegaStar    = 2.000e+00
lowerBound   = -1.000e+05
upperBound   = 1.000e+05
betaStar     = 1.000e-01
betaBar      = 3.000e-01
gammaStar    = 9.000e-01
epsilonDash  = 1.000e-30
precision    =    200

                         Time(sec)  Ratio(% : MainLoop) 
 Predictor time  =       0.020000,  18.181818
 Corrector time  =       0.030000,  27.272727
 Make bMat time  =       0.020000,  18.181818
 Make bDia time  =       0.000000,  0.000000
 Make bF1  time  =       0.010000,  9.090909
 Make bF2  time  =       0.010000,  9.090909
 Make bF3  time  =       0.000000,  0.000000
 Make bPRE time  =       0.010000,  9.090909
 Make rMat time  =       0.010000,  9.090909
 Make gVec Mul   =       0.000000,  0.000000
 Make gVec time  =       0.000000,  0.000000
 Cholesky bMat   =       0.000000,  0.000000
 Ste Pre time    =       0.000000,  0.000000
 Ste Cor time    =       0.050000,  45.454545
 solve           =       0.000000,  0.000000
 sumDz           =       0.000000,  0.000000
 makedX          =       0.020000,  18.181818
 symmetriseDx    =       0.000000,  0.000000
 makedXdZ        =       0.020000,  18.181818
 xMatTime        =       0.000000,  0.000000
 zMatTime        =       0.000000,  0.000000
 invzMatTime     =       0.000000,  0.000000
 xMatzMatTime    =       0.000000,  0.000000
 EigxMatTime     =       0.020000,  18.181818
 EigzMatTime     =       0.030000,  27.272727
 EigxMatzMatTime =       0.000000,  0.000000
 updateRes       =       0.010000,  9.090909
 EigTime         =       0.050000,  45.454545
 sub_total_bMat  =       0.090000,  81.818182
 Main Loop       =       0.110000,  100.000000
 File Check      =       0.000000,  0.000000
 File Change     =       0.000000,  0.000000
 File Read       =       0.000000,  0.000000
 Total           =       0.110000,  100.000000

xVec = 
{+2.299358901395e-05,+7.032827594608e-01,+6.832978081511e-01,+7.519386550458e-01,+8.801825695678e-01,+1.065866262431e+00,+1.317919329820e+00,+1.653531464760e+00}
xMat = 
{
{ {+9.999770064110e-01,+7.032827594608e-01,+6.832978081511e-01,+7.519386550458e-01,+8.801825695678e-01,+1.065866262431e+00 },
  {+7.032827594608e-01,+6.832748145621e-01,+7.519386550458e-01,+8.801825695678e-01,+1.065866262431e+00,+1.317919329820e+00 },
  {+6.832978081511e-01,+7.519386550458e-01,+8.801595759788e-01,+1.065866262431e+00,+1.317919329820e+00,+1.653531464760e+00 },
  {+7.519386550458e-01,+8.801825695678e-01,+1.065866262431e+00,+1.317896336231e+00,+1.653531464760e+00,+2.099482874794e+00 },
  {+8.801825695678e-01,+1.065866262431e+00,+1.317919329820e+00,+1.653531464760e+00,+2.099459881205e+00,+2.697514569465e+00 },
  {+1.065866262431e+00,+1.317919329820e+00,+1.653531464760e+00,+2.099482874794e+00,+2.697514569465e+00,+3.521796480208e+00 }   }
{ {+7.032597658718e-01,+6.832978081511e-01,+7.519386550458e-01,+8.801825695678e-01,+1.065866262431e+00,+1.317919329820e+00 },
  {+6.832978081511e-01,+7.519156614568e-01,+8.801825695678e-01,+1.065866262431e+00,+1.317919329820e+00,+1.653531464760e+00 },
  {+7.519386550458e-01,+8.801825695678e-01,+1.065843268842e+00,+1.317919329820e+00,+1.653531464760e+00,+2.099482874794e+00 },
  {+8.801825695678e-01,+1.065866262431e+00,+1.317919329820e+00,+1.653508471171e+00,+2.099482874794e+00,+2.697514569465e+00 },
  {+1.065866262431e+00,+1.317919329820e+00,+1.653531464760e+00,+2.099482874794e+00,+2.697491575876e+00,+3.521819473797e+00 },
  {+1.317919329820e+00,+1.653531464760e+00,+2.099482874794e+00,+2.697514569465e+00,+3.521819473797e+00,+4.816543824228e+00 }   }
}
yMat = 
{
{ {+5.582255509630e-05,-8.990754521194e-04,+3.044508266382e-03,-3.776047485911e-03,+1.868797273356e-03,-2.902329878945e-04 },
  {-8.990754521194e-04,+1.448046703002e-02,-4.903470723181e-02,+6.081684356373e-02,-3.009876116497e-02,+4.674478879748e-03 },
  {+3.044508266382e-03,-4.903470723181e-02,+1.660445418179e-01,-2.059419846561e-01,+1.019223992365e-01,-1.582902698197e-02 },
  {-3.776047485911e-03,+6.081684356373e-02,-2.059419846561e-01,+2.554260476120e-01,-1.264124731223e-01,+1.963245040247e-02 },
  {+1.868797273356e-03,-3.009876116497e-02,+1.019223992365e-01,-1.264124731223e-01,+6.256258322244e-02,-9.716262816696e-03 },
  {-2.902329878945e-04,+4.674478879748e-03,-1.582902698197e-02,+1.963245040247e-02,-9.716262816696e-03,+1.508981219453e-03 }   }
{ {+1.568511552717e-03,-1.011627312908e-02,+2.013610177644e-02,-1.586921294171e-02,+4.686650094942e-03,-2.726226765558e-04 },
  {-1.011627312908e-02,+6.524592174333e-02,-1.298698150948e-01,+1.023500860952e-01,-3.022702149610e-02,+1.758307391770e-03 },
  {+2.013610177644e-02,-1.298698150948e-01,+2.585015035745e-01,-2.037244076098e-01,+6.016587071920e-02,-3.499851787629e-03 },
  {-1.586921294171e-02,+1.023500860952e-01,-2.037244076098e-01,+1.605547112186e-01,-4.741657669726e-02,+2.758224700041e-03 },
  {+4.686650094942e-03,-3.022702149610e-02,+6.016587071920e-02,-4.741657669726e-02,+1.400352396154e-02,-8.145857075458e-04 },
  {-2.726226765558e-04,+1.758307391770e-03,-3.499851787629e-03,+2.758224700041e-03,-8.145857075458e-04,+4.738449241493e-05 }   }
}
    main loop time = 0.110000
        total time = 0.110000
  file   read time = 0.000000
