SDPA-GMP start at Wed Jun  5 23:35:13 2024
*SDP Scan Problem: V = x^2 - 2*x^4 + x^8
* K = 6; eval = 6.78391959798995; Domain = R+ with BCs: Neumann
data      is /Users/gorg/qmBoot/data/K=6_BC-Neumann_V_0.0_0.0_1.0_0.0_-2.0_0.0_0.0_0.0_1.0/e=6.78391959798995_K=6_D=R+.dat
parameter is ./param.sdpa
out       is /Users/gorg/qmBoot/data/K=6_BC-Neumann_V_0.0_0.0_1.0_0.0_-2.0_0.0_0.0_0.0_1.0/e=6.78391959798995_K=6_D=R+.out
DENSE computation
   mu      thetaP  thetaD  objP      objD      alphaP  alphaD  beta 
 0 1.0e+20 1.0e+00 1.0e+00 +0.00e+00 -2.57e+10 1.0e+00 9.0e-01 3.00e-01
 1 1.6e+19 8.6e-88 1.0e-01 +1.60e+10 -2.57e+09 9.0e-01 9.0e-01 3.00e-01
 2 2.5e+18 1.7e-87 1.0e-02 +2.46e+10 -2.57e+08 9.0e-01 9.0e-01 3.00e-01
 3 3.8e+17 1.7e-87 1.0e-03 +3.79e+10 -2.57e+07 9.0e-01 9.0e-01 3.00e-01
 4 5.8e+16 2.6e-87 1.0e-04 +5.84e+10 -2.57e+06 9.0e-01 9.0e-01 3.00e-01
 5 9.0e+15 3.5e-87 1.0e-05 +9.00e+10 -2.57e+05 9.0e-01 9.0e-01 3.00e-01
 6 1.4e+15 3.5e-87 1.0e-06 +1.39e+11 -2.57e+04 9.0e-01 9.0e-01 3.00e-01
 7 2.1e+14 3.5e-87 1.0e-07 +2.13e+11 -2.57e+03 9.0e-01 9.0e-01 3.00e-01
 8 3.3e+13 5.2e-87 1.0e-08 +3.29e+11 -2.57e+02 9.0e-01 9.0e-01 3.00e-01
 9 5.1e+12 5.2e-87 1.0e-09 +5.05e+11 -2.59e+01 9.0e-01 9.0e-01 3.00e-01
10 8.5e+11 6.0e-87 1.0e-10 +7.66e+11 -2.77e+00 8.8e-01 8.8e-01 3.00e-01
11 2.1e+11 6.9e-87 1.2e-11 +1.03e+12 -4.48e-01 1.9e+00 9.2e-01 3.00e-01
12 4.9e+10 6.0e-87 9.2e-13 +4.76e+11 -2.30e-01 1.2e+00 1.0e+00 3.00e-01
13 1.1e+10 1.0e-86 6.6e-94 +1.28e+11 -3.76e-01 9.7e-01 9.7e-01 1.00e-01
14 1.4e+09 9.5e-87 4.8e-94 +1.65e+10 -3.78e-01 9.9e-01 9.9e-01 1.00e-01
15 1.5e+08 1.4e-86 2.4e-93 +1.81e+09 -3.81e-01 1.0e+00 1.0e+00 1.00e-01
16 1.5e+07 1.5e-86 9.6e-93 +1.83e+08 -3.82e-01 1.0e+00 1.0e+00 1.00e-01
17 1.5e+06 1.5e-86 1.6e-92 +1.83e+07 -3.84e-01 1.0e+00 1.0e+00 1.00e-01
18 1.5e+05 1.7e-86 6.9e-92 +1.83e+06 -3.86e-01 1.0e+00 1.0e+00 1.00e-01
19 1.5e+04 1.6e-86 1.7e-91 +1.83e+05 -3.87e-01 1.0e+00 1.0e+00 1.00e-01
20 1.5e+03 1.8e-86 7.2e-91 +1.83e+04 -3.88e-01 1.0e+00 1.0e+00 1.00e-01
21 1.5e+02 2.2e-86 1.5e-90 +1.83e+03 -3.90e-01 1.0e+00 1.0e+00 1.00e-01
22 1.5e+01 2.2e-86 6.5e-90 +1.83e+02 -3.90e-01 1.0e+00 8.3e+01 1.00e-01
23 1.6e+00 2.2e-86 2.6e-87 +1.85e+01 -1.83e-01 9.8e-01 9.8e-01 1.00e-01
24 1.8e-01 2.4e-86 1.7e-88 +1.94e+00 -1.89e-01 9.2e-01 1.6e+00 1.00e-01
25 2.6e-02 2.4e-86 2.9e-88 +2.45e-01 -6.43e-02 8.9e-01 1.1e+00 1.00e-01
26 4.4e-03 2.5e-86 1.4e-88 +3.06e-02 -2.25e-02 8.9e-01 9.1e-01 1.00e-01
27 8.4e-04 2.5e-86 7.2e-89 +3.45e-03 -6.58e-03 9.2e-01 9.4e-01 1.00e-01
28 1.3e-04 2.4e-86 1.2e-89 +3.63e-04 -1.23e-03 9.4e-01 9.8e-01 1.00e-01
29 1.7e-05 2.5e-86 1.2e-89 +1.73e-05 -1.91e-04 1.0e+00 9.5e-01 1.00e-01
30 2.4e-06 2.5e-86 2.1e-89 -1.89e-05 -4.72e-05 1.0e+00 9.8e-01 1.00e-01
31 2.7e-07 2.5e-86 8.5e-89 -2.27e-05 -2.60e-05 1.0e+00 9.8e-01 1.00e-01
32 3.1e-08 2.4e-86 3.7e-88 -2.31e-05 -2.34e-05 1.0e+00 9.9e-01 1.00e-01
33 3.1e-09 2.4e-86 7.2e-89 -2.31e-05 -2.31e-05 1.0e+00 9.9e-01 1.00e-01
34 3.1e-10 2.5e-86 1.1e-89 -2.31e-05 -2.31e-05 1.0e+00 9.9e-01 1.00e-01
35 3.1e-11 2.4e-86 3.7e-90 -2.31e-05 -2.31e-05 1.0e+00 9.9e-01 1.00e-01
36 3.1e-12 2.5e-86 8.6e-91 -2.31e-05 -2.31e-05 1.0e+00 9.9e-01 1.00e-01
37 3.1e-13 2.4e-86 7.3e-91 -2.31e-05 -2.31e-05 1.0e+00 9.9e-01 1.00e-01
38 3.1e-14 2.4e-86 1.3e-90 -2.31e-05 -2.31e-05 1.0e+00 9.9e-01 1.00e-01
39 3.1e-15 2.5e-86 1.2e-90 -2.31e-05 -2.31e-05 1.0e+00 9.9e-01 1.00e-01
40 3.1e-16 2.4e-86 1.3e-89 -2.31e-05 -2.31e-05 1.0e+00 9.9e-01 1.00e-01
41 3.1e-17 2.5e-86 1.0e-89 -2.31e-05 -2.31e-05 1.0e+00 9.9e-01 1.00e-01
42 3.1e-18 2.4e-86 4.1e-90 -2.31e-05 -2.31e-05 1.0e+00 9.9e-01 1.00e-01
43 3.1e-19 2.4e-86 8.8e-90 -2.31e-05 -2.31e-05 1.0e+00 9.9e-01 1.00e-01
44 3.1e-20 2.4e-86 1.1e-89 -2.31e-05 -2.31e-05 1.0e+00 9.9e-01 1.00e-01
45 3.1e-21 2.6e-86 3.5e-80 -2.31e-05 -2.31e-05 1.0e+00 9.9e-01 1.00e-01
46 3.1e-22 2.6e-86 1.8e-80 -2.31e-05 -2.31e-05 1.0e+00 9.9e-01 1.00e-01
47 3.1e-23 2.5e-86 2.1e-80 -2.31e-05 -2.31e-05 1.0e+00 9.9e-01 1.00e-01
48 3.1e-24 2.4e-86 5.5e-81 -2.31e-05 -2.31e-05 1.0e+00 9.9e-01 1.00e-01
49 3.1e-25 2.4e-86 2.6e-81 -2.31e-05 -2.31e-05 1.0e+00 9.9e-01 1.00e-01
50 3.1e-26 2.5e-86 6.4e-82 -2.31e-05 -2.31e-05 1.0e+00 9.9e-01 1.00e-01
51 3.1e-27 2.5e-86 1.9e-82 -2.31e-05 -2.31e-05 1.0e+00 9.9e-01 1.00e-01
52 3.1e-28 2.6e-86 1.1e-81 -2.31e-05 -2.31e-05 1.0e+00 9.9e-01 1.00e-01
53 3.1e-29 2.5e-86 5.6e-81 -2.31e-05 -2.31e-05 1.0e+00 9.9e-01 1.00e-01
54 3.1e-30 2.5e-86 9.7e-80 -2.31e-05 -2.31e-05 1.0e+00 9.9e-01 1.00e-01
55 3.1e-31 2.5e-86 7.0e-79 -2.31e-05 -2.31e-05 1.0e+00 9.9e-01 1.00e-01
56 3.1e-32 2.4e-86 4.1e-78 -2.31e-05 -2.31e-05 1.0e+00 9.9e-01 1.00e-01

phase.value = pdOPT     
   Iteration = 56
          mu = 3.1383862187461451e-32
relative gap = 3.7660634624953742e-31
         gap = 3.7660634624953742e-31
      digits = 2.5787952069752585e+01
objValPrimal = -2.3112115749064067e-05
objValDual   = -2.3112115749064067e-05
p.feas.error = 2.4181271954264445e-76
d.feas.error = 4.9484068287550621e-67
relative eps = 8.6361685550944446e-78
total time   = 0.110


Parameters are
maxIteration =    200
epsilonStar  = 1.000e-30
lambdaStar   = 1.000e+10
omegaStar    = 2.000e+00
lowerBound   = -1.000e+05
upperBound   = 1.000e+05
betaStar     = 1.000e-01
betaBar      = 3.000e-01
gammaStar    = 9.000e-01
epsilonDash  = 1.000e-30
precision    =    200

                         Time(sec)  Ratio(% : MainLoop) 
 Predictor time  =       0.040000,  36.363636
 Corrector time  =       0.020000,  18.181818
 Make bMat time  =       0.040000,  36.363636
 Make bDia time  =       0.000000,  0.000000
 Make bF1  time  =       0.030000,  27.272727
 Make bF2  time  =       0.010000,  9.090909
 Make bF3  time  =       0.000000,  0.000000
 Make bPRE time  =       0.020000,  18.181818
 Make rMat time  =       0.010000,  9.090909
 Make gVec Mul   =       0.000000,  0.000000
 Make gVec time  =       0.000000,  0.000000
 Cholesky bMat   =       0.000000,  0.000000
 Ste Pre time    =       0.000000,  0.000000
 Ste Cor time    =       0.050000,  45.454545
 solve           =       0.000000,  0.000000
 sumDz           =       0.000000,  0.000000
 makedX          =       0.010000,  9.090909
 symmetriseDx    =       0.000000,  0.000000
 makedXdZ        =       0.010000,  9.090909
 xMatTime        =       0.000000,  0.000000
 zMatTime        =       0.000000,  0.000000
 invzMatTime     =       0.000000,  0.000000
 xMatzMatTime    =       0.000000,  0.000000
 EigxMatTime     =       0.030000,  27.272727
 EigzMatTime     =       0.020000,  18.181818
 EigxMatzMatTime =       0.000000,  0.000000
 updateRes       =       0.000000,  0.000000
 EigTime         =       0.050000,  45.454545
 sub_total_bMat  =       0.070000,  63.636364
 Main Loop       =       0.110000,  100.000000
 File Check      =       0.000000,  0.000000
 File Change     =       0.000000,  0.000000
 File Read       =       0.000000,  0.000000
 Total           =       0.110000,  100.000000

xVec = 
{+2.311211574906e-05,+7.066194470921e-01,+6.886730600594e-01,+7.601755087349e-01,+8.925281476172e-01,+1.083997931431e+00,+1.344110881989e+00,+1.690900538450e+00}
xMat = 
{
{ {+9.999768878843e-01,+7.066194470921e-01,+6.886730600594e-01,+7.601755087349e-01,+8.925281476172e-01,+1.083997931431e+00 },
  {+7.066194470921e-01,+6.886499479437e-01,+7.601755087349e-01,+8.925281476172e-01,+1.083997931431e+00,+1.344110881989e+00 },
  {+6.886730600594e-01,+7.601755087349e-01,+8.925050355014e-01,+1.083997931431e+00,+1.344110881989e+00,+1.690900538450e+00 },
  {+7.601755087349e-01,+8.925281476172e-01,+1.083997931431e+00,+1.344087769873e+00,+1.690900538450e+00,+2.152348472715e+00 },
  {+8.925281476172e-01,+1.083997931431e+00,+1.344110881989e+00,+1.690900538450e+00,+2.152325360599e+00,+2.771949991903e+00 },
  {+1.083997931431e+00,+1.344110881989e+00,+1.690900538450e+00,+2.152348472715e+00,+2.771949991903e+00,+3.626648921549e+00 }   }
{ {+7.065963349764e-01,+6.886730600594e-01,+7.601755087349e-01,+8.925281476172e-01,+1.083997931431e+00,+1.344110881989e+00 },
  {+6.886730600594e-01,+7.601523966192e-01,+8.925281476172e-01,+1.083997931431e+00,+1.344110881989e+00,+1.690900538450e+00 },
  {+7.601755087349e-01,+8.925281476172e-01,+1.083974819315e+00,+1.344110881989e+00,+1.690900538450e+00,+2.152348472715e+00 },
  {+8.925281476172e-01,+1.083997931431e+00,+1.344110881989e+00,+1.690877426334e+00,+2.152348472715e+00,+2.771949991903e+00 },
  {+1.083997931431e+00,+1.344110881989e+00,+1.690900538450e+00,+2.152348472715e+00,+2.771926879787e+00,+3.626672033664e+00 },
  {+1.344110881989e+00,+1.690900538450e+00,+2.152348472715e+00,+2.771949991903e+00,+3.626672033664e+00,+4.967278339544e+00 }   }
}
yMat = 
{
{ {+5.702358987216e-05,-9.132819345666e-04,+3.082861302719e-03,-3.813704801374e-03,+1.882925113195e-03,-2.917364415913e-04 },
  {-9.132819345666e-04,+1.462699724580e-02,-4.937468056395e-02,+6.107976903372e-02,-3.015666838720e-02,+4.672410529703e-03 },
  {+3.082861302719e-03,-4.937468056395e-02,+1.666684583189e-01,-2.061799858358e-01,+1.017964140876e-01,-1.577212147448e-02 },
  {-3.813704801374e-03,+6.107976903372e-02,-2.061799858358e-01,+2.550583775001e-01,-1.259289455630e-01,+1.951116494993e-02 },
  {+1.882925113195e-03,-3.015666838720e-02,+1.017964140876e-01,-1.259289455630e-01,+6.217439115721e-02,-9.633168896205e-03 },
  {-2.917364415913e-04,+4.672410529703e-03,-1.577212147448e-02,+1.951116494993e-02,-9.633168896205e-03,+1.492542850129e-03 }   }
{ {+1.591675631548e-03,-1.022452431676e-02,+2.029532933673e-02,-1.595512943404e-02,+4.700923614055e-03,-2.728341701161e-04 },
  {-1.022452431676e-02,+6.567977509488e-02,-1.303720960522e-01,+1.024917424392e-01,-3.019755209572e-02,+1.752618153790e-03 },
  {+2.029532933673e-02,-1.303720960522e-01,+2.587841295815e-01,-2.034425859489e-01,+5.994110297540e-02,-3.478886795191e-03 },
  {-1.595512943404e-02,+1.024917424392e-01,-2.034425859489e-01,+1.599359506493e-01,-4.712256896767e-02,+2.734919359165e-03 },
  {+4.700923614055e-03,-3.019755209572e-02,+5.994110297540e-02,-4.712256896767e-02,+1.388391100999e-02,-8.058002319058e-04 },
  {-2.728341701161e-04,+1.752618153790e-03,-3.478886795191e-03,+2.734919359165e-03,-8.058002319058e-04,+4.676737075541e-05 }   }
}
    main loop time = 0.110000
        total time = 0.110000
  file   read time = 0.000000
