SDPA-GMP start at Wed Jun  5 23:35:13 2024
*SDP Scan Problem: V = x^2 - 2*x^4 + x^8
* K = 6; eval = 6.381909547738694; Domain = R+ with BCs: Neumann
data      is /Users/gorg/qmBoot/data/K=6_BC-Neumann_V_0.0_0.0_1.0_0.0_-2.0_0.0_0.0_0.0_1.0/e=6.381909547738694_K=6_D=R+.dat
parameter is ./param.sdpa
out       is /Users/gorg/qmBoot/data/K=6_BC-Neumann_V_0.0_0.0_1.0_0.0_-2.0_0.0_0.0_0.0_1.0/e=6.381909547738694_K=6_D=R+.out
DENSE computation
   mu      thetaP  thetaD  objP      objD      alphaP  alphaD  beta 
 0 1.0e+20 1.0e+00 1.0e+00 +0.00e+00 -2.49e+10 1.0e+00 9.0e-01 3.00e-01
 1 1.6e+19 8.6e-88 1.0e-01 +1.60e+10 -2.49e+09 9.0e-01 9.0e-01 3.00e-01
 2 2.5e+18 2.6e-87 1.0e-02 +2.46e+10 -2.49e+08 9.0e-01 9.0e-01 3.00e-01
 3 3.8e+17 1.7e-87 1.0e-03 +3.79e+10 -2.49e+07 9.0e-01 9.0e-01 3.00e-01
 4 5.8e+16 2.6e-87 1.0e-04 +5.84e+10 -2.49e+06 9.0e-01 9.0e-01 3.00e-01
 5 9.0e+15 3.5e-87 1.0e-05 +9.00e+10 -2.49e+05 9.0e-01 9.0e-01 3.00e-01
 6 1.4e+15 5.2e-87 1.0e-06 +1.39e+11 -2.49e+04 9.0e-01 9.0e-01 3.00e-01
 7 2.1e+14 6.0e-87 1.0e-07 +2.13e+11 -2.49e+03 9.0e-01 9.0e-01 3.00e-01
 8 3.3e+13 7.8e-87 1.0e-08 +3.29e+11 -2.49e+02 9.0e-01 9.0e-01 3.00e-01
 9 5.1e+12 7.8e-87 1.0e-09 +5.05e+11 -2.51e+01 9.0e-01 9.0e-01 3.00e-01
10 8.5e+11 8.6e-87 1.0e-10 +7.66e+11 -2.68e+00 8.8e-01 8.8e-01 3.00e-01
11 2.1e+11 9.5e-87 1.2e-11 +1.03e+12 -4.36e-01 1.9e+00 9.2e-01 3.00e-01
12 4.9e+10 1.0e-86 9.1e-13 +4.78e+11 -2.25e-01 1.2e+00 1.0e+00 3.00e-01
13 1.1e+10 1.3e-86 5.1e-94 +1.29e+11 -3.65e-01 9.7e-01 9.7e-01 1.00e-01
14 1.4e+09 1.3e-86 5.8e-94 +1.66e+10 -3.67e-01 9.9e-01 9.9e-01 1.00e-01
15 1.5e+08 1.5e-86 2.3e-93 +1.82e+09 -3.69e-01 1.0e+00 1.0e+00 1.00e-01
16 1.5e+07 1.7e-86 5.5e-93 +1.84e+08 -3.71e-01 1.0e+00 1.0e+00 1.00e-01
17 1.5e+06 1.7e-86 2.1e-92 +1.84e+07 -3.73e-01 1.0e+00 1.0e+00 1.00e-01
18 1.5e+05 2.0e-86 3.0e-92 +1.84e+06 -3.74e-01 1.0e+00 1.0e+00 1.00e-01
19 1.5e+04 2.1e-86 3.0e-91 +1.84e+05 -3.76e-01 1.0e+00 1.0e+00 1.00e-01
20 1.5e+03 1.9e-86 3.7e-91 +1.84e+04 -3.77e-01 1.0e+00 1.0e+00 1.00e-01
21 1.5e+02 2.2e-86 1.5e-90 +1.84e+03 -3.78e-01 1.0e+00 1.0e+00 1.00e-01
22 1.5e+01 2.4e-86 2.9e-90 +1.84e+02 -3.79e-01 1.0e+00 8.6e+01 1.00e-01
23 1.6e+00 2.6e-86 3.1e-87 +1.86e+01 -1.81e-01 9.8e-01 9.8e-01 1.00e-01
24 1.8e-01 2.5e-86 1.7e-88 +1.94e+00 -1.86e-01 9.2e-01 1.7e+00 1.00e-01
25 2.6e-02 2.6e-86 3.1e-88 +2.46e-01 -6.22e-02 8.9e-01 1.2e+00 1.00e-01
26 4.4e-03 2.6e-86 1.4e-88 +3.09e-02 -2.16e-02 8.9e-01 9.2e-01 1.00e-01
27 8.2e-04 2.8e-86 7.2e-89 +3.49e-03 -6.41e-03 9.2e-01 9.5e-01 1.00e-01
28 1.3e-04 2.8e-86 1.4e-89 +3.66e-04 -1.19e-03 9.3e-01 9.8e-01 1.00e-01
29 1.7e-05 2.8e-86 1.1e-89 +1.78e-05 -1.89e-04 1.0e+00 9.5e-01 1.00e-01
30 2.4e-06 2.6e-86 1.9e-89 -1.87e-05 -4.69e-05 1.0e+00 9.8e-01 1.00e-01
31 2.7e-07 2.6e-86 5.3e-89 -2.24e-05 -2.57e-05 1.0e+00 9.8e-01 1.00e-01
32 3.0e-08 2.6e-86 3.6e-88 -2.28e-05 -2.32e-05 1.0e+00 9.9e-01 1.00e-01
33 3.1e-09 2.6e-86 8.9e-90 -2.29e-05 -2.29e-05 1.0e+00 9.9e-01 1.00e-01
34 3.1e-10 2.6e-86 2.7e-90 -2.29e-05 -2.29e-05 1.0e+00 9.9e-01 1.00e-01
35 3.1e-11 2.5e-86 6.6e-90 -2.29e-05 -2.29e-05 1.0e+00 9.9e-01 1.00e-01
36 3.1e-12 2.5e-86 2.0e-90 -2.29e-05 -2.29e-05 1.0e+00 9.9e-01 1.00e-01
37 3.1e-13 2.6e-86 1.7e-90 -2.29e-05 -2.29e-05 1.0e+00 9.9e-01 1.00e-01
38 3.1e-14 2.6e-86 4.9e-91 -2.29e-05 -2.29e-05 1.0e+00 9.9e-01 1.00e-01
39 3.1e-15 2.6e-86 1.0e-90 -2.29e-05 -2.29e-05 1.0e+00 9.9e-01 1.00e-01
40 3.1e-16 2.6e-86 1.2e-90 -2.29e-05 -2.29e-05 1.0e+00 9.9e-01 1.00e-01
41 3.1e-17 2.6e-86 1.0e-89 -2.29e-05 -2.29e-05 1.0e+00 9.9e-01 1.00e-01
42 3.1e-18 2.5e-86 8.2e-90 -2.29e-05 -2.29e-05 1.0e+00 9.9e-01 1.00e-01
43 3.1e-19 2.7e-86 1.1e-89 -2.29e-05 -2.29e-05 1.0e+00 9.9e-01 1.00e-01
44 3.1e-20 2.5e-86 1.3e-89 -2.29e-05 -2.29e-05 1.0e+00 9.9e-01 1.00e-01
45 3.1e-21 2.6e-86 3.3e-80 -2.29e-05 -2.29e-05 1.0e+00 9.9e-01 1.00e-01
46 3.1e-22 2.7e-86 1.9e-80 -2.29e-05 -2.29e-05 1.0e+00 9.9e-01 1.00e-01
47 3.1e-23 2.6e-86 1.5e-80 -2.29e-05 -2.29e-05 1.0e+00 9.9e-01 1.00e-01
48 3.1e-24 2.6e-86 5.4e-81 -2.29e-05 -2.29e-05 1.0e+00 9.9e-01 1.00e-01
49 3.1e-25 2.5e-86 2.7e-81 -2.29e-05 -2.29e-05 1.0e+00 9.9e-01 1.00e-01
50 3.1e-26 2.5e-86 6.7e-82 -2.29e-05 -2.29e-05 1.0e+00 9.9e-01 1.00e-01
51 3.1e-27 2.6e-86 2.5e-82 -2.29e-05 -2.29e-05 1.0e+00 9.9e-01 1.00e-01
52 3.1e-28 2.7e-86 9.7e-82 -2.29e-05 -2.29e-05 1.0e+00 9.9e-01 1.00e-01
53 3.1e-29 2.5e-86 7.2e-81 -2.29e-05 -2.29e-05 1.0e+00 9.9e-01 1.00e-01
54 3.1e-30 2.5e-86 7.0e-80 -2.29e-05 -2.29e-05 1.0e+00 9.9e-01 1.00e-01
55 3.1e-31 2.7e-86 5.1e-79 -2.29e-05 -2.29e-05 1.0e+00 9.9e-01 1.00e-01
56 3.1e-32 2.7e-86 6.3e-78 -2.29e-05 -2.29e-05 1.0e+00 9.9e-01 1.00e-01

phase.value = pdOPT     
   Iteration = 56
          mu = 3.0869163420305458e-32
relative gap = 3.7042996104366550e-31
         gap = 3.7042996104366550e-31
      digits = 2.5790617381001372e+01
objValPrimal = -2.2873018800927667e-05
objValDual   = -2.2873018800927667e-05
p.feas.error = 2.6772122520792778e-76
d.feas.error = 7.6162683532168165e-67
relative eps = 8.6361685550944446e-78
total time   = 0.120


Parameters are
maxIteration =    200
epsilonStar  = 1.000e-30
lambdaStar   = 1.000e+10
omegaStar    = 2.000e+00
lowerBound   = -1.000e+05
upperBound   = 1.000e+05
betaStar     = 1.000e-01
betaBar      = 3.000e-01
gammaStar    = 9.000e-01
epsilonDash  = 1.000e-30
precision    =    200

                         Time(sec)  Ratio(% : MainLoop) 
 Predictor time  =       0.040000,  36.363636
 Corrector time  =       0.020000,  18.181818
 Make bMat time  =       0.020000,  18.181818
 Make bDia time  =       0.000000,  0.000000
 Make bF1  time  =       0.010000,  9.090909
 Make bF2  time  =       0.010000,  9.090909
 Make bF3  time  =       0.000000,  0.000000
 Make bPRE time  =       0.010000,  9.090909
 Make rMat time  =       0.010000,  9.090909
 Make gVec Mul   =       0.000000,  0.000000
 Make gVec time  =       0.000000,  0.000000
 Cholesky bMat   =       0.000000,  0.000000
 Ste Pre time    =       0.000000,  0.000000
 Ste Cor time    =       0.040000,  36.363636
 solve           =       0.000000,  0.000000
 sumDz           =       0.000000,  0.000000
 makedX          =       0.020000,  18.181818
 symmetriseDx    =       0.000000,  0.000000
 makedXdZ        =       0.020000,  18.181818
 xMatTime        =       0.010000,  9.090909
 zMatTime        =       0.000000,  0.000000
 invzMatTime     =       0.000000,  0.000000
 xMatzMatTime    =       0.000000,  0.000000
 EigxMatTime     =       0.020000,  18.181818
 EigzMatTime     =       0.020000,  18.181818
 EigxMatzMatTime =       0.000000,  0.000000
 updateRes       =       0.000000,  0.000000
 EigTime         =       0.040000,  36.363636
 sub_total_bMat  =       0.090000,  81.818182
 Main Loop       =       0.110000,  100.000000
 File Check      =       0.000000,  0.000000
 File Change     =       0.000000,  0.000000
 File Read       =       0.000000,  0.000000
 Total           =       0.120000,  109.090909

xVec = 
{+2.287301880093e-05,+6.998207425104e-01,+6.777593429038e-01,+7.434999472756e-01,+8.675956136210e-01,+1.047459002651e+00,+1.291432796646e+00,+1.615877216543e+00}
xMat = 
{
{ {+9.999771269812e-01,+6.998207425104e-01,+6.777593429038e-01,+7.434999472756e-01,+8.675956136210e-01,+1.047459002651e+00 },
  {+6.998207425104e-01,+6.777364698850e-01,+7.434999472756e-01,+8.675956136210e-01,+1.047459002651e+00,+1.291432796646e+00 },
  {+6.777593429038e-01,+7.434999472756e-01,+8.675727406022e-01,+1.047459002651e+00,+1.291432796646e+00,+1.615877216543e+00 },
  {+7.434999472756e-01,+8.675956136210e-01,+1.047459002651e+00,+1.291409923627e+00,+1.615877216543e+00,+2.046392908731e+00 },
  {+8.675956136210e-01,+1.047459002651e+00,+1.291432796646e+00,+1.615877216543e+00,+2.046370035713e+00,+2.622999305101e+00 },
  {+1.047459002651e+00,+1.291432796646e+00,+1.615877216543e+00,+2.046392908731e+00,+2.622999305101e+00,+3.417140266497e+00 }   }
{ {+6.997978694916e-01,+6.777593429038e-01,+7.434999472756e-01,+8.675956136210e-01,+1.047459002651e+00,+1.291432796646e+00 },
  {+6.777593429038e-01,+7.434770742568e-01,+8.675956136210e-01,+1.047459002651e+00,+1.291432796646e+00,+1.615877216543e+00 },
  {+7.434999472756e-01,+8.675956136210e-01,+1.047436129632e+00,+1.291432796646e+00,+1.615877216543e+00,+2.046392908731e+00 },
  {+8.675956136210e-01,+1.047459002651e+00,+1.291432796646e+00,+1.615854343524e+00,+2.046392908731e+00,+2.622999305101e+00 },
  {+1.047459002651e+00,+1.291432796646e+00,+1.615877216543e+00,+2.046392908731e+00,+2.622976432083e+00,+3.417163139516e+00 },
  {+1.291432796646e+00,+1.615877216543e+00,+2.046392908731e+00,+2.622999305101e+00,+3.417163139516e+00,+4.666471338152e+00 }   }
}
yMat = 
{
{ {+5.460658803963e-05,-8.846212798980e-04,+3.005344228378e-03,-3.737439578853e-03,+1.854237676970e-03,-2.886714344625e-04 },
  {-8.846212798980e-04,+1.433077650412e-02,-4.868627675313e-02,+6.054614841320e-02,-3.003846542923e-02,+4.676448446822e-03 },
  {+3.005344228378e-03,-4.868627675313e-02,+1.654030082321e-01,-2.056948231057e-01,+1.020503697554e-01,-1.588740590842e-02 },
  {-3.737439578853e-03,+6.054614841320e-02,-2.056948231057e-01,+2.558016368911e-01,-1.269096189910e-01,+1.975754360740e-02 },
  {+1.854237676970e-03,-3.003846542923e-02,+1.020503697554e-01,-1.269096189910e-01,+6.296305054258e-02,-9.802213785212e-03 },
  {-2.886714344625e-04,+4.676448446822e-03,-1.588740590842e-02,+1.975754360740e-02,-9.802213785212e-03,+1.526028269962e-03 }   }
{ {+1.544928785492e-03,-1.000567677659e-02,+1.997281390769e-02,-1.578064372772e-02,+4.671787442301e-03,-2.723886059297e-04 },
  {-1.000567677659e-02,+6.480141265916e-02,-1.293532246639e-01,+1.022027823865e-01,-3.025666655679e-02,+1.764115196865e-03 },
  {+1.997281390769e-02,-1.293532246639e-01,+2.582082094253e-01,-2.040119023461e-01,+6.039679115157e-02,-3.521435413659e-03 },
  {-1.578064372772e-02,+1.022027823865e-01,-2.040119023461e-01,+1.611910651157e-01,-4.771987802347e-02,+2.782307887609e-03 },
  {+4.671787442301e-03,-3.025666655679e-02,+6.039679115157e-02,-4.771987802347e-02,+1.412725176138e-02,-8.236895322029e-04 },
  {-2.723886059297e-04,+1.764115196865e-03,-3.521435413659e-03,+2.782307887609e-03,-8.236895322029e-04,+4.802522506999e-05 }   }
}
    main loop time = 0.110000
        total time = 0.120000
  file   read time = 0.000000
