SDPA-GMP start at Wed Jun  5 23:35:13 2024
*SDP Scan Problem: V = x^2 - 2*x^4 + x^8
* K = 6; eval = 7.085427135678394; Domain = R+ with BCs: Neumann
data      is /Users/gorg/qmBoot/data/K=6_BC-Neumann_V_0.0_0.0_1.0_0.0_-2.0_0.0_0.0_0.0_1.0/e=7.085427135678394_K=6_D=R+.dat
parameter is ./param.sdpa
out       is /Users/gorg/qmBoot/data/K=6_BC-Neumann_V_0.0_0.0_1.0_0.0_-2.0_0.0_0.0_0.0_1.0/e=7.085427135678394_K=6_D=R+.out
DENSE computation
   mu      thetaP  thetaD  objP      objD      alphaP  alphaD  beta 
 0 1.0e+20 1.0e+00 1.0e+00 +0.00e+00 -2.63e+10 1.0e+00 9.0e-01 3.00e-01
 1 1.6e+19 8.6e-88 1.0e-01 +1.60e+10 -2.63e+09 9.0e-01 9.0e-01 3.00e-01
 2 2.5e+18 1.7e-87 1.0e-02 +2.46e+10 -2.63e+08 9.0e-01 9.0e-01 3.00e-01
 3 3.8e+17 3.5e-87 1.0e-03 +3.79e+10 -2.63e+07 9.0e-01 9.0e-01 3.00e-01
 4 5.8e+16 4.3e-87 1.0e-04 +5.84e+10 -2.63e+06 9.0e-01 9.0e-01 3.00e-01
 5 9.0e+15 4.3e-87 1.0e-05 +9.00e+10 -2.63e+05 9.0e-01 9.0e-01 3.00e-01
 6 1.4e+15 2.6e-87 1.0e-06 +1.39e+11 -2.63e+04 9.0e-01 9.0e-01 3.00e-01
 7 2.1e+14 3.5e-87 1.0e-07 +2.13e+11 -2.63e+03 9.0e-01 9.0e-01 3.00e-01
 8 3.3e+13 3.5e-87 1.0e-08 +3.29e+11 -2.63e+02 9.0e-01 9.0e-01 3.00e-01
 9 5.1e+12 4.3e-87 1.0e-09 +5.05e+11 -2.65e+01 9.0e-01 9.0e-01 3.00e-01
10 8.5e+11 6.9e-87 1.0e-10 +7.66e+11 -2.83e+00 8.8e-01 8.8e-01 3.00e-01
11 2.1e+11 8.6e-87 1.2e-11 +1.03e+12 -4.57e-01 1.9e+00 9.2e-01 3.00e-01
12 4.9e+10 1.1e-86 9.3e-13 +4.75e+11 -2.34e-01 1.2e+00 1.0e+00 3.00e-01
13 1.1e+10 1.5e-86 7.7e-94 +1.26e+11 -3.85e-01 9.7e-01 9.7e-01 1.00e-01
14 1.4e+09 1.6e-86 7.2e-94 +1.64e+10 -3.87e-01 9.9e-01 9.9e-01 1.00e-01
15 1.5e+08 1.6e-86 1.7e-93 +1.81e+09 -3.89e-01 1.0e+00 1.0e+00 1.00e-01
16 1.5e+07 1.7e-86 8.1e-93 +1.83e+08 -3.91e-01 1.0e+00 1.0e+00 1.00e-01
17 1.5e+06 1.9e-86 2.0e-92 +1.83e+07 -3.93e-01 1.0e+00 1.0e+00 1.00e-01
18 1.5e+05 1.9e-86 5.5e-92 +1.83e+06 -3.95e-01 1.0e+00 1.0e+00 1.00e-01
19 1.5e+04 2.1e-86 3.3e-91 +1.83e+05 -3.96e-01 1.0e+00 1.0e+00 1.00e-01
20 1.5e+03 2.0e-86 5.4e-91 +1.83e+04 -3.97e-01 1.0e+00 1.0e+00 1.00e-01
21 1.5e+02 2.3e-86 2.4e-90 +1.83e+03 -3.98e-01 1.0e+00 1.0e+00 1.00e-01
22 1.5e+01 2.7e-86 7.0e-90 +1.83e+02 -3.99e-01 1.0e+00 8.0e+01 1.00e-01
23 1.6e+00 2.8e-86 2.5e-87 +1.85e+01 -1.85e-01 9.8e-01 9.8e-01 1.00e-01
24 1.8e-01 2.9e-86 1.4e-88 +1.93e+00 -1.91e-01 9.2e-01 1.6e+00 1.00e-01
25 2.6e-02 2.8e-86 3.4e-88 +2.44e-01 -6.58e-02 8.9e-01 1.1e+00 1.00e-01
26 4.5e-03 2.8e-86 1.4e-88 +3.05e-02 -2.30e-02 8.9e-01 9.1e-01 1.00e-01
27 8.4e-04 2.8e-86 7.2e-89 +3.42e-03 -6.69e-03 9.2e-01 9.4e-01 1.00e-01
28 1.3e-04 2.8e-86 2.1e-89 +3.60e-04 -1.25e-03 9.4e-01 9.8e-01 1.00e-01
29 1.7e-05 2.8e-86 9.0e-90 +1.70e-05 -1.92e-04 1.0e+00 9.5e-01 1.00e-01
30 2.4e-06 2.8e-86 1.0e-89 -1.91e-05 -4.74e-05 1.0e+00 9.8e-01 1.00e-01
31 2.8e-07 2.9e-86 4.4e-88 -2.29e-05 -2.62e-05 1.0e+00 9.8e-01 1.00e-01
32 3.1e-08 2.8e-86 1.6e-88 -2.32e-05 -2.36e-05 1.0e+00 9.9e-01 1.00e-01
33 3.2e-09 2.9e-86 1.3e-89 -2.33e-05 -2.33e-05 1.0e+00 9.9e-01 1.00e-01
34 3.2e-10 2.9e-86 2.1e-90 -2.33e-05 -2.33e-05 1.0e+00 9.9e-01 1.00e-01
35 3.2e-11 2.8e-86 7.2e-89 -2.33e-05 -2.33e-05 1.0e+00 9.9e-01 1.00e-01
36 3.2e-12 2.9e-86 4.3e-90 -2.33e-05 -2.33e-05 1.0e+00 9.9e-01 1.00e-01
37 3.2e-13 2.8e-86 2.0e-90 -2.33e-05 -2.33e-05 1.0e+00 9.9e-01 1.00e-01
38 3.2e-14 2.9e-86 2.2e-90 -2.33e-05 -2.33e-05 1.0e+00 9.9e-01 1.00e-01
39 3.2e-15 2.8e-86 1.5e-90 -2.33e-05 -2.33e-05 1.0e+00 9.9e-01 1.00e-01
40 3.2e-16 2.8e-86 1.3e-89 -2.33e-05 -2.33e-05 1.0e+00 9.9e-01 1.00e-01
41 3.2e-17 2.8e-86 1.0e-89 -2.33e-05 -2.33e-05 1.0e+00 9.9e-01 1.00e-01
42 3.2e-18 2.8e-86 1.1e-89 -2.33e-05 -2.33e-05 1.0e+00 9.9e-01 1.00e-01
43 3.2e-19 2.8e-86 5.8e-90 -2.33e-05 -2.33e-05 1.0e+00 9.9e-01 1.00e-01
44 3.2e-20 2.9e-86 1.1e-89 -2.33e-05 -2.33e-05 1.0e+00 9.9e-01 1.00e-01
45 3.2e-21 2.8e-86 3.7e-80 -2.33e-05 -2.33e-05 1.0e+00 9.9e-01 1.00e-01
46 3.2e-22 2.8e-86 2.5e-80 -2.33e-05 -2.33e-05 1.0e+00 9.9e-01 1.00e-01
47 3.2e-23 2.8e-86 1.5e-80 -2.33e-05 -2.33e-05 1.0e+00 9.9e-01 1.00e-01
48 3.2e-24 3.0e-86 8.6e-81 -2.33e-05 -2.33e-05 1.0e+00 9.9e-01 1.00e-01
49 3.2e-25 2.9e-86 2.6e-81 -2.33e-05 -2.33e-05 1.0e+00 9.9e-01 1.00e-01
50 3.2e-26 2.8e-86 4.9e-82 -2.33e-05 -2.33e-05 1.0e+00 9.9e-01 1.00e-01
51 3.2e-27 2.9e-86 2.2e-82 -2.33e-05 -2.33e-05 1.0e+00 9.9e-01 1.00e-01
52 3.2e-28 2.8e-86 8.9e-82 -2.33e-05 -2.33e-05 1.0e+00 9.9e-01 1.00e-01
53 3.2e-29 2.8e-86 7.0e-81 -2.33e-05 -2.33e-05 1.0e+00 9.9e-01 1.00e-01
54 3.2e-30 2.8e-86 4.6e-80 -2.33e-05 -2.33e-05 1.0e+00 9.9e-01 1.00e-01
55 3.2e-31 2.9e-86 4.1e-79 -2.33e-05 -2.33e-05 1.0e+00 9.9e-01 1.00e-01
56 3.2e-32 2.8e-86 9.3e-79 -2.33e-05 -2.33e-05 1.0e+00 9.9e-01 1.00e-01

phase.value = pdOPT     
   Iteration = 56
          mu = 3.1760950245385604e-32
relative gap = 3.8113140294462724e-31
         gap = 3.8113140294462724e-31
      digits = 2.5786032458477820e+01
objValPrimal = -2.3286659449808597e-05
objValDual   = -2.3286659449808597e-05
p.feas.error = 2.8499356231811667e-76
d.feas.error = 1.1139139448065365e-67
relative eps = 8.6361685550944446e-78
total time   = 0.110


Parameters are
maxIteration =    200
epsilonStar  = 1.000e-30
lambdaStar   = 1.000e+10
omegaStar    = 2.000e+00
lowerBound   = -1.000e+05
upperBound   = 1.000e+05
betaStar     = 1.000e-01
betaBar      = 3.000e-01
gammaStar    = 9.000e-01
epsilonDash  = 1.000e-30
precision    =    200

                         Time(sec)  Ratio(% : MainLoop) 
 Predictor time  =       0.030000,  27.272727
 Corrector time  =       0.030000,  27.272727
 Make bMat time  =       0.010000,  9.090909
 Make bDia time  =       0.000000,  0.000000
 Make bF1  time  =       0.010000,  9.090909
 Make bF2  time  =       0.000000,  0.000000
 Make bF3  time  =       0.000000,  0.000000
 Make bPRE time  =       0.000000,  0.000000
 Make rMat time  =       0.020000,  18.181818
 Make gVec Mul   =       0.000000,  0.000000
 Make gVec time  =       0.010000,  9.090909
 Cholesky bMat   =       0.010000,  9.090909
 Ste Pre time    =       0.000000,  0.000000
 Ste Cor time    =       0.030000,  27.272727
 solve           =       0.000000,  0.000000
 sumDz           =       0.000000,  0.000000
 makedX          =       0.010000,  9.090909
 symmetriseDx    =       0.000000,  0.000000
 makedXdZ        =       0.010000,  9.090909
 xMatTime        =       0.000000,  0.000000
 zMatTime        =       0.010000,  9.090909
 invzMatTime     =       0.000000,  0.000000
 xMatzMatTime    =       0.000000,  0.000000
 EigxMatTime     =       0.020000,  18.181818
 EigzMatTime     =       0.010000,  9.090909
 EigxMatzMatTime =       0.000000,  0.000000
 updateRes       =       0.010000,  9.090909
 EigTime         =       0.030000,  27.272727
 sub_total_bMat  =       0.100000,  90.909091
 Main Loop       =       0.110000,  100.000000
 File Check      =       0.000000,  0.000000
 File Change     =       0.000000,  0.000000
 File Read       =       0.000000,  0.000000
 Total           =       0.110000,  100.000000

xVec = 
{+2.328665944981e-05,+7.114087945209e-01,+6.964538375495e-01,+7.721798780286e-01,+9.106245077542e-01,+1.110711274834e+00,+1.382878164394e+00,+1.746450862888e+00}
xMat = 
{
{ {+9.999767133406e-01,+7.114087945209e-01,+6.964538375495e-01,+7.721798780286e-01,+9.106245077542e-01,+1.110711274834e+00 },
  {+7.114087945209e-01,+6.964305508900e-01,+7.721798780286e-01,+9.106245077542e-01,+1.110711274834e+00,+1.382878164394e+00 },
  {+6.964538375495e-01,+7.721798780286e-01,+9.106012210948e-01,+1.110711274834e+00,+1.382878164394e+00,+1.746450862888e+00 },
  {+7.721798780286e-01,+9.106245077542e-01,+1.110711274834e+00,+1.382854877735e+00,+1.746450862888e+00,+2.231253301421e+00 },
  {+9.106245077542e-01,+1.110711274834e+00,+1.382878164394e+00,+1.746450862888e+00,+2.231230014761e+00,+2.883473232860e+00 },
  {+1.110711274834e+00,+1.382878164394e+00,+1.746450862888e+00,+2.231253301421e+00,+2.883473232860e+00,+3.784305623467e+00 }   }
{ {+7.113855078614e-01,+6.964538375495e-01,+7.721798780286e-01,+9.106245077542e-01,+1.110711274834e+00,+1.382878164394e+00 },
  {+6.964538375495e-01,+7.721565913691e-01,+9.106245077542e-01,+1.110711274834e+00,+1.382878164394e+00,+1.746450862888e+00 },
  {+7.721798780286e-01,+9.106245077542e-01,+1.110687988175e+00,+1.382878164394e+00,+1.746450862888e+00,+2.231253301421e+00 },
  {+9.106245077542e-01,+1.110711274834e+00,+1.382878164394e+00,+1.746427576229e+00,+2.231253301421e+00,+2.883473232860e+00 },
  {+1.110711274834e+00,+1.382878164394e+00,+1.746450862888e+00,+2.231253301421e+00,+2.883449946201e+00,+3.784328910127e+00 },
  {+1.382878164394e+00,+1.746450862888e+00,+2.231253301421e+00,+2.883473232860e+00,+3.784328910127e+00,+5.194627187497e+00 }   }
}
yMat = 
{
{ {+5.879849532889e-05,-9.341549571139e-04,+3.138963855399e-03,-3.868518019876e-03,+1.903356507245e-03,-2.938889829796e-04 },
  {-9.341549571139e-04,+1.484128937347e-02,-4.986996060563e-02,+6.146067624244e-02,-3.023937783530e-02,+4.669130540772e-03 },
  {+3.138963855399e-03,-4.986996060563e-02,+1.675739154614e-01,-2.065212412397e-01,+1.016108872644e-01,-1.568929425681e-02 },
  {-3.868518019876e-03,+6.146067624244e-02,-2.065212412397e-01,+2.545206571426e-01,-1.252271661943e-01,+1.933578096072e-02 },
  {+1.903356507245e-03,-3.023937783530e-02,+1.016108872644e-01,-1.252271661943e-01,+6.161324322003e-02,-9.513432359668e-03 },
  {-2.938889829796e-04,+4.669130540772e-03,-1.568929425681e-02,+1.933578096072e-02,-9.513432359668e-03,+1.468927628737e-03 }   }
{ {+1.625687150184e-03,-1.038280815058e-02,+2.052709083232e-02,-1.607937676924e-02,+4.721303029519e-03,-2.731116552199e-04 },
  {-1.038280815058e-02,+6.631208537231e-02,-1.311007754335e-01,+1.026944724001e-01,-3.015363907544e-02,+1.744287589106e-03 },
  {+2.052709083232e-02,-1.311007754335e-01,+2.591897573838e-01,-2.030297326468e-01,+5.961455506544e-02,-3.448503454941e-03 },
  {-1.607937676924e-02,+1.026944724001e-01,-2.030297326468e-01,+1.590381994825e-01,-4.669755201349e-02,+2.701297850484e-03 },
  {+4.721303029519e-03,-3.015363907544e-02,+5.961455506544e-02,-4.669755201349e-02,+1.371155716770e-02,-7.931679136671e-04 },
  {-2.731116552199e-04,+1.744287589106e-03,-3.448503454941e-03,+2.701297850484e-03,-7.931679136671e-04,+4.588212203592e-05 }   }
}
    main loop time = 0.110000
        total time = 0.110000
  file   read time = 0.000000
