SDPA-GMP start at Wed Jun  5 23:35:13 2024
*SDP Scan Problem: V = x^2 - 2*x^4 + x^8
* K = 6; eval = 7.386934673366834; Domain = R+ with BCs: Neumann
data      is /Users/gorg/qmBoot/data/K=6_BC-Neumann_V_0.0_0.0_1.0_0.0_-2.0_0.0_0.0_0.0_1.0/e=7.386934673366834_K=6_D=R+.dat
parameter is ./param.sdpa
out       is /Users/gorg/qmBoot/data/K=6_BC-Neumann_V_0.0_0.0_1.0_0.0_-2.0_0.0_0.0_0.0_1.0/e=7.386934673366834_K=6_D=R+.out
DENSE computation
   mu      thetaP  thetaD  objP      objD      alphaP  alphaD  beta 
 0 1.0e+20 1.0e+00 1.0e+00 +0.00e+00 -2.69e+10 1.0e+00 9.0e-01 3.00e-01
 1 1.6e+19 8.6e-88 1.0e-01 +1.60e+10 -2.69e+09 9.0e-01 9.0e-01 3.00e-01
 2 2.5e+18 1.7e-87 1.0e-02 +2.46e+10 -2.69e+08 9.0e-01 9.0e-01 3.00e-01
 3 3.8e+17 2.6e-87 1.0e-03 +3.79e+10 -2.69e+07 9.0e-01 9.0e-01 3.00e-01
 4 5.8e+16 2.6e-87 1.0e-04 +5.84e+10 -2.69e+06 9.0e-01 9.0e-01 3.00e-01
 5 9.0e+15 5.2e-87 1.0e-05 +9.00e+10 -2.69e+05 9.0e-01 9.0e-01 3.00e-01
 6 1.4e+15 6.0e-87 1.0e-06 +1.39e+11 -2.69e+04 9.0e-01 9.0e-01 3.00e-01
 7 2.1e+14 6.9e-87 1.0e-07 +2.13e+11 -2.69e+03 9.0e-01 9.0e-01 3.00e-01
 8 3.3e+13 6.9e-87 1.0e-08 +3.29e+11 -2.69e+02 9.0e-01 9.0e-01 3.00e-01
 9 5.1e+12 8.6e-87 1.0e-09 +5.05e+11 -2.71e+01 9.0e-01 9.0e-01 3.00e-01
10 8.5e+11 7.8e-87 1.0e-10 +7.66e+11 -2.89e+00 8.8e-01 8.8e-01 3.00e-01
11 2.2e+11 7.8e-87 1.2e-11 +1.03e+12 -4.66e-01 1.9e+00 9.2e-01 3.00e-01
12 4.9e+10 8.6e-87 9.4e-13 +4.74e+11 -2.38e-01 1.2e+00 1.0e+00 3.00e-01
13 1.0e+10 1.2e-86 3.5e-94 +1.25e+11 -3.93e-01 9.7e-01 9.7e-01 1.00e-01
14 1.4e+09 1.4e-86 7.2e-94 +1.63e+10 -3.96e-01 9.9e-01 9.9e-01 1.00e-01
15 1.5e+08 1.4e-86 2.4e-93 +1.80e+09 -3.98e-01 1.0e+00 1.0e+00 1.00e-01
16 1.5e+07 1.5e-86 8.0e-93 +1.82e+08 -4.00e-01 1.0e+00 1.0e+00 1.00e-01
17 1.5e+06 1.7e-86 1.2e-92 +1.82e+07 -4.02e-01 1.0e+00 1.0e+00 1.00e-01
18 1.5e+05 1.7e-86 8.8e-92 +1.82e+06 -4.03e-01 1.0e+00 1.0e+00 1.00e-01
19 1.5e+04 2.0e-86 2.1e-91 +1.82e+05 -4.05e-01 1.0e+00 1.0e+00 1.00e-01
20 1.5e+03 2.1e-86 8.4e-91 +1.82e+04 -4.06e-01 1.0e+00 1.0e+00 1.00e-01
21 1.5e+02 2.2e-86 2.0e-90 +1.82e+03 -4.07e-01 1.0e+00 1.0e+00 1.00e-01
22 1.5e+01 2.3e-86 5.4e-90 +1.82e+02 -4.08e-01 1.0e+00 7.8e+01 1.00e-01
23 1.6e+00 2.5e-86 1.6e-87 +1.84e+01 -1.87e-01 9.8e-01 9.8e-01 1.00e-01
24 1.8e-01 2.8e-86 1.4e-88 +1.93e+00 -1.93e-01 9.2e-01 1.5e+00 1.00e-01
25 2.6e-02 2.6e-86 3.9e-88 +2.43e-01 -6.73e-02 8.9e-01 1.1e+00 1.00e-01
26 4.5e-03 2.7e-86 1.4e-88 +3.03e-02 -2.34e-02 9.0e-01 9.1e-01 1.00e-01
27 8.5e-04 2.7e-86 6.1e-89 +3.39e-03 -6.79e-03 9.2e-01 9.4e-01 1.00e-01
28 1.4e-04 2.7e-86 1.6e-89 +3.57e-04 -1.27e-03 9.5e-01 9.8e-01 1.00e-01
29 1.7e-05 2.7e-86 1.2e-89 +1.65e-05 -1.92e-04 1.0e+00 9.5e-01 1.00e-01
30 2.4e-06 2.6e-86 7.2e-89 -1.93e-05 -4.76e-05 1.0e+00 9.8e-01 1.00e-01
31 2.8e-07 2.6e-86 5.4e-89 -2.30e-05 -2.64e-05 1.0e+00 9.8e-01 1.00e-01
32 3.1e-08 2.6e-86 2.2e-88 -2.34e-05 -2.38e-05 1.0e+00 9.9e-01 1.00e-01
33 3.2e-09 2.5e-86 7.2e-89 -2.35e-05 -2.35e-05 1.0e+00 9.9e-01 1.00e-01
34 3.2e-10 2.6e-86 1.3e-90 -2.35e-05 -2.35e-05 1.0e+00 9.9e-01 1.00e-01
35 3.2e-11 2.8e-86 3.8e-90 -2.35e-05 -2.35e-05 1.0e+00 9.9e-01 1.00e-01
36 3.2e-12 2.6e-86 2.0e-90 -2.35e-05 -2.35e-05 1.0e+00 9.9e-01 1.00e-01
37 3.2e-13 2.6e-86 6.9e-91 -2.35e-05 -2.35e-05 1.0e+00 9.9e-01 1.00e-01
38 3.2e-14 2.6e-86 5.4e-91 -2.35e-05 -2.35e-05 1.0e+00 9.9e-01 1.00e-01
39 3.2e-15 2.5e-86 1.1e-90 -2.35e-05 -2.35e-05 1.0e+00 9.9e-01 1.00e-01
40 3.2e-16 2.5e-86 1.4e-90 -2.35e-05 -2.35e-05 1.0e+00 9.9e-01 1.00e-01
41 3.2e-17 2.6e-86 1.8e-90 -2.35e-05 -2.35e-05 1.0e+00 9.9e-01 1.00e-01
42 3.2e-18 2.6e-86 1.4e-90 -2.35e-05 -2.35e-05 1.0e+00 9.9e-01 1.00e-01
43 3.2e-19 2.7e-86 1.3e-90 -2.35e-05 -2.35e-05 1.0e+00 9.9e-01 1.00e-01
44 3.2e-20 2.7e-86 1.1e-89 -2.35e-05 -2.35e-05 1.0e+00 9.9e-01 1.00e-01
45 3.2e-21 2.6e-86 4.7e-80 -2.35e-05 -2.35e-05 1.0e+00 9.9e-01 1.00e-01
46 3.2e-22 2.7e-86 2.0e-80 -2.35e-05 -2.35e-05 1.0e+00 9.9e-01 1.00e-01
47 3.2e-23 2.7e-86 1.4e-80 -2.35e-05 -2.35e-05 1.0e+00 9.9e-01 1.00e-01
48 3.2e-24 2.6e-86 6.8e-81 -2.35e-05 -2.35e-05 1.0e+00 9.9e-01 1.00e-01
49 3.2e-25 2.6e-86 3.4e-81 -2.35e-05 -2.35e-05 1.0e+00 9.9e-01 1.00e-01
50 3.2e-26 2.6e-86 7.1e-82 -2.35e-05 -2.35e-05 1.0e+00 9.9e-01 1.00e-01
51 3.2e-27 2.8e-86 1.6e-82 -2.35e-05 -2.35e-05 1.0e+00 9.9e-01 1.00e-01
52 3.2e-28 2.5e-86 1.3e-81 -2.35e-05 -2.35e-05 1.0e+00 9.9e-01 1.00e-01
53 3.2e-29 2.6e-86 6.4e-81 -2.35e-05 -2.35e-05 1.0e+00 9.9e-01 1.00e-01
54 3.2e-30 2.5e-86 1.4e-79 -2.35e-05 -2.35e-05 1.0e+00 9.9e-01 1.00e-01
55 3.2e-31 2.7e-86 7.7e-79 -2.35e-05 -2.35e-05 1.0e+00 9.9e-01 1.00e-01
56 3.2e-32 2.7e-86 4.0e-78 -2.35e-05 -2.35e-05 1.0e+00 9.9e-01 1.00e-01

phase.value = pdOPT     
   Iteration = 56
          mu = 3.2135628986096584e-32
relative gap = 3.8562754783315901e-31
         gap = 3.8562754783315901e-31
      digits = 2.5784122369887044e+01
objValPrimal = -2.3457969681921325e-05
objValDual   = -2.3457969681921325e-05
p.feas.error = 2.6772122520792778e-76
d.feas.error = 4.7860474194902486e-67
relative eps = 8.6361685550944446e-78
total time   = 0.120


Parameters are
maxIteration =    200
epsilonStar  = 1.000e-30
lambdaStar   = 1.000e+10
omegaStar    = 2.000e+00
lowerBound   = -1.000e+05
upperBound   = 1.000e+05
betaStar     = 1.000e-01
betaBar      = 3.000e-01
gammaStar    = 9.000e-01
epsilonDash  = 1.000e-30
precision    =    200

                         Time(sec)  Ratio(% : MainLoop) 
 Predictor time  =       0.040000,  33.333333
 Corrector time  =       0.040000,  33.333333
 Make bMat time  =       0.040000,  33.333333
 Make bDia time  =       0.000000,  0.000000
 Make bF1  time  =       0.040000,  33.333333
 Make bF2  time  =       0.000000,  0.000000
 Make bF3  time  =       0.000000,  0.000000
 Make bPRE time  =       0.040000,  33.333333
 Make rMat time  =       0.020000,  16.666667
 Make gVec Mul   =       0.000000,  0.000000
 Make gVec time  =       0.000000,  0.000000
 Cholesky bMat   =       0.000000,  0.000000
 Ste Pre time    =       0.000000,  0.000000
 Ste Cor time    =       0.030000,  25.000000
 solve           =       0.000000,  0.000000
 sumDz           =       0.000000,  0.000000
 makedX          =       0.020000,  16.666667
 symmetriseDx    =       0.000000,  0.000000
 makedXdZ        =       0.020000,  16.666667
 xMatTime        =       0.000000,  0.000000
 zMatTime        =       0.010000,  8.333333
 invzMatTime     =       0.000000,  0.000000
 xMatzMatTime    =       0.000000,  0.000000
 EigxMatTime     =       0.030000,  25.000000
 EigzMatTime     =       0.000000,  0.000000
 EigxMatzMatTime =       0.000000,  0.000000
 updateRes       =       0.000000,  0.000000
 EigTime         =       0.030000,  25.000000
 sub_total_bMat  =       0.080000,  66.666667
 Main Loop       =       0.120000,  100.000000
 File Check      =       0.000000,  0.000000
 File Change     =       0.000000,  0.000000
 File Read       =       0.000000,  0.000000
 Total           =       0.120000,  100.000000

xVec = 
{+2.345796968192e-05,+7.159625914995e-01,+7.039249208643e-01,+7.837964609466e-01,+9.282515462140e-01,+1.136883274773e+00,+1.421061715331e+00,+1.801435598162e+00}
xMat = 
{
{ {+9.999765420303e-01,+7.159625914995e-01,+7.039249208643e-01,+7.837964609466e-01,+9.282515462140e-01,+1.136883274773e+00 },
  {+7.159625914995e-01,+7.039014628946e-01,+7.837964609466e-01,+9.282515462140e-01,+1.136883274773e+00,+1.421061715331e+00 },
  {+7.039249208643e-01,+7.837964609466e-01,+9.282280882443e-01,+1.136883274773e+00,+1.421061715331e+00,+1.801435598162e+00 },
  {+7.837964609466e-01,+9.282515462140e-01,+1.136883274773e+00,+1.421038257361e+00,+1.801435598162e+00,+2.309718821784e+00 },
  {+9.282515462140e-01,+1.136883274773e+00,+1.421061715331e+00,+1.801435598162e+00,+2.309695363815e+00,+2.994864259627e+00 },
  {+1.136883274773e+00,+1.421061715331e+00,+1.801435598162e+00,+2.309718821784e+00,+2.994864259627e+00,+3.942426996972e+00 }   }
{ {+7.159391335299e-01,+7.039249208643e-01,+7.837964609466e-01,+9.282515462140e-01,+1.136883274773e+00,+1.421061715331e+00 },
  {+7.039249208643e-01,+7.837730029769e-01,+9.282515462140e-01,+1.136883274773e+00,+1.421061715331e+00,+1.801435598162e+00 },
  {+7.837964609466e-01,+9.282515462140e-01,+1.136859816803e+00,+1.421061715331e+00,+1.801435598162e+00,+2.309718821784e+00 },
  {+9.282515462140e-01,+1.136883274773e+00,+1.421061715331e+00,+1.801412140192e+00,+2.309718821784e+00,+2.994864259627e+00 },
  {+1.136883274773e+00,+1.421061715331e+00,+1.801435598162e+00,+2.309718821784e+00,+2.994840801657e+00,+3.942450454941e+00 },
  {+1.421061715331e+00,+1.801435598162e+00,+2.309718821784e+00,+2.994864259627e+00,+3.942450454941e+00,+5.423476463280e+00 }   }
}
yMat = 
{
{ {+6.054312181489e-05,-9.545380849203e-04,+3.193469145631e-03,-3.921459372903e-03,+1.922936864306e-03,-2.959264183532e-04 },
  {-9.545380849203e-04,+1.504948750990e-02,-5.034903769652e-02,+6.182671470672e-02,-3.031750621465e-02,+4.665650336233e-03 },
  {+3.193469145631e-03,-5.034903769652e-02,+1.684459750074e-01,-2.068452887431e-01,+1.014291856957e-01,-1.560923616192e-02 },
  {-3.921459372903e-03,+6.182671470672e-02,-2.068452887431e-01,+2.539981942184e-01,-1.245512052234e-01,+1.916755185649e-02 },
  {+1.922936864306e-03,-3.031750621465e-02,+1.014291856957e-01,-1.245512052234e-01,+6.107524807543e-02,-9.399049832831e-03 },
  {-2.959264183532e-04,+4.665650336233e-03,-1.560923616192e-02,+1.916755185649e-02,-9.399049832831e-03,+1.446447465116e-03 }   }
{ {+1.658878802360e-03,-1.053654915048e-02,+2.075100297640e-02,-1.619849422163e-02,+4.740537526008e-03,-2.733448761917e-04 },
  {-1.053654915048e-02,+6.692403799632e-02,-1.318022525042e-01,+1.028864979691e-01,-3.011003972768e-02,+1.736179713025e-03 },
  {+2.075100297640e-02,-1.318022525042e-01,+2.595753974998e-01,-2.026278238821e-01,+5.929963549596e-02,-3.419285562855e-03 },
  {-1.619849422163e-02,+1.028864979691e-01,-2.026278238821e-01,+1.581738308278e-01,-4.629004217380e-02,+2.669137366277e-03 },
  {+4.740537526008e-03,-3.011003972768e-02,+5.929963549596e-02,-4.629004217380e-02,+1.354691855940e-02,-7.811309911762e-04 },
  {-2.733448761917e-04,+1.736179713025e-03,-3.419285562855e-03,+2.669137366277e-03,-7.811309911762e-04,+4.504091633092e-05 }   }
}
    main loop time = 0.120000
        total time = 0.120000
  file   read time = 0.000000
