SDPA-GMP start at Wed Jun  5 23:35:13 2024
*SDP Scan Problem: V = x^2 - 2*x^4 + x^8
* K = 6; eval = 7.5879396984924625; Domain = R+ with BCs: Neumann
data      is /Users/gorg/qmBoot/data/K=6_BC-Neumann_V_0.0_0.0_1.0_0.0_-2.0_0.0_0.0_0.0_1.0/e=7.5879396984924625_K=6_D=R+.dat
parameter is ./param.sdpa
out       is /Users/gorg/qmBoot/data/K=6_BC-Neumann_V_0.0_0.0_1.0_0.0_-2.0_0.0_0.0_0.0_1.0/e=7.5879396984924625_K=6_D=R+.out
DENSE computation
   mu      thetaP  thetaD  objP      objD      alphaP  alphaD  beta 
 0 1.0e+20 1.0e+00 1.0e+00 +0.00e+00 -2.73e+10 1.0e+00 9.0e-01 3.00e-01
 1 1.6e+19 8.6e-88 1.0e-01 +1.60e+10 -2.73e+09 9.0e-01 9.0e-01 3.00e-01
 2 2.5e+18 2.6e-87 1.0e-02 +2.46e+10 -2.73e+08 9.0e-01 9.0e-01 3.00e-01
 3 3.8e+17 3.5e-87 1.0e-03 +3.79e+10 -2.73e+07 9.0e-01 9.0e-01 3.00e-01
 4 5.8e+16 3.5e-87 1.0e-04 +5.84e+10 -2.73e+06 9.0e-01 9.0e-01 3.00e-01
 5 9.0e+15 3.5e-87 1.0e-05 +9.00e+10 -2.73e+05 9.0e-01 9.0e-01 3.00e-01
 6 1.4e+15 6.0e-87 1.0e-06 +1.39e+11 -2.73e+04 9.0e-01 9.0e-01 3.00e-01
 7 2.1e+14 6.9e-87 1.0e-07 +2.13e+11 -2.73e+03 9.0e-01 9.0e-01 3.00e-01
 8 3.3e+13 8.6e-87 1.0e-08 +3.29e+11 -2.73e+02 9.0e-01 9.0e-01 3.00e-01
 9 5.1e+12 1.0e-86 1.0e-09 +5.05e+11 -2.75e+01 9.0e-01 9.0e-01 3.00e-01
10 8.5e+11 1.1e-86 1.0e-10 +7.66e+11 -2.93e+00 8.8e-01 8.8e-01 3.00e-01
11 2.2e+11 1.2e-86 1.2e-11 +1.03e+12 -4.72e-01 1.9e+00 9.2e-01 3.00e-01
12 4.9e+10 1.2e-86 9.5e-13 +4.73e+11 -2.41e-01 1.2e+00 1.0e+00 3.00e-01
13 1.0e+10 1.6e-86 3.5e-94 +1.25e+11 -3.99e-01 9.7e-01 9.7e-01 1.00e-01
14 1.4e+09 1.5e-86 5.5e-94 +1.63e+10 -4.02e-01 9.9e-01 9.9e-01 1.00e-01
15 1.5e+08 1.6e-86 1.8e-93 +1.80e+09 -4.04e-01 1.0e+00 1.0e+00 1.00e-01
16 1.5e+07 2.1e-86 4.4e-93 +1.82e+08 -4.06e-01 1.0e+00 1.0e+00 1.00e-01
17 1.5e+06 2.1e-86 2.2e-92 +1.82e+07 -4.08e-01 1.0e+00 1.0e+00 1.00e-01
18 1.5e+05 2.2e-86 8.4e-92 +1.82e+06 -4.09e-01 1.0e+00 1.0e+00 1.00e-01
19 1.5e+04 2.3e-86 1.3e-91 +1.82e+05 -4.11e-01 1.0e+00 1.0e+00 1.00e-01
20 1.5e+03 2.3e-86 4.5e-91 +1.82e+04 -4.12e-01 1.0e+00 1.0e+00 1.00e-01
21 1.5e+02 2.8e-86 1.9e-90 +1.82e+03 -4.13e-01 1.0e+00 1.0e+00 1.00e-01
22 1.5e+01 2.7e-86 9.1e-90 +1.83e+02 -4.14e-01 1.0e+00 7.6e+01 1.00e-01
23 1.6e+00 2.8e-86 2.3e-87 +1.84e+01 -1.88e-01 9.8e-01 9.8e-01 1.00e-01
24 1.8e-01 2.8e-86 1.3e-88 +1.93e+00 -1.94e-01 9.2e-01 1.5e+00 1.00e-01
25 2.6e-02 2.8e-86 2.1e-88 +2.42e-01 -6.83e-02 8.9e-01 1.1e+00 1.00e-01
26 4.5e-03 2.9e-86 7.2e-89 +3.02e-02 -2.37e-02 9.0e-01 9.1e-01 1.00e-01
27 8.5e-04 2.8e-86 9.5e-89 +3.37e-03 -6.86e-03 9.3e-01 9.4e-01 1.00e-01
28 1.4e-04 2.9e-86 2.2e-89 +3.55e-04 -1.29e-03 9.5e-01 9.8e-01 1.00e-01
29 1.7e-05 3.0e-86 1.2e-89 +1.63e-05 -1.93e-04 1.0e+00 9.5e-01 1.00e-01
30 2.4e-06 3.0e-86 2.8e-89 -1.94e-05 -4.77e-05 1.0e+00 9.8e-01 1.00e-01
31 2.8e-07 2.9e-86 5.4e-89 -2.31e-05 -2.65e-05 1.0e+00 9.8e-01 1.00e-01
32 3.1e-08 2.9e-86 4.0e-88 -2.35e-05 -2.39e-05 1.0e+00 9.9e-01 1.00e-01
33 3.2e-09 3.0e-86 5.7e-90 -2.36e-05 -2.36e-05 1.0e+00 9.9e-01 1.00e-01
34 3.2e-10 2.9e-86 7.2e-89 -2.36e-05 -2.36e-05 1.0e+00 9.9e-01 1.00e-01
35 3.2e-11 2.8e-86 2.7e-90 -2.36e-05 -2.36e-05 1.0e+00 9.9e-01 1.00e-01
36 3.2e-12 2.8e-86 3.1e-90 -2.36e-05 -2.36e-05 1.0e+00 9.9e-01 1.00e-01
37 3.2e-13 2.9e-86 2.8e-90 -2.36e-05 -2.36e-05 1.0e+00 9.9e-01 1.00e-01
38 3.2e-14 2.8e-86 2.6e-90 -2.36e-05 -2.36e-05 1.0e+00 9.9e-01 1.00e-01
39 3.2e-15 2.9e-86 5.0e-91 -2.36e-05 -2.36e-05 1.0e+00 9.9e-01 1.00e-01
40 3.2e-16 2.9e-86 1.2e-90 -2.36e-05 -2.36e-05 1.0e+00 9.9e-01 1.00e-01
41 3.2e-17 2.8e-86 2.3e-90 -2.36e-05 -2.36e-05 1.0e+00 9.9e-01 1.00e-01
42 3.2e-18 2.9e-86 1.7e-90 -2.36e-05 -2.36e-05 1.0e+00 9.9e-01 1.00e-01
43 3.2e-19 3.0e-86 1.3e-89 -2.36e-05 -2.36e-05 1.0e+00 9.9e-01 1.00e-01
44 3.2e-20 2.9e-86 1.4e-89 -2.36e-05 -2.36e-05 1.0e+00 9.9e-01 1.00e-01
45 3.2e-21 2.9e-86 6.0e-80 -2.36e-05 -2.36e-05 1.0e+00 9.9e-01 1.00e-01
46 3.2e-22 2.9e-86 2.3e-80 -2.36e-05 -2.36e-05 1.0e+00 9.9e-01 1.00e-01
47 3.2e-23 3.0e-86 2.0e-80 -2.36e-05 -2.36e-05 1.0e+00 9.9e-01 1.00e-01
48 3.2e-24 2.9e-86 7.5e-81 -2.36e-05 -2.36e-05 1.0e+00 9.9e-01 1.00e-01
49 3.2e-25 2.9e-86 3.7e-81 -2.36e-05 -2.36e-05 1.0e+00 9.9e-01 1.00e-01
50 3.2e-26 3.0e-86 9.2e-82 -2.36e-05 -2.36e-05 1.0e+00 9.9e-01 1.00e-01
51 3.2e-27 2.9e-86 3.5e-82 -2.36e-05 -2.36e-05 1.0e+00 9.9e-01 1.00e-01
52 3.2e-28 3.0e-86 3.3e-82 -2.36e-05 -2.36e-05 1.0e+00 9.9e-01 1.00e-01
53 3.2e-29 3.0e-86 1.2e-80 -2.36e-05 -2.36e-05 1.0e+00 9.9e-01 1.00e-01
54 3.2e-30 3.0e-86 4.5e-80 -2.36e-05 -2.36e-05 1.0e+00 9.9e-01 1.00e-01
55 3.2e-31 3.0e-86 7.9e-79 -2.36e-05 -2.36e-05 1.0e+00 9.9e-01 1.00e-01
56 3.2e-32 2.8e-86 1.7e-78 -2.36e-05 -2.36e-05 1.0e+00 9.9e-01 1.00e-01

phase.value = pdOPT     
   Iteration = 56
          mu = 3.2496323819216362e-32
relative gap = 3.8995588583059635e-31
         gap = 3.8995588583059635e-31
      digits = 2.5781356712828046e+01
objValPrimal = -2.3570684383826193e-05
objValDual   = -2.3570684383826193e-05
p.feas.error = 2.8499356231811667e-76
d.feas.error = 2.0902760276654275e-67
relative eps = 8.6361685550944446e-78
total time   = 0.110


Parameters are
maxIteration =    200
epsilonStar  = 1.000e-30
lambdaStar   = 1.000e+10
omegaStar    = 2.000e+00
lowerBound   = -1.000e+05
upperBound   = 1.000e+05
betaStar     = 1.000e-01
betaBar      = 3.000e-01
gammaStar    = 9.000e-01
epsilonDash  = 1.000e-30
precision    =    200

                         Time(sec)  Ratio(% : MainLoop) 
 Predictor time  =       0.050000,  45.454545
 Corrector time  =       0.000000,  0.000000
 Make bMat time  =       0.040000,  36.363636
 Make bDia time  =       0.000000,  0.000000
 Make bF1  time  =       0.000000,  0.000000
 Make bF2  time  =       0.040000,  36.363636
 Make bF3  time  =       0.000000,  0.000000
 Make bPRE time  =       0.000000,  0.000000
 Make rMat time  =       0.000000,  0.000000
 Make gVec Mul   =       0.000000,  0.000000
 Make gVec time  =       0.000000,  0.000000
 Cholesky bMat   =       0.010000,  9.090909
 Ste Pre time    =       0.000000,  0.000000
 Ste Cor time    =       0.040000,  36.363636
 solve           =       0.000000,  0.000000
 sumDz           =       0.000000,  0.000000
 makedX          =       0.000000,  0.000000
 symmetriseDx    =       0.000000,  0.000000
 makedXdZ        =       0.000000,  0.000000
 xMatTime        =       0.010000,  9.090909
 zMatTime        =       0.000000,  0.000000
 invzMatTime     =       0.000000,  0.000000
 xMatzMatTime    =       0.000000,  0.000000
 EigxMatTime     =       0.020000,  18.181818
 EigzMatTime     =       0.020000,  18.181818
 EigxMatzMatTime =       0.000000,  0.000000
 updateRes       =       0.000000,  0.000000
 EigTime         =       0.040000,  36.363636
 sub_total_bMat  =       0.070000,  63.636364
 Main Loop       =       0.110000,  100.000000
 File Check      =       0.000000,  0.000000
 File Change     =       0.000000,  0.000000
 File Read       =       0.000000,  0.000000
 Total           =       0.110000,  100.000000

xVec = 
{+2.357068438383e-05,+7.188789947733e-01,+7.087477158458e-01,+7.913417855651e-01,+9.397604754033e-01,+1.154050170069e+00,+1.446213149045e+00,+1.837796931284e+00}
xMat = 
{
{ {+9.999764293156e-01,+7.188789947733e-01,+7.087477158458e-01,+7.913417855651e-01,+9.397604754033e-01,+1.154050170069e+00 },
  {+7.188789947733e-01,+7.087241451614e-01,+7.913417855651e-01,+9.397604754033e-01,+1.154050170069e+00,+1.446213149045e+00 },
  {+7.087477158458e-01,+7.913417855651e-01,+9.397369047189e-01,+1.154050170069e+00,+1.446213149045e+00,+1.837796931284e+00 },
  {+7.913417855651e-01,+9.397604754033e-01,+1.154050170069e+00,+1.446189578361e+00,+1.837796931284e+00,+2.361801423844e+00 },
  {+9.397604754033e-01,+1.154050170069e+00,+1.446213149045e+00,+1.837796931284e+00,+2.361777853160e+00,+3.069062977880e+00 },
  {+1.154050170069e+00,+1.446213149045e+00,+1.837796931284e+00,+2.361801423844e+00,+3.069062977880e+00,+4.048104197413e+00 }   }
{ {+7.188554240890e-01,+7.087477158458e-01,+7.913417855651e-01,+9.397604754033e-01,+1.154050170069e+00,+1.446213149045e+00 },
  {+7.087477158458e-01,+7.913182148807e-01,+9.397604754033e-01,+1.154050170069e+00,+1.446213149045e+00,+1.837796931284e+00 },
  {+7.913417855651e-01,+9.397604754033e-01,+1.154026599385e+00,+1.446213149045e+00,+1.837796931284e+00,+2.361801423844e+00 },
  {+9.397604754033e-01,+1.154050170069e+00,+1.446213149045e+00,+1.837773360599e+00,+2.361801423844e+00,+3.069062977880e+00 },
  {+1.154050170069e+00,+1.446213149045e+00,+1.837796931284e+00,+2.361801423844e+00,+3.069039407196e+00,+4.048127768098e+00 },
  {+1.446213149045e+00,+1.837796931284e+00,+2.361801423844e+00,+3.069062977880e+00,+4.048127768098e+00,+5.576876590911e+00 }   }
}
yMat = 
{
{ {+6.169025020024e-05,-9.678717743637e-04,+3.228976212088e-03,-3.955781707787e-03,+1.935548756421e-03,-2.972249311021e-04 },
  {-9.678717743637e-04,+1.518515111495e-02,-5.066011121089e-02,+6.206312096455e-02,-3.036724609097e-02,+4.663226693313e-03 },
  {+3.228976212088e-03,-5.066011121089e-02,+1.690102948908e-01,-2.070525730273e-01,+1.013100266498e-01,-1.555727572920e-02 },
  {-3.955781707787e-03,+6.206312096455e-02,-2.070525730273e-01,+2.536577314708e-01,-1.241137512058e-01,+1.905903998987e-02 },
  {+1.935548756421e-03,-3.036724609097e-02,+1.013100266498e-01,-1.241137512058e-01,+6.072838051914e-02,-9.325514873169e-03 },
  {-2.972249311021e-04,+4.663226693313e-03,-1.555727572920e-02,+1.905903998987e-02,-9.325514873169e-03,+1.432036008638e-03 }   }
{ {+1.680581732041e-03,-1.063670114277e-02,+2.089623588407e-02,-1.627526593781e-02,+4.752771091894e-03,-2.734776010364e-04 },
  {-1.063670114277e-02,+6.732157623966e-02,-1.322559991401e-01,+1.030090572205e-01,-3.008113484791e-02,+1.730888451306e-03 },
  {+2.089623588407e-02,-1.322559991401e-01,+2.598223375855e-01,-2.023655200031e-01,+5.909562382221e-02,-3.400401391561e-03 },
  {-1.627526593781e-02,+1.030090572205e-01,-2.023655200031e-01,+1.576146380126e-01,-4.602728447378e-02,+2.648440477510e-03 },
  {+4.752771091894e-03,-3.008113484791e-02,+5.909562382221e-02,-4.602728447378e-02,+1.344107972928e-02,-7.734086427964e-04 },
  {-2.734776010364e-04,+1.730888451306e-03,-3.400401391561e-03,+2.648440477510e-03,-7.734086427964e-04,+4.450244629150e-05 }   }
}
    main loop time = 0.110000
        total time = 0.110000
  file   read time = 0.000000
