SDPA-GMP start at Wed Jun  5 23:35:13 2024
*SDP Scan Problem: V = x^2 - 2*x^4 + x^8
* K = 6; eval = 7.48743718592965; Domain = R+ with BCs: Neumann
data      is /Users/gorg/qmBoot/data/K=6_BC-Neumann_V_0.0_0.0_1.0_0.0_-2.0_0.0_0.0_0.0_1.0/e=7.48743718592965_K=6_D=R+.dat
parameter is ./param.sdpa
out       is /Users/gorg/qmBoot/data/K=6_BC-Neumann_V_0.0_0.0_1.0_0.0_-2.0_0.0_0.0_0.0_1.0/e=7.48743718592965_K=6_D=R+.out
DENSE computation
   mu      thetaP  thetaD  objP      objD      alphaP  alphaD  beta 
 0 1.0e+20 1.0e+00 1.0e+00 +0.00e+00 -2.71e+10 1.0e+00 9.0e-01 3.00e-01
 1 1.6e+19 8.6e-88 1.0e-01 +1.60e+10 -2.71e+09 9.0e-01 9.0e-01 3.00e-01
 2 2.5e+18 2.6e-87 1.0e-02 +2.46e+10 -2.71e+08 9.0e-01 9.0e-01 3.00e-01
 3 3.8e+17 2.6e-87 1.0e-03 +3.79e+10 -2.71e+07 9.0e-01 9.0e-01 3.00e-01
 4 5.8e+16 2.6e-87 1.0e-04 +5.84e+10 -2.71e+06 9.0e-01 9.0e-01 3.00e-01
 5 9.0e+15 3.5e-87 1.0e-05 +9.00e+10 -2.71e+05 9.0e-01 9.0e-01 3.00e-01
 6 1.4e+15 3.5e-87 1.0e-06 +1.39e+11 -2.71e+04 9.0e-01 9.0e-01 3.00e-01
 7 2.1e+14 2.6e-87 1.0e-07 +2.13e+11 -2.71e+03 9.0e-01 9.0e-01 3.00e-01
 8 3.3e+13 2.6e-87 1.0e-08 +3.29e+11 -2.71e+02 9.0e-01 9.0e-01 3.00e-01
 9 5.1e+12 4.3e-87 1.0e-09 +5.05e+11 -2.73e+01 9.0e-01 9.0e-01 3.00e-01
10 8.5e+11 4.3e-87 1.0e-10 +7.66e+11 -2.91e+00 8.8e-01 8.8e-01 3.00e-01
11 2.2e+11 6.0e-87 1.2e-11 +1.03e+12 -4.69e-01 1.9e+00 9.2e-01 3.00e-01
12 4.9e+10 6.0e-87 9.4e-13 +4.73e+11 -2.39e-01 1.2e+00 1.0e+00 3.00e-01
13 1.0e+10 7.8e-87 7.2e-94 +1.25e+11 -3.96e-01 9.7e-01 9.7e-01 1.00e-01
14 1.4e+09 7.8e-87 5.7e-94 +1.63e+10 -3.99e-01 9.9e-01 9.9e-01 1.00e-01
15 1.5e+08 1.4e-86 1.6e-93 +1.80e+09 -4.01e-01 1.0e+00 1.0e+00 1.00e-01
16 1.5e+07 1.5e-86 7.4e-93 +1.82e+08 -4.03e-01 1.0e+00 1.0e+00 1.00e-01
17 1.5e+06 1.6e-86 1.9e-92 +1.82e+07 -4.05e-01 1.0e+00 1.0e+00 1.00e-01
18 1.5e+05 1.6e-86 7.6e-92 +1.82e+06 -4.06e-01 1.0e+00 1.0e+00 1.00e-01
19 1.5e+04 2.0e-86 2.8e-91 +1.82e+05 -4.08e-01 1.0e+00 1.0e+00 1.00e-01
20 1.5e+03 1.9e-86 6.5e-91 +1.82e+04 -4.09e-01 1.0e+00 1.0e+00 1.00e-01
21 1.5e+02 2.0e-86 1.3e-90 +1.82e+03 -4.10e-01 1.0e+00 1.0e+00 1.00e-01
22 1.5e+01 2.3e-86 8.4e-90 +1.82e+02 -4.11e-01 1.0e+00 7.7e+01 1.00e-01
23 1.6e+00 2.4e-86 1.8e-87 +1.84e+01 -1.87e-01 9.8e-01 9.8e-01 1.00e-01
24 1.8e-01 2.6e-86 1.4e-88 +1.93e+00 -1.93e-01 9.2e-01 1.5e+00 1.00e-01
25 2.6e-02 2.5e-86 3.4e-88 +2.43e-01 -6.78e-02 8.9e-01 1.1e+00 1.00e-01
26 4.5e-03 2.6e-86 1.4e-88 +3.03e-02 -2.36e-02 9.0e-01 9.1e-01 1.00e-01
27 8.5e-04 2.5e-86 6.1e-89 +3.38e-03 -6.83e-03 9.2e-01 9.4e-01 1.00e-01
28 1.4e-04 2.5e-86 2.0e-89 +3.56e-04 -1.28e-03 9.5e-01 9.8e-01 1.00e-01
29 1.7e-05 2.4e-86 7.2e-89 +1.64e-05 -1.93e-04 1.0e+00 9.5e-01 1.00e-01
30 2.4e-06 2.4e-86 4.1e-89 -1.93e-05 -4.77e-05 1.0e+00 9.8e-01 1.00e-01
31 2.8e-07 2.4e-86 9.9e-89 -2.31e-05 -2.64e-05 1.0e+00 9.8e-01 1.00e-01
32 3.1e-08 2.4e-86 2.4e-88 -2.35e-05 -2.38e-05 1.0e+00 9.9e-01 1.00e-01
33 3.2e-09 2.5e-86 7.2e-89 -2.35e-05 -2.35e-05 1.0e+00 9.9e-01 1.00e-01
34 3.2e-10 2.4e-86 9.8e-90 -2.35e-05 -2.35e-05 1.0e+00 9.9e-01 1.00e-01
35 3.2e-11 2.5e-86 2.3e-90 -2.35e-05 -2.35e-05 1.0e+00 9.9e-01 1.00e-01
36 3.2e-12 2.4e-86 3.2e-90 -2.35e-05 -2.35e-05 1.0e+00 9.9e-01 1.00e-01
37 3.2e-13 2.4e-86 1.3e-90 -2.35e-05 -2.35e-05 1.0e+00 9.9e-01 1.00e-01
38 3.2e-14 2.3e-86 6.7e-90 -2.35e-05 -2.35e-05 1.0e+00 9.9e-01 1.00e-01
39 3.2e-15 2.5e-86 1.3e-89 -2.35e-05 -2.35e-05 1.0e+00 9.9e-01 1.00e-01
40 3.2e-16 2.4e-86 1.5e-89 -2.35e-05 -2.35e-05 1.0e+00 9.9e-01 1.00e-01
41 3.2e-17 2.5e-86 1.1e-89 -2.35e-05 -2.35e-05 1.0e+00 9.9e-01 1.00e-01
42 3.2e-18 2.4e-86 3.7e-90 -2.35e-05 -2.35e-05 1.0e+00 9.9e-01 1.00e-01
43 3.2e-19 2.4e-86 9.4e-90 -2.35e-05 -2.35e-05 1.0e+00 9.9e-01 1.00e-01
44 3.2e-20 2.5e-86 6.3e-90 -2.35e-05 -2.35e-05 1.0e+00 9.9e-01 1.00e-01
45 3.2e-21 2.4e-86 4.4e-80 -2.35e-05 -2.35e-05 1.0e+00 9.9e-01 1.00e-01
46 3.2e-22 2.4e-86 2.1e-80 -2.35e-05 -2.35e-05 1.0e+00 9.9e-01 1.00e-01
47 3.2e-23 2.4e-86 1.6e-80 -2.35e-05 -2.35e-05 1.0e+00 9.9e-01 1.00e-01
48 3.2e-24 2.5e-86 9.4e-81 -2.35e-05 -2.35e-05 1.0e+00 9.9e-01 1.00e-01
49 3.2e-25 2.5e-86 4.2e-81 -2.35e-05 -2.35e-05 1.0e+00 9.9e-01 1.00e-01
50 3.2e-26 2.4e-86 1.1e-81 -2.35e-05 -2.35e-05 1.0e+00 9.9e-01 1.00e-01
51 3.2e-27 2.4e-86 1.9e-82 -2.35e-05 -2.35e-05 1.0e+00 9.9e-01 1.00e-01
52 3.2e-28 2.5e-86 5.1e-82 -2.35e-05 -2.35e-05 1.0e+00 9.9e-01 1.00e-01
53 3.2e-29 2.4e-86 7.0e-81 -2.35e-05 -2.35e-05 1.0e+00 9.9e-01 1.00e-01
54 3.2e-30 2.5e-86 9.1e-80 -2.35e-05 -2.35e-05 1.0e+00 9.9e-01 1.00e-01
55 3.2e-31 2.4e-86 8.8e-79 -2.35e-05 -2.35e-05 1.0e+00 9.9e-01 1.00e-01
56 3.2e-32 2.4e-86 7.8e-78 -2.35e-05 -2.35e-05 1.0e+00 9.9e-01 1.00e-01

phase.value = pdOPT     
   Iteration = 56
          mu = 3.2303309348812761e-32
relative gap = 3.8763971218575313e-31
         gap = 3.8763971218575313e-31
      digits = 2.5782906801767709e+01
objValPrimal = -2.3514462946030718e-05
objValDual   = -2.3514462946030718e-05
p.feas.error = 2.4181271954264445e-76
d.feas.error = 9.4180831966742343e-67
relative eps = 8.6361685550944446e-78
total time   = 0.110


Parameters are
maxIteration =    200
epsilonStar  = 1.000e-30
lambdaStar   = 1.000e+10
omegaStar    = 2.000e+00
lowerBound   = -1.000e+05
upperBound   = 1.000e+05
betaStar     = 1.000e-01
betaBar      = 3.000e-01
gammaStar    = 9.000e-01
epsilonDash  = 1.000e-30
precision    =    200

                         Time(sec)  Ratio(% : MainLoop) 
 Predictor time  =       0.040000,  36.363636
 Corrector time  =       0.030000,  27.272727
 Make bMat time  =       0.020000,  18.181818
 Make bDia time  =       0.000000,  0.000000
 Make bF1  time  =       0.010000,  9.090909
 Make bF2  time  =       0.010000,  9.090909
 Make bF3  time  =       0.000000,  0.000000
 Make bPRE time  =       0.010000,  9.090909
 Make rMat time  =       0.020000,  18.181818
 Make gVec Mul   =       0.000000,  0.000000
 Make gVec time  =       0.000000,  0.000000
 Cholesky bMat   =       0.000000,  0.000000
 Ste Pre time    =       0.000000,  0.000000
 Ste Cor time    =       0.030000,  27.272727
 solve           =       0.000000,  0.000000
 sumDz           =       0.010000,  9.090909
 makedX          =       0.020000,  18.181818
 symmetriseDx    =       0.000000,  0.000000
 makedXdZ        =       0.030000,  27.272727
 xMatTime        =       0.010000,  9.090909
 zMatTime        =       0.000000,  0.000000
 invzMatTime     =       0.000000,  0.000000
 xMatzMatTime    =       0.000000,  0.000000
 EigxMatTime     =       0.020000,  18.181818
 EigzMatTime     =       0.010000,  9.090909
 EigxMatzMatTime =       0.000000,  0.000000
 updateRes       =       0.000000,  0.000000
 EigTime         =       0.030000,  27.272727
 sub_total_bMat  =       0.090000,  81.818182
 Main Loop       =       0.110000,  100.000000
 File Check      =       0.000000,  0.000000
 File Change     =       0.000000,  0.000000
 File Read       =       0.000000,  0.000000
 Total           =       0.110000,  100.000000

xVec = 
{+2.351446294603e-05,+7.174322169276e-01,+7.063514635952e-01,+7.875882772895e-01,+9.340294101371e-01,+1.145493925140e+00,+1.433666931494e+00,+1.819644897608e+00}
xMat = 
{
{ {+9.999764855371e-01,+7.174322169276e-01,+7.063514635952e-01,+7.875882772895e-01,+9.340294101371e-01,+1.145493925140e+00 },
  {+7.174322169276e-01,+7.063279491323e-01,+7.875882772895e-01,+9.340294101371e-01,+1.145493925140e+00,+1.433666931494e+00 },
  {+7.063514635952e-01,+7.875882772895e-01,+9.340058956742e-01,+1.145493925140e+00,+1.433666931494e+00,+1.819644897608e+00 },
  {+7.875882772895e-01,+9.340294101371e-01,+1.145493925140e+00,+1.433643417031e+00,+1.819644897608e+00,+2.335782143912e+00 },
  {+9.340294101371e-01,+1.145493925140e+00,+1.433666931494e+00,+1.819644897608e+00,+2.335758629449e+00,+3.031969292412e+00 },
  {+1.145493925140e+00,+1.433666931494e+00,+1.819644897608e+00,+2.335782143912e+00,+3.031969292412e+00,+3.995239102533e+00 }   }
{ {+7.174087024647e-01,+7.063514635952e-01,+7.875882772895e-01,+9.340294101371e-01,+1.145493925140e+00,+1.433666931494e+00 },
  {+7.063514635952e-01,+7.875647628265e-01,+9.340294101371e-01,+1.145493925140e+00,+1.433666931494e+00,+1.819644897608e+00 },
  {+7.875882772895e-01,+9.340294101371e-01,+1.145470410677e+00,+1.433666931494e+00,+1.819644897608e+00,+2.335782143912e+00 },
  {+9.340294101371e-01,+1.145493925140e+00,+1.433666931494e+00,+1.819621383145e+00,+2.335782143912e+00,+3.031969292412e+00 },
  {+1.145493925140e+00,+1.433666931494e+00,+1.819644897608e+00,+2.335782143912e+00,+3.031945777949e+00,+3.995262616996e+00 },
  {+1.433666931494e+00,+1.819644897608e+00,+2.335782143912e+00,+3.031969292412e+00,+3.995262616996e+00,+5.500093168722e+00 }   }
}
yMat = 
{
{ {+6.111824079036e-05,-9.612296398452e-04,+3.211302980951e-03,-3.938714557859e-03,+1.929285518533e-03,-2.965814543624e-04 },
  {-9.612296398452e-04,+1.511762132824e-02,-5.050537397504e-02,+6.194565038105e-02,-3.034260149108e-02,+4.664448467020e-03 },
  {+3.211302980951e-03,-5.050537397504e-02,+1.687297720305e-01,-2.069497687958e-01,+1.013694153603e-01,-1.558312045917e-02 },
  {-3.938714557859e-03,+6.194565038105e-02,-2.069497687958e-01,+2.538272071918e-01,-1.243312120874e-01,+1.911294691703e-02 },
  {+1.929285518533e-03,-3.034260149108e-02,+1.013694153603e-01,-1.243312120874e-01,+6.090068306756e-02,-9.362021837792e-03 },
  {-2.965814543624e-04,+4.664448467020e-03,-1.558312045917e-02,+1.911294691703e-02,-9.362021837792e-03,+1.439186696709e-03 }   }
{ {+1.669771332178e-03,-1.058685097591e-02,+2.082400892442e-02,-1.623713435471e-02,+4.746711067612e-03,-2.734134255736e-04 },
  {-1.058685097591e-02,+6.712380996506e-02,-1.320304612706e-01,+1.029483009898e-01,-3.009557160919e-02,+1.733523109171e-03 },
  {+2.082400892442e-02,-1.320304612706e-01,+2.596998399288e-01,-2.024961287773e-01,+5.919705993793e-02,-3.409786420739e-03 },
  {-1.623713435471e-02,+1.029483009898e-01,-2.024961287773e-01,+1.578925970114e-01,-4.615780847504e-02,+2.658717657842e-03 },
  {+4.746711067612e-03,-3.009557160919e-02,+5.919705993793e-02,-4.615780847504e-02,+1.349362366283e-02,-7.772408761570e-04 },
  {-2.734134255736e-04,+1.733523109171e-03,-3.409786420739e-03,+2.658717657842e-03,-7.772408761570e-04,+4.476954409463e-05 }   }
}
    main loop time = 0.110000
        total time = 0.110000
  file   read time = 0.000000
