SDPA-GMP start at Wed Jun  5 23:35:13 2024
*SDP Scan Problem: V = x^2 - 2*x^4 + x^8
* K = 6; eval = 7.989949748743719; Domain = R+ with BCs: Neumann
data      is /Users/gorg/qmBoot/data/K=6_BC-Neumann_V_0.0_0.0_1.0_0.0_-2.0_0.0_0.0_0.0_1.0/e=7.989949748743719_K=6_D=R+.dat
parameter is ./param.sdpa
out       is /Users/gorg/qmBoot/data/K=6_BC-Neumann_V_0.0_0.0_1.0_0.0_-2.0_0.0_0.0_0.0_1.0/e=7.989949748743719_K=6_D=R+.out
DENSE computation
   mu      thetaP  thetaD  objP      objD      alphaP  alphaD  beta 
 0 1.0e+20 1.0e+00 1.0e+00 +0.00e+00 -2.81e+10 1.0e+00 9.0e-01 3.00e-01
 1 1.6e+19 8.6e-88 1.0e-01 +1.60e+10 -2.81e+09 9.0e-01 9.0e-01 3.00e-01
 2 2.5e+18 2.6e-87 1.0e-02 +2.46e+10 -2.81e+08 9.0e-01 9.0e-01 3.00e-01
 3 3.8e+17 2.6e-87 1.0e-03 +3.79e+10 -2.81e+07 9.0e-01 9.0e-01 3.00e-01
 4 5.8e+16 3.5e-87 1.0e-04 +5.84e+10 -2.81e+06 9.0e-01 9.0e-01 3.00e-01
 5 9.0e+15 3.5e-87 1.0e-05 +9.00e+10 -2.81e+05 9.0e-01 9.0e-01 3.00e-01
 6 1.4e+15 3.5e-87 1.0e-06 +1.39e+11 -2.81e+04 9.0e-01 9.0e-01 3.00e-01
 7 2.1e+14 3.5e-87 1.0e-07 +2.13e+11 -2.81e+03 9.0e-01 9.0e-01 3.00e-01
 8 3.3e+13 4.3e-87 1.0e-08 +3.29e+11 -2.81e+02 9.0e-01 9.0e-01 3.00e-01
 9 5.1e+12 5.2e-87 1.0e-09 +5.05e+11 -2.83e+01 9.0e-01 9.0e-01 3.00e-01
10 8.5e+11 6.0e-87 1.0e-10 +7.66e+11 -3.02e+00 8.8e-01 8.8e-01 3.00e-01
11 2.2e+11 6.9e-87 1.2e-11 +1.03e+12 -4.84e-01 1.9e+00 9.2e-01 3.00e-01
12 4.9e+10 6.9e-87 9.8e-13 +4.71e+11 -2.47e-01 1.3e+00 1.0e+00 3.00e-01
13 1.0e+10 9.5e-87 6.9e-94 +1.25e+11 -4.12e-01 9.7e-01 9.7e-01 1.00e-01
14 1.4e+09 1.3e-86 6.8e-94 +1.63e+10 -4.14e-01 9.9e-01 9.9e-01 1.00e-01
15 1.5e+08 1.3e-86 1.7e-93 +1.81e+09 -4.16e-01 1.0e+00 1.0e+00 1.00e-01
16 1.5e+07 1.5e-86 4.2e-93 +1.83e+08 -4.18e-01 1.0e+00 1.0e+00 1.00e-01
17 1.5e+06 1.7e-86 1.7e-92 +1.83e+07 -4.20e-01 1.0e+00 1.0e+00 1.00e-01
18 1.5e+05 1.7e-86 8.7e-92 +1.83e+06 -4.22e-01 1.0e+00 1.0e+00 1.00e-01
19 1.5e+04 2.2e-86 2.4e-91 +1.83e+05 -4.23e-01 1.0e+00 1.0e+00 1.00e-01
20 1.5e+03 2.3e-86 4.6e-91 +1.83e+04 -4.25e-01 1.0e+00 1.0e+00 1.00e-01
21 1.5e+02 2.1e-86 1.1e-90 +1.83e+03 -4.26e-01 1.0e+00 1.0e+00 1.00e-01
22 1.5e+01 2.4e-86 9.1e-90 +1.83e+02 -4.27e-01 1.0e+00 7.4e+01 1.00e-01
23 1.6e+00 2.6e-86 2.1e-87 +1.85e+01 -1.90e-01 9.8e-01 9.8e-01 1.00e-01
24 1.8e-01 2.7e-86 1.2e-88 +1.94e+00 -1.96e-01 9.2e-01 1.5e+00 1.00e-01
25 2.6e-02 2.9e-86 2.6e-88 +2.42e-01 -7.01e-02 8.9e-01 1.1e+00 1.00e-01
26 4.5e-03 2.8e-86 7.2e-89 +3.02e-02 -2.43e-02 9.0e-01 9.0e-01 1.00e-01
27 8.6e-04 2.7e-86 7.7e-89 +3.35e-03 -7.00e-03 9.3e-01 9.3e-01 1.00e-01
28 1.4e-04 2.9e-86 3.2e-89 +3.51e-04 -1.33e-03 9.5e-01 9.8e-01 1.00e-01
29 1.8e-05 2.8e-86 1.3e-89 +1.58e-05 -1.95e-04 1.0e+00 9.5e-01 1.00e-01
30 2.4e-06 2.7e-86 2.8e-89 -1.96e-05 -4.80e-05 1.0e+00 9.7e-01 1.00e-01
31 2.8e-07 2.8e-86 9.2e-89 -2.34e-05 -2.68e-05 1.0e+00 9.8e-01 1.00e-01
32 3.2e-08 2.8e-86 1.8e-88 -2.37e-05 -2.41e-05 1.0e+00 9.9e-01 1.00e-01
33 3.3e-09 2.8e-86 7.2e-89 -2.38e-05 -2.38e-05 1.0e+00 9.9e-01 1.00e-01
34 3.3e-10 2.8e-86 1.8e-89 -2.38e-05 -2.38e-05 1.0e+00 9.9e-01 1.00e-01
35 3.3e-11 2.8e-86 4.2e-90 -2.38e-05 -2.38e-05 1.0e+00 9.9e-01 1.00e-01
36 3.3e-12 2.8e-86 5.6e-90 -2.38e-05 -2.38e-05 1.0e+00 9.9e-01 1.00e-01
37 3.3e-13 2.8e-86 2.4e-90 -2.38e-05 -2.38e-05 1.0e+00 9.9e-01 1.00e-01
38 3.3e-14 2.8e-86 1.5e-90 -2.38e-05 -2.38e-05 1.0e+00 9.9e-01 1.00e-01
39 3.3e-15 2.8e-86 1.8e-90 -2.38e-05 -2.38e-05 1.0e+00 9.9e-01 1.00e-01
40 3.3e-16 2.8e-86 8.7e-91 -2.38e-05 -2.38e-05 1.0e+00 9.9e-01 1.00e-01
41 3.3e-17 2.8e-86 4.2e-91 -2.38e-05 -2.38e-05 1.0e+00 9.9e-01 1.00e-01
42 3.3e-18 2.7e-86 1.4e-90 -2.38e-05 -2.38e-05 1.0e+00 9.9e-01 1.00e-01
43 3.3e-19 2.7e-86 6.5e-90 -2.38e-05 -2.38e-05 1.0e+00 9.9e-01 1.00e-01
44 3.3e-20 2.8e-86 1.0e-89 -2.38e-05 -2.38e-05 1.0e+00 9.9e-01 1.00e-01
45 3.3e-21 2.6e-86 6.0e-80 -2.38e-05 -2.38e-05 1.0e+00 9.9e-01 1.00e-01
46 3.3e-22 2.7e-86 3.1e-80 -2.38e-05 -2.38e-05 1.0e+00 9.9e-01 1.00e-01
47 3.3e-23 2.8e-86 2.7e-80 -2.38e-05 -2.38e-05 1.0e+00 9.9e-01 1.00e-01
48 3.3e-24 2.8e-86 7.1e-81 -2.38e-05 -2.38e-05 1.0e+00 9.9e-01 1.00e-01
49 3.3e-25 2.8e-86 3.7e-81 -2.38e-05 -2.38e-05 1.0e+00 9.9e-01 1.00e-01
50 3.3e-26 2.8e-86 1.3e-81 -2.38e-05 -2.38e-05 1.0e+00 9.9e-01 1.00e-01
51 3.3e-27 2.8e-86 3.0e-82 -2.38e-05 -2.38e-05 1.0e+00 9.9e-01 1.00e-01
52 3.3e-28 2.7e-86 3.8e-82 -2.38e-05 -2.38e-05 1.0e+00 9.9e-01 1.00e-01
53 3.3e-29 2.8e-86 4.0e-81 -2.38e-05 -2.38e-05 1.0e+00 9.9e-01 1.00e-01
54 3.3e-30 2.8e-86 6.3e-80 -2.38e-05 -2.38e-05 1.0e+00 9.9e-01 1.00e-01
55 3.3e-31 2.8e-86 9.1e-79 -2.38e-05 -2.38e-05 1.0e+00 9.9e-01 1.00e-01
56 3.3e-32 2.7e-86 6.5e-78 -2.38e-05 -2.38e-05 1.0e+00 9.9e-01 1.00e-01

phase.value = pdOPT     
   Iteration = 56
          mu = 3.3285254162466147e-32
relative gap = 3.9942304994959377e-31
         gap = 3.9942304994959377e-31
      digits = 2.5775019549726032e+01
objValPrimal = -2.3793190034934903e-05
objValDual   = -2.3793190034934903e-05
p.feas.error = 2.6772122520792778e-76
d.feas.error = 7.8278356885158792e-67
relative eps = 8.6361685550944446e-78
total time   = 0.110


Parameters are
maxIteration =    200
epsilonStar  = 1.000e-30
lambdaStar   = 1.000e+10
omegaStar    = 2.000e+00
lowerBound   = -1.000e+05
upperBound   = 1.000e+05
betaStar     = 1.000e-01
betaBar      = 3.000e-01
gammaStar    = 9.000e-01
epsilonDash  = 1.000e-30
precision    =    200

                         Time(sec)  Ratio(% : MainLoop) 
 Predictor time  =       0.040000,  36.363636
 Corrector time  =       0.020000,  18.181818
 Make bMat time  =       0.020000,  18.181818
 Make bDia time  =       0.000000,  0.000000
 Make bF1  time  =       0.010000,  9.090909
 Make bF2  time  =       0.010000,  9.090909
 Make bF3  time  =       0.000000,  0.000000
 Make bPRE time  =       0.010000,  9.090909
 Make rMat time  =       0.020000,  18.181818
 Make gVec Mul   =       0.000000,  0.000000
 Make gVec time  =       0.000000,  0.000000
 Cholesky bMat   =       0.020000,  18.181818
 Ste Pre time    =       0.000000,  0.000000
 Ste Cor time    =       0.040000,  36.363636
 solve           =       0.000000,  0.000000
 sumDz           =       0.000000,  0.000000
 makedX          =       0.000000,  0.000000
 symmetriseDx    =       0.000000,  0.000000
 makedXdZ        =       0.000000,  0.000000
 xMatTime        =       0.000000,  0.000000
 zMatTime        =       0.010000,  9.090909
 invzMatTime     =       0.000000,  0.000000
 xMatzMatTime    =       0.000000,  0.000000
 EigxMatTime     =       0.030000,  27.272727
 EigzMatTime     =       0.010000,  9.090909
 EigxMatzMatTime =       0.000000,  0.000000
 updateRes       =       0.000000,  0.000000
 EigTime         =       0.040000,  36.363636
 sub_total_bMat  =       0.090000,  81.818182
 Main Loop       =       0.110000,  100.000000
 File Check      =       0.000000,  0.000000
 File Change     =       0.000000,  0.000000
 File Read       =       0.000000,  0.000000
 Total           =       0.110000,  100.000000

xVec = 
{+2.379319003493e-05,+7.244517151789e-01,+7.180472945414e-01,+8.059931092694e-01,+9.622396802806e-01,+1.187755852618e+00,+1.495833386679e+00,+1.909856554744e+00}
xMat = 
{
{ {+9.999762068100e-01,+7.244517151789e-01,+7.180472945414e-01,+8.059931092694e-01,+9.622396802806e-01,+1.187755852618e+00 },
  {+7.244517151789e-01,+7.180235013514e-01,+8.059931092694e-01,+9.622396802806e-01,+1.187755852618e+00,+1.495833386679e+00 },
  {+7.180472945414e-01,+8.059931092694e-01,+9.622158870906e-01,+1.187755852618e+00,+1.495833386679e+00,+1.909856554744e+00 },
  {+8.059931092694e-01,+9.622396802806e-01,+1.187755852618e+00,+1.495809593489e+00,+1.909856554744e+00,+2.465458648269e+00 },
  {+9.622396802806e-01,+1.187755852618e+00,+1.495833386679e+00,+1.909856554744e+00,+2.465434855079e+00,+3.217338240142e+00 },
  {+1.187755852618e+00,+1.495833386679e+00,+1.909856554744e+00,+2.465458648269e+00,+3.217338240142e+00,+4.260099142166e+00 }   }
{ {+7.244279219889e-01,+7.180472945414e-01,+8.059931092694e-01,+9.622396802806e-01,+1.187755852618e+00,+1.495833386679e+00 },
  {+7.180472945414e-01,+8.059693160794e-01,+9.622396802806e-01,+1.187755852618e+00,+1.495833386679e+00,+1.909856554744e+00 },
  {+8.059931092694e-01,+9.622396802806e-01,+1.187732059428e+00,+1.495833386679e+00,+1.909856554744e+00,+2.465458648269e+00 },
  {+9.622396802806e-01,+1.187755852618e+00,+1.495833386679e+00,+1.909832761554e+00,+2.465458648269e+00,+3.217338240142e+00 },
  {+1.187755852618e+00,+1.495833386679e+00,+1.909856554744e+00,+2.465458648269e+00,+3.217314446952e+00,+4.260122935356e+00 },
  {+1.495833386679e+00,+1.909856554744e+00,+2.465458648269e+00,+3.217338240142e+00,+4.260122935356e+00,+5.885674637872e+00 }   }
}
yMat = 
{
{ {+6.394833104748e-05,-9.939679919395e-04,+3.298136612645e-03,-4.022257361735e-03,+1.959788012405e-03,-2.996888098517e-04 },
  {-9.939679919395e-04,+1.544954110322e-02,-5.126392154908e-02,+6.251914643306e-02,-3.046156988634e-02,+4.658152600008e-03 },
  {+3.298136612645e-03,-5.126392154908e-02,+1.701014700070e-01,-2.074480139344e-01,+1.010761108361e-01,-1.545645711126e-02 },
  {-4.022257361735e-03,+6.251914643306e-02,-2.074480139344e-01,+2.529941598009e-01,-1.232678262468e-01,+1.884999189049e-02 },
  {+1.959788012405e-03,-3.046156988634e-02,+1.010761108361e-01,-1.232678262468e-01,+6.006050495228e-02,-9.184391951734e-03 },
  {-2.996888098517e-04,+4.658152600008e-03,-1.545645711126e-02,+1.884999189049e-02,-9.184391951734e-03,+1.404467970925e-03 }   }
{ {+1.723040793809e-03,-1.083181248204e-02,+2.117775288470e-02,-1.642297195986e-02,+4.775936422479e-03,-2.736930878705e-04 },
  {-1.083181248204e-02,+6.809366444931e-02,-1.331329176084e-01,+1.032422176574e-01,-3.002369296207e-02,+1.720558338547e-03 },
  {+2.117775288470e-02,-1.331329176084e-01,+2.602940213934e-01,-2.018533995527e-01,+5.870064232473e-02,-3.363939264814e-03 },
  {-1.642297195986e-02,+1.032422176574e-01,-2.018533995527e-01,+1.565337332486e-01,-4.552130758035e-02,+2.608675269823e-03 },
  {+4.775936422479e-03,-3.002369296207e-02,+5.870064232473e-02,-4.552130758035e-02,+1.323797369947e-02,-7.586243991657e-04 },
  {-2.736930878705e-04,+1.720558338547e-03,-3.363939264814e-03,+2.608675269823e-03,-7.586243991657e-04,+4.347425006838e-05 }   }
}
    main loop time = 0.110000
        total time = 0.110000
  file   read time = 0.000000
