SDPA-GMP start at Wed Jun  5 23:35:13 2024
*SDP Scan Problem: V = x^2 - 2*x^4 + x^8
* K = 6; eval = 7.286432160804022; Domain = R+ with BCs: Neumann
data      is /Users/gorg/qmBoot/data/K=6_BC-Neumann_V_0.0_0.0_1.0_0.0_-2.0_0.0_0.0_0.0_1.0/e=7.286432160804022_K=6_D=R+.dat
parameter is ./param.sdpa
out       is /Users/gorg/qmBoot/data/K=6_BC-Neumann_V_0.0_0.0_1.0_0.0_-2.0_0.0_0.0_0.0_1.0/e=7.286432160804022_K=6_D=R+.out
DENSE computation
   mu      thetaP  thetaD  objP      objD      alphaP  alphaD  beta 
 0 1.0e+20 1.0e+00 1.0e+00 +0.00e+00 -2.67e+10 1.0e+00 9.0e-01 3.00e-01
 1 1.6e+19 8.6e-88 1.0e-01 +1.60e+10 -2.67e+09 9.0e-01 9.0e-01 3.00e-01
 2 2.5e+18 2.6e-87 1.0e-02 +2.46e+10 -2.67e+08 9.0e-01 9.0e-01 3.00e-01
 3 3.8e+17 2.6e-87 1.0e-03 +3.79e+10 -2.67e+07 9.0e-01 9.0e-01 3.00e-01
 4 5.8e+16 5.2e-87 1.0e-04 +5.84e+10 -2.67e+06 9.0e-01 9.0e-01 3.00e-01
 5 9.0e+15 6.0e-87 1.0e-05 +9.00e+10 -2.67e+05 9.0e-01 9.0e-01 3.00e-01
 6 1.4e+15 6.9e-87 1.0e-06 +1.39e+11 -2.67e+04 9.0e-01 9.0e-01 3.00e-01
 7 2.1e+14 8.6e-87 1.0e-07 +2.13e+11 -2.67e+03 9.0e-01 9.0e-01 3.00e-01
 8 3.3e+13 1.1e-86 1.0e-08 +3.29e+11 -2.67e+02 9.0e-01 9.0e-01 3.00e-01
 9 5.1e+12 1.2e-86 1.0e-09 +5.05e+11 -2.69e+01 9.0e-01 9.0e-01 3.00e-01
10 8.5e+11 1.3e-86 1.0e-10 +7.66e+11 -2.87e+00 8.8e-01 8.8e-01 3.00e-01
11 2.1e+11 1.2e-86 1.2e-11 +1.03e+12 -4.63e-01 1.9e+00 9.2e-01 3.00e-01
12 4.9e+10 1.2e-86 9.3e-13 +4.74e+11 -2.37e-01 1.2e+00 1.0e+00 3.00e-01
13 1.0e+10 1.5e-86 6.0e-94 +1.26e+11 -3.91e-01 9.7e-01 9.7e-01 1.00e-01
14 1.4e+09 1.7e-86 7.2e-94 +1.63e+10 -3.93e-01 9.9e-01 9.9e-01 1.00e-01
15 1.5e+08 1.9e-86 2.9e-93 +1.80e+09 -3.95e-01 1.0e+00 1.0e+00 1.00e-01
16 1.5e+07 2.2e-86 7.2e-93 +1.82e+08 -3.97e-01 1.0e+00 1.0e+00 1.00e-01
17 1.5e+06 2.2e-86 2.7e-92 +1.82e+07 -3.99e-01 1.0e+00 1.0e+00 1.00e-01
18 1.5e+05 2.3e-86 6.3e-92 +1.82e+06 -4.00e-01 1.0e+00 1.0e+00 1.00e-01
19 1.5e+04 2.4e-86 1.7e-91 +1.82e+05 -4.02e-01 1.0e+00 1.0e+00 1.00e-01
20 1.5e+03 2.4e-86 6.0e-91 +1.82e+04 -4.03e-01 1.0e+00 1.0e+00 1.00e-01
21 1.5e+02 2.8e-86 1.9e-90 +1.82e+03 -4.04e-01 1.0e+00 1.0e+00 1.00e-01
22 1.5e+01 2.8e-86 1.0e-89 +1.83e+02 -4.05e-01 1.0e+00 7.9e+01 1.00e-01
23 1.6e+00 2.8e-86 1.9e-87 +1.84e+01 -1.86e-01 9.8e-01 9.8e-01 1.00e-01
24 1.8e-01 2.9e-86 1.4e-88 +1.93e+00 -1.92e-01 9.2e-01 1.6e+00 1.00e-01
25 2.6e-02 3.0e-86 3.2e-88 +2.43e-01 -6.68e-02 8.9e-01 1.1e+00 1.00e-01
26 4.5e-03 2.9e-86 1.4e-88 +3.04e-02 -2.33e-02 8.9e-01 9.1e-01 1.00e-01
27 8.5e-04 3.0e-86 8.7e-89 +3.40e-03 -6.76e-03 9.2e-01 9.4e-01 1.00e-01
28 1.4e-04 3.0e-86 2.1e-89 +3.58e-04 -1.27e-03 9.4e-01 9.8e-01 1.00e-01
29 1.7e-05 2.8e-86 1.2e-89 +1.67e-05 -1.92e-04 1.0e+00 9.5e-01 1.00e-01
30 2.4e-06 2.9e-86 2.6e-89 -1.92e-05 -4.75e-05 1.0e+00 9.8e-01 1.00e-01
31 2.8e-07 2.9e-86 2.0e-88 -2.30e-05 -2.63e-05 1.0e+00 9.8e-01 1.00e-01
32 3.1e-08 3.0e-86 1.6e-88 -2.34e-05 -2.37e-05 1.0e+00 9.9e-01 1.00e-01
33 3.2e-09 2.8e-86 8.4e-90 -2.34e-05 -2.34e-05 1.0e+00 9.9e-01 1.00e-01
34 3.2e-10 2.9e-86 3.5e-89 -2.34e-05 -2.34e-05 1.0e+00 9.9e-01 1.00e-01
35 3.2e-11 2.9e-86 5.5e-90 -2.34e-05 -2.34e-05 1.0e+00 9.9e-01 1.00e-01
36 3.2e-12 2.9e-86 2.2e-90 -2.34e-05 -2.34e-05 1.0e+00 9.9e-01 1.00e-01
37 3.2e-13 2.9e-86 3.0e-90 -2.34e-05 -2.34e-05 1.0e+00 9.9e-01 1.00e-01
38 3.2e-14 3.0e-86 2.3e-90 -2.34e-05 -2.34e-05 1.0e+00 9.9e-01 1.00e-01
39 3.2e-15 2.9e-86 8.7e-91 -2.34e-05 -2.34e-05 1.0e+00 9.9e-01 1.00e-01
40 3.2e-16 3.0e-86 2.0e-90 -2.34e-05 -2.34e-05 1.0e+00 9.9e-01 1.00e-01
41 3.2e-17 2.9e-86 1.3e-90 -2.34e-05 -2.34e-05 1.0e+00 9.9e-01 1.00e-01
42 3.2e-18 2.8e-86 9.9e-91 -2.34e-05 -2.34e-05 1.0e+00 9.9e-01 1.00e-01
43 3.2e-19 3.0e-86 6.3e-91 -2.34e-05 -2.34e-05 1.0e+00 9.9e-01 1.00e-01
44 3.2e-20 2.8e-86 6.3e-90 -2.34e-05 -2.34e-05 1.0e+00 9.9e-01 1.00e-01
45 3.2e-21 2.9e-86 4.7e-80 -2.34e-05 -2.34e-05 1.0e+00 9.9e-01 1.00e-01
46 3.2e-22 3.1e-86 3.1e-80 -2.34e-05 -2.34e-05 1.0e+00 9.9e-01 1.00e-01
47 3.2e-23 3.0e-86 2.0e-80 -2.34e-05 -2.34e-05 1.0e+00 9.9e-01 1.00e-01
48 3.2e-24 2.9e-86 7.7e-81 -2.34e-05 -2.34e-05 1.0e+00 9.9e-01 1.00e-01
49 3.2e-25 3.0e-86 3.4e-81 -2.34e-05 -2.34e-05 1.0e+00 9.9e-01 1.00e-01
50 3.2e-26 3.0e-86 8.4e-82 -2.34e-05 -2.34e-05 1.0e+00 9.9e-01 1.00e-01
51 3.2e-27 3.0e-86 2.5e-82 -2.34e-05 -2.34e-05 1.0e+00 9.9e-01 1.00e-01
52 3.2e-28 3.1e-86 8.0e-82 -2.34e-05 -2.34e-05 1.0e+00 9.9e-01 1.00e-01
53 3.2e-29 3.0e-86 8.8e-81 -2.34e-05 -2.34e-05 1.0e+00 9.9e-01 1.00e-01
54 3.2e-30 2.8e-86 1.3e-79 -2.34e-05 -2.34e-05 1.0e+00 9.9e-01 1.00e-01
55 3.2e-31 2.9e-86 6.9e-79 -2.34e-05 -2.34e-05 1.0e+00 9.9e-01 1.00e-01
56 3.2e-32 2.9e-86 4.8e-78 -2.34e-05 -2.34e-05 1.0e+00 9.9e-01 1.00e-01

phase.value = pdOPT     
   Iteration = 56
          mu = 3.2002415504146532e-32
relative gap = 3.8402898604975838e-31
         gap = 3.8402898604975838e-31
      digits = 2.5784873851700780e+01
objValPrimal = -2.3401185396775391e-05
objValDual   = -2.3401185396775391e-05
p.feas.error = 2.9362973087321112e-76
d.feas.error = 5.7636064621231225e-67
relative eps = 8.6361685550944446e-78
total time   = 0.120


Parameters are
maxIteration =    200
epsilonStar  = 1.000e-30
lambdaStar   = 1.000e+10
omegaStar    = 2.000e+00
lowerBound   = -1.000e+05
upperBound   = 1.000e+05
betaStar     = 1.000e-01
betaBar      = 3.000e-01
gammaStar    = 9.000e-01
epsilonDash  = 1.000e-30
precision    =    200

                         Time(sec)  Ratio(% : MainLoop) 
 Predictor time  =       0.020000,  16.666667
 Corrector time  =       0.040000,  33.333333
 Make bMat time  =       0.020000,  16.666667
 Make bDia time  =       0.000000,  0.000000
 Make bF1  time  =       0.010000,  8.333333
 Make bF2  time  =       0.010000,  8.333333
 Make bF3  time  =       0.000000,  0.000000
 Make bPRE time  =       0.020000,  16.666667
 Make rMat time  =       0.010000,  8.333333
 Make gVec Mul   =       0.000000,  0.000000
 Make gVec time  =       0.000000,  0.000000
 Cholesky bMat   =       0.000000,  0.000000
 Ste Pre time    =       0.000000,  0.000000
 Ste Cor time    =       0.030000,  25.000000
 solve           =       0.000000,  0.000000
 sumDz           =       0.010000,  8.333333
 makedX          =       0.010000,  8.333333
 symmetriseDx    =       0.000000,  0.000000
 makedXdZ        =       0.020000,  16.666667
 xMatTime        =       0.000000,  0.000000
 zMatTime        =       0.010000,  8.333333
 invzMatTime     =       0.000000,  0.000000
 xMatzMatTime    =       0.000000,  0.000000
 EigxMatTime     =       0.010000,  8.333333
 EigzMatTime     =       0.020000,  16.666667
 EigxMatzMatTime =       0.000000,  0.000000
 updateRes       =       0.010000,  8.333333
 EigTime         =       0.030000,  25.000000
 sub_total_bMat  =       0.100000,  83.333333
 Main Loop       =       0.120000,  100.000000
 File Check      =       0.000000,  0.000000
 File Change     =       0.000000,  0.000000
 File Read       =       0.000000,  0.000000
 Total           =       0.120000,  100.000000

xVec = 
{+2.340118539678e-05,+7.144693541224e-01,+7.014671400194e-01,+7.799652345925e-01,+9.224256469070e-01,+1.128216887226e+00,+1.408396139249e+00,+1.783167736919e+00}
xMat = 
{
{ {+9.999765988146e-01,+7.144693541224e-01,+7.014671400194e-01,+7.799652345925e-01,+9.224256469070e-01,+1.128216887226e+00 },
  {+7.144693541224e-01,+7.014437388340e-01,+7.799652345925e-01,+9.224256469070e-01,+1.128216887226e+00,+1.408396139249e+00 },
  {+7.014671400194e-01,+7.799652345925e-01,+9.224022457216e-01,+1.128216887226e+00,+1.408396139249e+00,+1.783167736919e+00 },
  {+7.799652345925e-01,+9.224256469070e-01,+1.128216887226e+00,+1.408372738063e+00,+1.783167736919e+00,+2.283610352441e+00 },
  {+9.224256469070e-01,+1.128216887226e+00,+1.408396139249e+00,+1.783167736919e+00,+2.283586951256e+00,+2.957747115637e+00 },
  {+1.128216887226e+00,+1.408396139249e+00,+1.783167736919e+00,+2.283610352441e+00,+2.957747115637e+00,+3.889667597559e+00 }   }
{ {+7.144459529370e-01,+7.014671400194e-01,+7.799652345925e-01,+9.224256469070e-01,+1.128216887226e+00,+1.408396139249e+00 },
  {+7.014671400194e-01,+7.799418334071e-01,+9.224256469070e-01,+1.128216887226e+00,+1.408396139249e+00,+1.783167736919e+00 },
  {+7.799652345925e-01,+9.224256469070e-01,+1.128193486040e+00,+1.408396139249e+00,+1.783167736919e+00,+2.283610352441e+00 },
  {+9.224256469070e-01,+1.128216887226e+00,+1.408396139249e+00,+1.783144335733e+00,+2.283610352441e+00,+2.957747115637e+00 },
  {+1.128216887226e+00,+1.408396139249e+00,+1.783167736919e+00,+2.283610352441e+00,+2.957723714452e+00,+3.889690998745e+00 },
  {+1.408396139249e+00,+1.783167736919e+00,+2.283610352441e+00,+2.957747115637e+00,+3.889690998745e+00,+5.347026550090e+00 }   }
}
yMat = 
{
{ {+5.996483306823e-05,-9.477959394297e-04,+3.175470771681e-03,-3.904011486887e-03,+1.916500643429e-03,-2.952595302600e-04 },
  {-9.477959394297e-04,+1.498073282014e-02,-5.019105614372e-02,+6.170627091628e-02,-3.029194670966e-02,+4.666831700172e-03 },
  {+3.175470771681e-03,-5.019105614372e-02,+1.681588041832e-01,-2.067390791334e-01,+1.014893474346e-01,-1.563563109288e-02 },
  {-3.904011486887e-03,+6.170627091628e-02,-2.067390791334e-01,+2.541707349106e-01,-1.247738073090e-01,+1.922287678907e-02 },
  {+1.916500643429e-03,-3.029194670966e-02,+1.014893474346e-01,-1.247738073090e-01,+6.125214610512e-02,-9.436615608986e-03 },
  {-2.952595302600e-04,+4.666831700172e-03,-1.563563109288e-02,+1.922287678907e-02,-9.436615608986e-03,+1.453821944442e-03 }   }
{ {+1.647902059999e-03,-1.048578339775e-02,+2.067719650663e-02,-1.615933127952e-02,+4.734247250727e-03,-2.732718213895e-04 },
  {-1.048578339775e-02,+6.672220160011e-02,-1.315712924355e-01,+1.028236154093e-01,-3.012453981794e-02,+1.738858878422e-03 },
  {+2.067719650663e-02,-1.315712924355e-01,+2.594489476966e-01,-2.027606351087e-01,+5.940338512249e-02,-3.428902292045e-03 },
  {-1.615933127952e-02,+1.028236154093e-01,-2.027606351087e-01,+1.584584386049e-01,-4.642403911049e-02,+2.679704090662e-03 },
  {+4.734247250727e-03,-3.012453981794e-02,+5.940338512249e-02,-4.642403911049e-02,+1.360098853874e-02,-7.850808616109e-04 },
  {-2.732718213895e-04,+1.738858878422e-03,-3.428902292045e-03,+2.679704090662e-03,-7.850808616109e-04,+4.531670308464e-05 }   }
}
    main loop time = 0.120000
        total time = 0.120000
  file   read time = 0.000000
