SDPA-GMP start at Wed Jun  5 23:35:13 2024
*SDP Scan Problem: V = x^2 - 2*x^4 + x^8
* K = 6; eval = 7.788944723618091; Domain = R+ with BCs: Neumann
data      is /Users/gorg/qmBoot/data/K=6_BC-Neumann_V_0.0_0.0_1.0_0.0_-2.0_0.0_0.0_0.0_1.0/e=7.788944723618091_K=6_D=R+.dat
parameter is ./param.sdpa
out       is /Users/gorg/qmBoot/data/K=6_BC-Neumann_V_0.0_0.0_1.0_0.0_-2.0_0.0_0.0_0.0_1.0/e=7.788944723618091_K=6_D=R+.out
DENSE computation
   mu      thetaP  thetaD  objP      objD      alphaP  alphaD  beta 
 0 1.0e+20 1.0e+00 1.0e+00 +0.00e+00 -2.77e+10 1.0e+00 9.0e-01 3.00e-01
 1 1.6e+19 8.6e-88 1.0e-01 +1.60e+10 -2.77e+09 9.0e-01 9.0e-01 3.00e-01
 2 2.5e+18 2.6e-87 1.0e-02 +2.46e+10 -2.77e+08 9.0e-01 9.0e-01 3.00e-01
 3 3.8e+17 3.5e-87 1.0e-03 +3.79e+10 -2.77e+07 9.0e-01 9.0e-01 3.00e-01
 4 5.8e+16 4.3e-87 1.0e-04 +5.84e+10 -2.77e+06 9.0e-01 9.0e-01 3.00e-01
 5 9.0e+15 6.0e-87 1.0e-05 +9.00e+10 -2.77e+05 9.0e-01 9.0e-01 3.00e-01
 6 1.4e+15 9.5e-87 1.0e-06 +1.39e+11 -2.77e+04 9.0e-01 9.0e-01 3.00e-01
 7 2.1e+14 1.2e-86 1.0e-07 +2.13e+11 -2.77e+03 9.0e-01 9.0e-01 3.00e-01
 8 3.3e+13 1.4e-86 1.0e-08 +3.29e+11 -2.77e+02 9.0e-01 9.0e-01 3.00e-01
 9 5.1e+12 1.6e-86 1.0e-09 +5.05e+11 -2.79e+01 9.0e-01 9.0e-01 3.00e-01
10 8.5e+11 1.6e-86 1.0e-10 +7.66e+11 -2.98e+00 8.8e-01 8.8e-01 3.00e-01
11 2.2e+11 1.6e-86 1.2e-11 +1.03e+12 -4.78e-01 1.9e+00 9.2e-01 3.00e-01
12 4.9e+10 1.6e-86 9.7e-13 +4.72e+11 -2.44e-01 1.2e+00 1.0e+00 3.00e-01
13 1.0e+10 1.8e-86 7.2e-94 +1.25e+11 -4.06e-01 9.7e-01 9.7e-01 1.00e-01
14 1.4e+09 1.9e-86 6.5e-94 +1.63e+10 -4.08e-01 9.9e-01 9.9e-01 1.00e-01
15 1.5e+08 2.2e-86 1.5e-93 +1.80e+09 -4.10e-01 1.0e+00 1.0e+00 1.00e-01
16 1.5e+07 2.2e-86 8.1e-93 +1.83e+08 -4.12e-01 1.0e+00 1.0e+00 1.00e-01
17 1.5e+06 2.2e-86 1.5e-92 +1.83e+07 -4.14e-01 1.0e+00 1.0e+00 1.00e-01
18 1.5e+05 2.7e-86 7.2e-92 +1.83e+06 -4.16e-01 1.0e+00 1.0e+00 1.00e-01
19 1.5e+04 2.4e-86 2.6e-91 +1.83e+05 -4.17e-01 1.0e+00 1.0e+00 1.00e-01
20 1.5e+03 2.8e-86 7.0e-91 +1.83e+04 -4.18e-01 1.0e+00 1.0e+00 1.00e-01
21 1.5e+02 3.1e-86 1.7e-90 +1.83e+03 -4.20e-01 1.0e+00 1.0e+00 1.00e-01
22 1.5e+01 3.2e-86 5.7e-90 +1.83e+02 -4.20e-01 1.0e+00 7.5e+01 1.00e-01
23 1.6e+00 3.4e-86 2.5e-87 +1.85e+01 -1.89e-01 9.8e-01 9.8e-01 1.00e-01
24 1.8e-01 3.6e-86 1.3e-88 +1.94e+00 -1.95e-01 9.2e-01 1.5e+00 1.00e-01
25 2.6e-02 3.5e-86 3.1e-88 +2.42e-01 -6.92e-02 8.9e-01 1.1e+00 1.00e-01
26 4.5e-03 3.5e-86 1.4e-88 +3.02e-02 -2.40e-02 9.0e-01 9.1e-01 1.00e-01
27 8.6e-04 3.2e-86 7.2e-89 +3.36e-03 -6.93e-03 9.3e-01 9.3e-01 1.00e-01
28 1.4e-04 3.5e-86 2.8e-89 +3.53e-04 -1.31e-03 9.5e-01 9.8e-01 1.00e-01
29 1.8e-05 3.4e-86 6.8e-90 +1.60e-05 -1.94e-04 1.0e+00 9.5e-01 1.00e-01
30 2.4e-06 3.4e-86 3.3e-89 -1.95e-05 -4.79e-05 1.0e+00 9.7e-01 1.00e-01
31 2.8e-07 3.3e-86 6.3e-88 -2.33e-05 -2.66e-05 1.0e+00 9.8e-01 1.00e-01
32 3.2e-08 3.3e-86 3.6e-88 -2.36e-05 -2.40e-05 1.0e+00 9.9e-01 1.00e-01
33 3.3e-09 3.3e-86 7.2e-89 -2.37e-05 -2.37e-05 1.0e+00 9.9e-01 1.00e-01
34 3.3e-10 3.4e-86 3.1e-89 -2.37e-05 -2.37e-05 1.0e+00 9.9e-01 1.00e-01
35 3.3e-11 3.4e-86 3.3e-90 -2.37e-05 -2.37e-05 1.0e+00 9.9e-01 1.00e-01
36 3.3e-12 3.3e-86 3.1e-90 -2.37e-05 -2.37e-05 1.0e+00 9.9e-01 1.00e-01
37 3.3e-13 3.3e-86 8.7e-91 -2.37e-05 -2.37e-05 1.0e+00 9.9e-01 1.00e-01
38 3.3e-14 3.3e-86 3.1e-90 -2.37e-05 -2.37e-05 1.0e+00 9.9e-01 1.00e-01
39 3.3e-15 3.4e-86 1.9e-90 -2.37e-05 -2.37e-05 1.0e+00 9.9e-01 1.00e-01
40 3.3e-16 3.5e-86 1.7e-89 -2.37e-05 -2.37e-05 1.0e+00 9.9e-01 1.00e-01
41 3.3e-17 3.5e-86 1.4e-89 -2.37e-05 -2.37e-05 1.0e+00 9.9e-01 1.00e-01
42 3.3e-18 3.4e-86 8.5e-90 -2.37e-05 -2.37e-05 1.0e+00 9.9e-01 1.00e-01
43 3.3e-19 3.5e-86 1.6e-89 -2.37e-05 -2.37e-05 1.0e+00 9.9e-01 1.00e-01
44 3.3e-20 3.2e-86 2.0e-89 -2.37e-05 -2.37e-05 1.0e+00 9.9e-01 1.00e-01
45 3.3e-21 3.4e-86 4.7e-80 -2.37e-05 -2.37e-05 1.0e+00 9.9e-01 1.00e-01
46 3.3e-22 3.4e-86 2.3e-80 -2.37e-05 -2.37e-05 1.0e+00 9.9e-01 1.00e-01
47 3.3e-23 3.4e-86 2.2e-80 -2.37e-05 -2.37e-05 1.0e+00 9.9e-01 1.00e-01
48 3.3e-24 3.5e-86 1.1e-80 -2.37e-05 -2.37e-05 1.0e+00 9.9e-01 1.00e-01
49 3.3e-25 3.4e-86 3.5e-81 -2.37e-05 -2.37e-05 1.0e+00 9.9e-01 1.00e-01
50 3.3e-26 3.4e-86 9.6e-82 -2.37e-05 -2.37e-05 1.0e+00 9.9e-01 1.00e-01
51 3.3e-27 3.3e-86 2.1e-82 -2.37e-05 -2.37e-05 1.0e+00 9.9e-01 1.00e-01
52 3.3e-28 3.4e-86 4.4e-82 -2.37e-05 -2.37e-05 1.0e+00 9.9e-01 1.00e-01
53 3.3e-29 3.5e-86 3.6e-81 -2.37e-05 -2.37e-05 1.0e+00 9.9e-01 1.00e-01
54 3.3e-30 3.5e-86 9.8e-80 -2.37e-05 -2.37e-05 1.0e+00 9.9e-01 1.00e-01
55 3.3e-31 3.4e-86 3.9e-79 -2.37e-05 -2.37e-05 1.0e+00 9.9e-01 1.00e-01
56 3.3e-32 3.4e-86 5.2e-78 -2.37e-05 -2.37e-05 1.0e+00 9.9e-01 1.00e-01

phase.value = pdOPT     
   Iteration = 56
          mu = 3.2887393594543278e-32
relative gap = 3.9464872313451933e-31
         gap = 3.9464872313451933e-31
      digits = 2.5778214676867027e+01
objValPrimal = -2.3682381826018112e-05
objValDual   = -2.3682381826018112e-05
p.feas.error = 3.3681057364868334e-76
d.feas.error = 6.2888201960598096e-67
relative eps = 8.6361685550944446e-78
total time   = 0.110


Parameters are
maxIteration =    200
epsilonStar  = 1.000e-30
lambdaStar   = 1.000e+10
omegaStar    = 2.000e+00
lowerBound   = -1.000e+05
upperBound   = 1.000e+05
betaStar     = 1.000e-01
betaBar      = 3.000e-01
gammaStar    = 9.000e-01
epsilonDash  = 1.000e-30
precision    =    200

                         Time(sec)  Ratio(% : MainLoop) 
 Predictor time  =       0.030000,  27.272727
 Corrector time  =       0.010000,  9.090909
 Make bMat time  =       0.030000,  27.272727
 Make bDia time  =       0.000000,  0.000000
 Make bF1  time  =       0.030000,  27.272727
 Make bF2  time  =       0.000000,  0.000000
 Make bF3  time  =       0.000000,  0.000000
 Make bPRE time  =       0.030000,  27.272727
 Make rMat time  =       0.000000,  0.000000
 Make gVec Mul   =       0.000000,  0.000000
 Make gVec time  =       0.000000,  0.000000
 Cholesky bMat   =       0.000000,  0.000000
 Ste Pre time    =       0.000000,  0.000000
 Ste Cor time    =       0.050000,  45.454545
 solve           =       0.000000,  0.000000
 sumDz           =       0.010000,  9.090909
 makedX          =       0.000000,  0.000000
 symmetriseDx    =       0.000000,  0.000000
 makedXdZ        =       0.010000,  9.090909
 xMatTime        =       0.000000,  0.000000
 zMatTime        =       0.020000,  18.181818
 invzMatTime     =       0.000000,  0.000000
 xMatzMatTime    =       0.000000,  0.000000
 EigxMatTime     =       0.010000,  9.090909
 EigzMatTime     =       0.040000,  36.363636
 EigxMatzMatTime =       0.000000,  0.000000
 updateRes       =       0.000000,  0.000000
 EigTime         =       0.050000,  45.454545
 sub_total_bMat  =       0.080000,  72.727273
 Main Loop       =       0.110000,  100.000000
 File Check      =       0.000000,  0.000000
 File Change     =       0.000000,  0.000000
 File Read       =       0.000000,  0.000000
 Total           =       0.110000,  100.000000

xVec = 
{+2.368238182602e-05,+7.217068893687e-01,+7.134529232361e-01,+7.987380418040e-01,+9.510868930890e-01,+1.171004496136e+00,+1.471133759884e+00,+1.873934126178e+00}
xMat = 
{
{ {+9.999763176182e-01,+7.217068893687e-01,+7.134529232361e-01,+7.987380418040e-01,+9.510868930890e-01,+1.171004496136e+00 },
  {+7.217068893687e-01,+7.134292408543e-01,+7.987380418040e-01,+9.510868930890e-01,+1.171004496136e+00,+1.471133759884e+00 },
  {+7.134529232361e-01,+7.987380418040e-01,+9.510632107072e-01,+1.171004496136e+00,+1.471133759884e+00,+1.873934126178e+00 },
  {+7.987380418040e-01,+9.510868930890e-01,+1.171004496136e+00,+1.471110077502e+00,+1.873934126178e+00,+2.413712047136e+00 },
  {+9.510868930890e-01,+1.171004496136e+00,+1.471133759884e+00,+1.873934126178e+00,+2.413688364754e+00,+3.143219174460e+00 },
  {+1.171004496136e+00,+1.471133759884e+00,+1.873934126178e+00,+2.413712047136e+00,+3.143219174460e+00,+4.153994342255e+00 }   }
{ {+7.216832069869e-01,+7.134529232361e-01,+7.987380418040e-01,+9.510868930890e-01,+1.171004496136e+00,+1.471133759884e+00 },
  {+7.134529232361e-01,+7.987143594222e-01,+9.510868930890e-01,+1.171004496136e+00,+1.471133759884e+00,+1.873934126178e+00 },
  {+7.987380418040e-01,+9.510868930890e-01,+1.170980813754e+00,+1.471133759884e+00,+1.873934126178e+00,+2.413712047136e+00 },
  {+9.510868930890e-01,+1.171004496136e+00,+1.471133759884e+00,+1.873910443796e+00,+2.413712047136e+00,+3.143219174460e+00 },
  {+1.171004496136e+00,+1.471133759884e+00,+1.873934126178e+00,+2.413712047136e+00,+3.143195492078e+00,+4.154018024637e+00 },
  {+1.471133759884e+00,+1.873934126178e+00,+2.413712047136e+00,+3.143219174460e+00,+4.154018024637e+00,+5.730943091958e+00 }   }
}
yMat = 
{
{ {+6.282517166098e-05,-9.810122412325e-04,+3.263855845317e-03,-3.989369704558e-03,+1.947827215415e-03,-2.984783359136e-04 },
  {-9.810122412325e-04,+1.531846220240e-02,-5.096496282019e-02,+6.229382923284e-02,-3.041523471579e-02,+4.660725844954e-03 },
  {+3.263855845317e-03,-5.096496282019e-02,+1.695618921106e-01,-2.072533553846e-01,+1.011923576907e-01,-1.550636847646e-02 },
  {-3.989369704558e-03,+6.229382923284e-02,-2.072533553846e-01,+2.533231540620e-01,-1.236861384928e-01,+1.895323799808e-02 },
  {+1.947827215415e-03,-3.041523471579e-02,+1.011923576907e-01,-1.236861384928e-01,+6.039029835981e-02,-9.254001390426e-03 },
  {-2.984783359136e-04,+4.660725844954e-03,-1.550636847646e-02,+1.895323799808e-02,-9.254001390426e-03,+1.418051310556e-03 }   }
{ {+1.701964050364e-03,-1.073509292709e-02,+2.103843434894e-02,-1.635005757169e-02,+4.764562884543e-03,-2.735933412062e-04 },
  {-1.073509292709e-02,+6.771131277927e-02,-1.326993644361e-01,+1.031275527576e-01,-3.005235352157e-02,+1.725682714305e-03 },
  {+2.103843434894e-02,-1.326993644361e-01,+2.600617326553e-01,-2.021074491849e-01,+5.889604038725e-02,-3.381960709477e-03 },
  {-1.635005757169e-02,+1.031275527576e-01,-2.021074491849e-01,+1.570681722335e-01,-4.577116505462e-02,+2.628296924954e-03 },
  {+4.764562884543e-03,-3.005235352157e-02,+5.889604038725e-02,-4.577116505462e-02,+1.333815451385e-02,-7.659108185572e-04 },
  {-2.735933412062e-04,+1.725682714305e-03,-3.381960709477e-03,+2.628296924954e-03,-7.659108185572e-04,+4.398055078564e-05 }   }
}
    main loop time = 0.110000
        total time = 0.110000
  file   read time = 0.000000
