SDPA-GMP start at Wed Jun  5 23:35:13 2024
*SDP Scan Problem: V = x^2 - 2*x^4 + x^8
* K = 6; eval = 7.185929648241206; Domain = R+ with BCs: Neumann
data      is /Users/gorg/qmBoot/data/K=6_BC-Neumann_V_0.0_0.0_1.0_0.0_-2.0_0.0_0.0_0.0_1.0/e=7.185929648241206_K=6_D=R+.dat
parameter is ./param.sdpa
out       is /Users/gorg/qmBoot/data/K=6_BC-Neumann_V_0.0_0.0_1.0_0.0_-2.0_0.0_0.0_0.0_1.0/e=7.185929648241206_K=6_D=R+.out
DENSE computation
   mu      thetaP  thetaD  objP      objD      alphaP  alphaD  beta 
 0 1.0e+20 1.0e+00 1.0e+00 +0.00e+00 -2.65e+10 1.0e+00 9.0e-01 3.00e-01
 1 1.6e+19 8.6e-88 1.0e-01 +1.60e+10 -2.65e+09 9.0e-01 9.0e-01 3.00e-01
 2 2.5e+18 1.7e-87 1.0e-02 +2.46e+10 -2.65e+08 9.0e-01 9.0e-01 3.00e-01
 3 3.8e+17 2.6e-87 1.0e-03 +3.79e+10 -2.65e+07 9.0e-01 9.0e-01 3.00e-01
 4 5.8e+16 1.7e-87 1.0e-04 +5.84e+10 -2.65e+06 9.0e-01 9.0e-01 3.00e-01
 5 9.0e+15 3.5e-87 1.0e-05 +9.00e+10 -2.65e+05 9.0e-01 9.0e-01 3.00e-01
 6 1.4e+15 5.2e-87 1.0e-06 +1.39e+11 -2.65e+04 9.0e-01 9.0e-01 3.00e-01
 7 2.1e+14 6.0e-87 1.0e-07 +2.13e+11 -2.65e+03 9.0e-01 9.0e-01 3.00e-01
 8 3.3e+13 6.0e-87 1.0e-08 +3.29e+11 -2.65e+02 9.0e-01 9.0e-01 3.00e-01
 9 5.1e+12 6.0e-87 1.0e-09 +5.05e+11 -2.67e+01 9.0e-01 9.0e-01 3.00e-01
10 8.5e+11 8.6e-87 1.0e-10 +7.66e+11 -2.85e+00 8.8e-01 8.8e-01 3.00e-01
11 2.1e+11 8.6e-87 1.2e-11 +1.03e+12 -4.60e-01 1.9e+00 9.2e-01 3.00e-01
12 4.9e+10 9.5e-87 9.3e-13 +4.74e+11 -2.35e-01 1.2e+00 1.0e+00 3.00e-01
13 1.1e+10 1.5e-86 6.1e-94 +1.26e+11 -3.88e-01 9.7e-01 9.7e-01 1.00e-01
14 1.4e+09 1.5e-86 6.8e-94 +1.64e+10 -3.90e-01 9.9e-01 9.9e-01 1.00e-01
15 1.5e+08 1.7e-86 1.5e-93 +1.80e+09 -3.92e-01 1.0e+00 1.0e+00 1.00e-01
16 1.5e+07 1.9e-86 5.5e-93 +1.82e+08 -3.94e-01 1.0e+00 1.0e+00 1.00e-01
17 1.5e+06 2.0e-86 8.5e-93 +1.83e+07 -3.96e-01 1.0e+00 1.0e+00 1.00e-01
18 1.5e+05 2.1e-86 6.4e-92 +1.83e+06 -3.97e-01 1.0e+00 1.0e+00 1.00e-01
19 1.5e+04 2.2e-86 2.4e-91 +1.83e+05 -3.99e-01 1.0e+00 1.0e+00 1.00e-01
20 1.5e+03 2.2e-86 4.0e-91 +1.83e+04 -4.00e-01 1.0e+00 1.0e+00 1.00e-01
21 1.5e+02 2.5e-86 1.6e-90 +1.83e+03 -4.01e-01 1.0e+00 1.0e+00 1.00e-01
22 1.5e+01 2.5e-86 7.4e-90 +1.83e+02 -4.02e-01 1.0e+00 7.9e+01 1.00e-01
23 1.6e+00 2.8e-86 2.2e-87 +1.84e+01 -1.86e-01 9.8e-01 9.8e-01 1.00e-01
24 1.8e-01 2.9e-86 1.4e-88 +1.93e+00 -1.91e-01 9.2e-01 1.6e+00 1.00e-01
25 2.6e-02 3.0e-86 2.9e-88 +2.44e-01 -6.63e-02 8.9e-01 1.1e+00 1.00e-01
26 4.5e-03 3.1e-86 1.4e-88 +3.04e-02 -2.31e-02 8.9e-01 9.1e-01 1.00e-01
27 8.4e-04 3.1e-86 7.2e-89 +3.41e-03 -6.73e-03 9.2e-01 9.4e-01 1.00e-01
28 1.3e-04 3.0e-86 2.6e-89 +3.59e-04 -1.26e-03 9.4e-01 9.8e-01 1.00e-01
29 1.7e-05 2.9e-86 9.7e-90 +1.68e-05 -1.92e-04 1.0e+00 9.5e-01 1.00e-01
30 2.4e-06 2.9e-86 4.3e-89 -1.92e-05 -4.75e-05 1.0e+00 9.8e-01 1.00e-01
31 2.8e-07 3.0e-86 5.5e-89 -2.29e-05 -2.62e-05 1.0e+00 9.8e-01 1.00e-01
32 3.1e-08 3.0e-86 1.7e-88 -2.33e-05 -2.37e-05 1.0e+00 9.9e-01 1.00e-01
33 3.2e-09 2.9e-86 1.4e-88 -2.33e-05 -2.34e-05 1.0e+00 9.9e-01 1.00e-01
34 3.2e-10 3.0e-86 4.2e-89 -2.33e-05 -2.33e-05 1.0e+00 9.9e-01 1.00e-01
35 3.2e-11 3.0e-86 4.7e-91 -2.33e-05 -2.33e-05 1.0e+00 9.9e-01 1.00e-01
36 3.2e-12 3.0e-86 2.4e-90 -2.33e-05 -2.33e-05 1.0e+00 9.9e-01 1.00e-01
37 3.2e-13 2.9e-86 3.6e-90 -2.33e-05 -2.33e-05 1.0e+00 9.9e-01 1.00e-01
38 3.2e-14 2.9e-86 1.9e-90 -2.33e-05 -2.33e-05 1.0e+00 9.9e-01 1.00e-01
39 3.2e-15 2.9e-86 9.5e-90 -2.33e-05 -2.33e-05 1.0e+00 9.9e-01 1.00e-01
40 3.2e-16 3.1e-86 1.4e-89 -2.33e-05 -2.33e-05 1.0e+00 9.9e-01 1.00e-01
41 3.2e-17 3.0e-86 5.0e-90 -2.33e-05 -2.33e-05 1.0e+00 9.9e-01 1.00e-01
42 3.2e-18 3.1e-86 4.7e-90 -2.33e-05 -2.33e-05 1.0e+00 9.9e-01 1.00e-01
43 3.2e-19 3.0e-86 1.2e-89 -2.33e-05 -2.33e-05 1.0e+00 9.9e-01 1.00e-01
44 3.2e-20 3.0e-86 7.5e-90 -2.33e-05 -2.33e-05 1.0e+00 9.9e-01 1.00e-01
45 3.2e-21 2.9e-86 4.2e-80 -2.33e-05 -2.33e-05 1.0e+00 9.9e-01 1.00e-01
46 3.2e-22 3.0e-86 2.6e-80 -2.33e-05 -2.33e-05 1.0e+00 9.9e-01 1.00e-01
47 3.2e-23 3.0e-86 1.5e-80 -2.33e-05 -2.33e-05 1.0e+00 9.9e-01 1.00e-01
48 3.2e-24 3.0e-86 8.5e-81 -2.33e-05 -2.33e-05 1.0e+00 9.9e-01 1.00e-01
49 3.2e-25 3.0e-86 3.6e-81 -2.33e-05 -2.33e-05 1.0e+00 9.9e-01 1.00e-01
50 3.2e-26 3.0e-86 7.7e-82 -2.33e-05 -2.33e-05 1.0e+00 9.9e-01 1.00e-01
51 3.2e-27 2.9e-86 1.7e-82 -2.33e-05 -2.33e-05 1.0e+00 9.9e-01 1.00e-01
52 3.2e-28 2.9e-86 6.7e-82 -2.33e-05 -2.33e-05 1.0e+00 9.9e-01 1.00e-01
53 3.2e-29 2.9e-86 2.1e-81 -2.33e-05 -2.33e-05 1.0e+00 9.9e-01 1.00e-01
54 3.2e-30 3.1e-86 5.5e-80 -2.33e-05 -2.33e-05 1.0e+00 9.9e-01 1.00e-01
55 3.2e-31 3.0e-86 5.0e-79 -2.33e-05 -2.33e-05 1.0e+00 9.9e-01 1.00e-01
56 3.2e-32 2.9e-86 5.7e-79 -2.33e-05 -2.33e-05 1.0e+00 9.9e-01 1.00e-01

phase.value = pdOPT     
   Iteration = 56
          mu = 3.1881329682258327e-32
relative gap = 3.8257595618709992e-31
         gap = 3.8257595618709992e-31
      digits = 2.5785459265640611e+01
objValPrimal = -2.3344089413972153e-05
objValDual   = -2.3344089413972153e-05
p.feas.error = 2.9362973087321112e-76
d.feas.error = 6.8344745958116979e-68
relative eps = 8.6361685550944446e-78
total time   = 0.110


Parameters are
maxIteration =    200
epsilonStar  = 1.000e-30
lambdaStar   = 1.000e+10
omegaStar    = 2.000e+00
lowerBound   = -1.000e+05
upperBound   = 1.000e+05
betaStar     = 1.000e-01
betaBar      = 3.000e-01
gammaStar    = 9.000e-01
epsilonDash  = 1.000e-30
precision    =    200

                         Time(sec)  Ratio(% : MainLoop) 
 Predictor time  =       0.030000,  27.272727
 Corrector time  =       0.010000,  9.090909
 Make bMat time  =       0.010000,  9.090909
 Make bDia time  =       0.000000,  0.000000
 Make bF1  time  =       0.010000,  9.090909
 Make bF2  time  =       0.000000,  0.000000
 Make bF3  time  =       0.000000,  0.000000
 Make bPRE time  =       0.000000,  0.000000
 Make rMat time  =       0.000000,  0.000000
 Make gVec Mul   =       0.000000,  0.000000
 Make gVec time  =       0.000000,  0.000000
 Cholesky bMat   =       0.020000,  18.181818
 Ste Pre time    =       0.000000,  0.000000
 Ste Cor time    =       0.060000,  54.545455
 solve           =       0.000000,  0.000000
 sumDz           =       0.000000,  0.000000
 makedX          =       0.000000,  0.000000
 symmetriseDx    =       0.000000,  0.000000
 makedXdZ        =       0.000000,  0.000000
 xMatTime        =       0.000000,  0.000000
 zMatTime        =       0.010000,  9.090909
 invzMatTime     =       0.000000,  0.000000
 xMatzMatTime    =       0.000000,  0.000000
 EigxMatTime     =       0.040000,  36.363636
 EigzMatTime     =       0.020000,  18.181818
 EigxMatzMatTime =       0.000000,  0.000000
 updateRes       =       0.000000,  0.000000
 EigTime         =       0.060000,  54.545455
 sub_total_bMat  =       0.100000,  90.909091
 Main Loop       =       0.110000,  100.000000
 File Check      =       0.000000,  0.000000
 File Change     =       0.000000,  0.000000
 File Read       =       0.000000,  0.000000
 Total           =       0.110000,  100.000000

xVec = 
{+2.334408941397e-05,+7.129517026053e-01,+6.989771268524e-01,+7.760934437566e-01,+9.165504187236e-01,+1.119493371749e+00,+1.395668783142e+00,+1.764839962145e+00}
xMat = 
{
{ {+9.999766559106e-01,+7.129517026053e-01,+6.989771268524e-01,+7.760934437566e-01,+9.165504187236e-01,+1.119493371749e+00 },
  {+7.129517026053e-01,+6.989537827630e-01,+7.760934437566e-01,+9.165504187236e-01,+1.119493371749e+00,+1.395668783142e+00 },
  {+6.989771268524e-01,+7.760934437566e-01,+9.165270746341e-01,+1.119493371749e+00,+1.395668783142e+00,+1.764839962145e+00 },
  {+7.760934437566e-01,+9.165504187236e-01,+1.119493371749e+00,+1.395645439052e+00,+1.764839962145e+00,+2.257455581376e+00 },
  {+9.165504187236e-01,+1.119493371749e+00,+1.395668783142e+00,+1.764839962145e+00,+2.257432237286e+00,+2.920617055973e+00 },
  {+1.119493371749e+00,+1.395668783142e+00,+1.764839962145e+00,+2.257455581376e+00,+2.920617055973e+00,+3.836960589396e+00 }   }
{ {+7.129283585159e-01,+6.989771268524e-01,+7.760934437566e-01,+9.165504187236e-01,+1.119493371749e+00,+1.395668783142e+00 },
  {+6.989771268524e-01,+7.760700996672e-01,+9.165504187236e-01,+1.119493371749e+00,+1.395668783142e+00,+1.764839962145e+00 },
  {+7.760934437566e-01,+9.165504187236e-01,+1.119470027660e+00,+1.395668783142e+00,+1.764839962145e+00,+2.257455581376e+00 },
  {+9.165504187236e-01,+1.119493371749e+00,+1.395668783142e+00,+1.764816618055e+00,+2.257455581376e+00,+2.920617055973e+00 },
  {+1.119493371749e+00,+1.395668783142e+00,+1.764839962145e+00,+2.257455581376e+00,+2.920593711883e+00,+3.836983933485e+00 },
  {+1.395668783142e+00,+1.764839962145e+00,+2.257455581376e+00,+2.920617055973e+00,+3.836983933485e+00,+5.270743462386e+00 }   }
}
yMat = 
{
{ {+5.938331234175e-05,-9.410019859465e-04,+3.157303763562e-03,-3.886366050247e-03,+1.909974627677e-03,-2.945804885922e-04 },
  {-9.410019859465e-04,+1.491133961102e-02,-5.003138078001e-02,+6.158427388407e-02,-3.026590883661e-02,+4.667991963652e-03 },
  {+3.157303763562e-03,-5.003138078001e-02,+1.678681545758e-01,-2.066310832648e-01,+1.015499109509e-01,-1.566231401764e-02 },
  {-3.886366050247e-03,+6.158427388407e-02,-2.066310832648e-01,+2.543448736843e-01,-1.249990991934e-01,+1.927894495580e-02 },
  {+1.909974627677e-03,-3.026590883661e-02,+1.015499109509e-01,-1.249990991934e-01,+6.143145160674e-02,-9.474736871896e-03 },
  {-2.945804885922e-04,+4.667991963652e-03,-1.566231401764e-02,+1.927894495580e-02,-9.474736871896e-03,+1.461313975882e-03 }   }
{ {+1.636838932163e-03,-1.043454087930e-02,+2.060256698726e-02,-1.611963064425e-02,+4.727836905610e-03,-2.731941267792e-04 },
  {-1.043454087930e-02,+6.651823904129e-02,-1.313374964529e-01,+1.027596189286e-01,-3.013907263132e-02,+1.741561266565e-03 },
  {+2.060256698726e-02,-1.313374964529e-01,+2.593204243398e-01,-2.028945937394e-01,+5.950834540815e-02,-3.438640288239e-03 },
  {-1.611963064425e-02,+1.027596189286e-01,-2.028945937394e-01,+1.587465247809e-01,-4.655985580937e-02,+2.690422576911e-03 },
  {+4.727836905610e-03,-3.013907263132e-02,+5.950834540815e-02,-4.655985580937e-02,+1.365585908719e-02,-7.890924693950e-04 },
  {-2.731941267792e-04,+1.741561266565e-03,-3.438640288239e-03,+2.690422576911e-03,-7.890924693950e-04,+4.559705261164e-05 }   }
}
    main loop time = 0.110000
        total time = 0.110000
  file   read time = 0.000000
