SDPA-GMP start at Wed Jun  5 23:35:13 2024
*SDP Scan Problem: V = x^2 - 2*x^4 + x^8
* K = 6; eval = 7.8894472361809065; Domain = R+ with BCs: Neumann
data      is /Users/gorg/qmBoot/data/K=6_BC-Neumann_V_0.0_0.0_1.0_0.0_-2.0_0.0_0.0_0.0_1.0/e=7.8894472361809065_K=6_D=R+.dat
parameter is ./param.sdpa
out       is /Users/gorg/qmBoot/data/K=6_BC-Neumann_V_0.0_0.0_1.0_0.0_-2.0_0.0_0.0_0.0_1.0/e=7.8894472361809065_K=6_D=R+.out
DENSE computation
   mu      thetaP  thetaD  objP      objD      alphaP  alphaD  beta 
 0 1.0e+20 1.0e+00 1.0e+00 +0.00e+00 -2.79e+10 1.0e+00 9.0e-01 3.00e-01
 1 1.6e+19 8.6e-88 1.0e-01 +1.60e+10 -2.79e+09 9.0e-01 9.0e-01 3.00e-01
 2 2.5e+18 1.7e-87 1.0e-02 +2.46e+10 -2.79e+08 9.0e-01 9.0e-01 3.00e-01
 3 3.8e+17 2.6e-87 1.0e-03 +3.79e+10 -2.79e+07 9.0e-01 9.0e-01 3.00e-01
 4 5.8e+16 3.5e-87 1.0e-04 +5.84e+10 -2.79e+06 9.0e-01 9.0e-01 3.00e-01
 5 9.0e+15 4.3e-87 1.0e-05 +9.00e+10 -2.79e+05 9.0e-01 9.0e-01 3.00e-01
 6 1.4e+15 6.9e-87 1.0e-06 +1.39e+11 -2.79e+04 9.0e-01 9.0e-01 3.00e-01
 7 2.1e+14 9.5e-87 1.0e-07 +2.13e+11 -2.79e+03 9.0e-01 9.0e-01 3.00e-01
 8 3.3e+13 1.2e-86 1.0e-08 +3.29e+11 -2.79e+02 9.0e-01 9.0e-01 3.00e-01
 9 5.1e+12 1.5e-86 1.0e-09 +5.05e+11 -2.81e+01 9.0e-01 9.0e-01 3.00e-01
10 8.5e+11 1.6e-86 1.0e-10 +7.66e+11 -3.00e+00 8.8e-01 8.8e-01 3.00e-01
11 2.2e+11 1.7e-86 1.2e-11 +1.03e+12 -4.81e-01 1.9e+00 9.2e-01 3.00e-01
12 4.9e+10 2.0e-86 9.7e-13 +4.72e+11 -2.45e-01 1.2e+00 1.0e+00 3.00e-01
13 1.0e+10 2.6e-86 8.4e-94 +1.25e+11 -4.09e-01 9.7e-01 9.7e-01 1.00e-01
14 1.4e+09 2.6e-86 7.0e-94 +1.63e+10 -4.11e-01 9.9e-01 9.9e-01 1.00e-01
15 1.5e+08 2.9e-86 1.3e-93 +1.80e+09 -4.13e-01 1.0e+00 1.0e+00 1.00e-01
16 1.5e+07 2.8e-86 8.6e-93 +1.83e+08 -4.15e-01 1.0e+00 1.0e+00 1.00e-01
17 1.5e+06 2.9e-86 2.7e-92 +1.83e+07 -4.17e-01 1.0e+00 1.0e+00 1.00e-01
18 1.5e+05 3.1e-86 6.6e-92 +1.83e+06 -4.19e-01 1.0e+00 1.0e+00 1.00e-01
19 1.5e+04 3.6e-86 1.8e-91 +1.83e+05 -4.20e-01 1.0e+00 1.0e+00 1.00e-01
20 1.5e+03 3.3e-86 7.2e-91 +1.83e+04 -4.22e-01 1.0e+00 1.0e+00 1.00e-01
21 1.5e+02 3.8e-86 3.0e-90 +1.83e+03 -4.23e-01 1.0e+00 1.0e+00 1.00e-01
22 1.5e+01 4.0e-86 7.3e-90 +1.83e+02 -4.23e-01 1.0e+00 7.4e+01 1.00e-01
23 1.6e+00 4.1e-86 2.3e-87 +1.85e+01 -1.89e-01 9.8e-01 9.8e-01 1.00e-01
24 1.8e-01 4.0e-86 1.5e-88 +1.94e+00 -1.95e-01 9.2e-01 1.5e+00 1.00e-01
25 2.6e-02 3.8e-86 3.4e-88 +2.42e-01 -6.97e-02 8.9e-01 1.1e+00 1.00e-01
26 4.5e-03 3.9e-86 1.4e-88 +3.02e-02 -2.41e-02 9.0e-01 9.1e-01 1.00e-01
27 8.6e-04 3.9e-86 5.6e-89 +3.35e-03 -6.97e-03 9.3e-01 9.3e-01 1.00e-01
28 1.4e-04 3.8e-86 1.3e-89 +3.52e-04 -1.32e-03 9.5e-01 9.8e-01 1.00e-01
29 1.8e-05 3.9e-86 1.2e-89 +1.59e-05 -1.95e-04 1.0e+00 9.5e-01 1.00e-01
30 2.4e-06 3.7e-86 4.1e-89 -1.96e-05 -4.80e-05 1.0e+00 9.7e-01 1.00e-01
31 2.8e-07 3.9e-86 9.4e-89 -2.33e-05 -2.67e-05 1.0e+00 9.8e-01 1.00e-01
32 3.2e-08 3.9e-86 2.9e-88 -2.37e-05 -2.41e-05 1.0e+00 9.9e-01 1.00e-01
33 3.3e-09 3.8e-86 6.3e-90 -2.37e-05 -2.38e-05 1.0e+00 9.9e-01 1.00e-01
34 3.3e-10 3.9e-86 2.2e-89 -2.37e-05 -2.37e-05 1.0e+00 9.9e-01 1.00e-01
35 3.3e-11 3.9e-86 3.3e-90 -2.37e-05 -2.37e-05 1.0e+00 9.9e-01 1.00e-01
36 3.3e-12 4.0e-86 2.0e-89 -2.37e-05 -2.37e-05 1.0e+00 9.9e-01 1.00e-01
37 3.3e-13 3.9e-86 4.1e-90 -2.37e-05 -2.37e-05 1.0e+00 9.9e-01 1.00e-01
38 3.3e-14 3.8e-86 1.7e-90 -2.37e-05 -2.37e-05 1.0e+00 9.9e-01 1.00e-01
39 3.3e-15 3.8e-86 8.4e-90 -2.37e-05 -2.37e-05 1.0e+00 9.9e-01 1.00e-01
40 3.3e-16 3.8e-86 7.2e-90 -2.37e-05 -2.37e-05 1.0e+00 9.9e-01 1.00e-01
41 3.3e-17 3.8e-86 8.0e-90 -2.37e-05 -2.37e-05 1.0e+00 9.9e-01 1.00e-01
42 3.3e-18 3.9e-86 1.6e-89 -2.37e-05 -2.37e-05 1.0e+00 9.9e-01 1.00e-01
43 3.3e-19 3.9e-86 1.8e-90 -2.37e-05 -2.37e-05 1.0e+00 9.9e-01 1.00e-01
44 3.3e-20 3.9e-86 9.9e-90 -2.37e-05 -2.37e-05 1.0e+00 9.9e-01 1.00e-01
45 3.3e-21 3.9e-86 4.6e-80 -2.37e-05 -2.37e-05 1.0e+00 9.9e-01 1.00e-01
46 3.3e-22 3.9e-86 2.2e-80 -2.37e-05 -2.37e-05 1.0e+00 9.9e-01 1.00e-01
47 3.3e-23 3.9e-86 2.4e-80 -2.37e-05 -2.37e-05 1.0e+00 9.9e-01 1.00e-01
48 3.3e-24 3.9e-86 9.7e-81 -2.37e-05 -2.37e-05 1.0e+00 9.9e-01 1.00e-01
49 3.3e-25 3.8e-86 2.0e-81 -2.37e-05 -2.37e-05 1.0e+00 9.9e-01 1.00e-01
50 3.3e-26 3.9e-86 1.1e-81 -2.37e-05 -2.37e-05 1.0e+00 9.9e-01 1.00e-01
51 3.3e-27 3.9e-86 3.9e-82 -2.37e-05 -2.37e-05 1.0e+00 9.9e-01 1.00e-01
52 3.3e-28 3.8e-86 9.9e-82 -2.37e-05 -2.37e-05 1.0e+00 9.9e-01 1.00e-01
53 3.3e-29 3.9e-86 6.8e-81 -2.37e-05 -2.37e-05 1.0e+00 9.9e-01 1.00e-01
54 3.3e-30 3.8e-86 9.8e-80 -2.37e-05 -2.37e-05 1.0e+00 9.9e-01 1.00e-01
55 3.3e-31 3.7e-86 5.0e-79 -2.37e-05 -2.37e-05 1.0e+00 9.9e-01 1.00e-01
56 3.3e-32 3.9e-86 2.7e-78 -2.37e-05 -2.37e-05 1.0e+00 9.9e-01 1.00e-01

phase.value = pdOPT     
   Iteration = 56
          mu = 3.3085476523084272e-32
relative gap = 3.9702571827701127e-31
         gap = 3.9702571827701127e-31
      digits = 2.5776623469071058e+01
objValPrimal = -2.3737889791203988e-05
objValDual   = -2.3737889791203988e-05
p.feas.error = 3.8862758497925001e-76
d.feas.error = 3.1913670986629407e-67
relative eps = 8.6361685550944446e-78
total time   = 0.110


Parameters are
maxIteration =    200
epsilonStar  = 1.000e-30
lambdaStar   = 1.000e+10
omegaStar    = 2.000e+00
lowerBound   = -1.000e+05
upperBound   = 1.000e+05
betaStar     = 1.000e-01
betaBar      = 3.000e-01
gammaStar    = 9.000e-01
epsilonDash  = 1.000e-30
precision    =    200

                         Time(sec)  Ratio(% : MainLoop) 
 Predictor time  =       0.030000,  27.272727
 Corrector time  =       0.010000,  9.090909
 Make bMat time  =       0.020000,  18.181818
 Make bDia time  =       0.000000,  0.000000
 Make bF1  time  =       0.020000,  18.181818
 Make bF2  time  =       0.000000,  0.000000
 Make bF3  time  =       0.000000,  0.000000
 Make bPRE time  =       0.020000,  18.181818
 Make rMat time  =       0.000000,  0.000000
 Make gVec Mul   =       0.000000,  0.000000
 Make gVec time  =       0.000000,  0.000000
 Cholesky bMat   =       0.000000,  0.000000
 Ste Pre time    =       0.000000,  0.000000
 Ste Cor time    =       0.060000,  54.545455
 solve           =       0.000000,  0.000000
 sumDz           =       0.000000,  0.000000
 makedX          =       0.020000,  18.181818
 symmetriseDx    =       0.000000,  0.000000
 makedXdZ        =       0.020000,  18.181818
 xMatTime        =       0.000000,  0.000000
 zMatTime        =       0.010000,  9.090909
 invzMatTime     =       0.000000,  0.000000
 xMatzMatTime    =       0.000000,  0.000000
 EigxMatTime     =       0.020000,  18.181818
 EigzMatTime     =       0.040000,  36.363636
 EigxMatzMatTime =       0.000000,  0.000000
 updateRes       =       0.000000,  0.000000
 EigTime         =       0.060000,  54.545455
 sub_total_bMat  =       0.090000,  81.818182
 Main Loop       =       0.110000,  100.000000
 File Check      =       0.000000,  0.000000
 File Change     =       0.000000,  0.000000
 File Read       =       0.000000,  0.000000
 Total           =       0.110000,  100.000000

xVec = 
{+2.373788979120e-05,+7.230893651532e-01,+7.157635650827e-01,+8.023827583561e-01,+9.566844643580e-01,+1.179404975743e+00,+1.483510611456e+00,+1.891921629023e+00}
xMat = 
{
{ {+9.999762621102e-01,+7.230893651532e-01,+7.157635650827e-01,+8.023827583561e-01,+9.566844643580e-01,+1.179404975743e+00 },
  {+7.230893651532e-01,+7.157398271929e-01,+8.023827583561e-01,+9.566844643580e-01,+1.179404975743e+00,+1.483510611456e+00 },
  {+7.157635650827e-01,+8.023827583561e-01,+9.566607264682e-01,+1.179404975743e+00,+1.483510611456e+00,+1.891921629023e+00 },
  {+8.023827583561e-01,+9.566844643580e-01,+1.179404975743e+00,+1.483486873566e+00,+1.891921629023e+00,+2.439605378433e+00 },
  {+9.566844643580e-01,+1.179404975743e+00,+1.483510611456e+00,+1.891921629023e+00,+2.439581640543e+00,+3.180283032222e+00 },
  {+1.179404975743e+00,+1.483510611456e+00,+1.891921629023e+00,+2.439605378433e+00,+3.180283032222e+00,+4.207019818971e+00 }   }
{ {+7.230656272635e-01,+7.157635650827e-01,+8.023827583561e-01,+9.566844643580e-01,+1.179404975743e+00,+1.483510611456e+00 },
  {+7.157635650827e-01,+8.023590204663e-01,+9.566844643580e-01,+1.179404975743e+00,+1.483510611456e+00,+1.891921629023e+00 },
  {+8.023827583561e-01,+9.566844643580e-01,+1.179381237853e+00,+1.483510611456e+00,+1.891921629023e+00,+2.439605378433e+00 },
  {+9.566844643580e-01,+1.179404975743e+00,+1.483510611456e+00,+1.891897891133e+00,+2.439605378433e+00,+3.180283032222e+00 },
  {+1.179404975743e+00,+1.483510611456e+00,+1.891921629023e+00,+2.439605378433e+00,+3.180259294332e+00,+4.207043556861e+00 },
  {+1.483510611456e+00,+1.891921629023e+00,+2.439605378433e+00,+3.180283032222e+00,+4.207043556861e+00,+5.808225837306e+00 }   }
}
yMat = 
{
{ {+6.338819488587e-05,-9.875126991342e-04,+3.281069385607e-03,-4.005899047058e-03,+1.953846377791e-03,-2.990888081426e-04 },
  {-9.875126991342e-04,+1.538427356556e-02,-5.111515938987e-02,+6.240714359420e-02,-3.043860317682e-02,+4.659447973578e-03 },
  {+3.281069385607e-03,-5.111515938987e-02,+1.698331421576e-01,-2.073514279560e-01,+1.011340604649e-01,-1.548129164652e-02 },
  {-4.005899047058e-03,+6.240714359420e-02,-2.073514279560e-01,+2.531579768775e-01,-1.234758515680e-01,+1.890130447288e-02 },
  {+1.953846377791e-03,-3.043860317682e-02,+1.011340604649e-01,-1.234758515680e-01,+6.022439469812e-02,-9.218965542078e-03 },
  {-2.990888081426e-04,+4.659447973578e-03,-1.548129164652e-02,+1.890130447288e-02,-9.218965542078e-03,+1.411210956823e-03 }   }
{ {+1.712539725832e-03,-1.078365652518e-02,+2.110844445812e-02,-1.638674331702e-02,+4.770300530312e-03,-2.736451537234e-04 },
  {-1.078365652518e-02,+6.790338717339e-02,-1.329173340528e-01,+1.031853502908e-01,-3.003800826621e-02,+1.723110595930e-03 },
  {+2.110844445812e-02,-1.329173340528e-01,+2.601787396348e-01,-2.019799342107e-01,+5.879783240864e-02,-3.372898999932e-03 },
  {-1.638674331702e-02,+1.031853502908e-01,-2.019799342107e-01,+1.567994905387e-01,-4.564547563839e-02,+2.618422700724e-03 },
  {+4.770300530312e-03,-3.003800826621e-02,+5.879783240864e-02,-4.564547563839e-02,+1.328773096836e-02,-7.622419510821e-04 },
  {-2.736451537234e-04,+1.723110595930e-03,-3.372898999932e-03,+2.618422700724e-03,-7.622419510821e-04,+4.372550839363e-05 }   }
}
    main loop time = 0.110000
        total time = 0.110000
  file   read time = 0.000000
