SDPA-GMP start at Wed Jun  5 23:35:13 2024
*SDP Scan Problem: V = x^2 - 2*x^4 + x^8
* K = 6; eval = 8.592964824120603; Domain = R+ with BCs: Neumann
data      is /Users/gorg/qmBoot/data/K=6_BC-Neumann_V_0.0_0.0_1.0_0.0_-2.0_0.0_0.0_0.0_1.0/e=8.592964824120603_K=6_D=R+.dat
parameter is ./param.sdpa
out       is /Users/gorg/qmBoot/data/K=6_BC-Neumann_V_0.0_0.0_1.0_0.0_-2.0_0.0_0.0_0.0_1.0/e=8.592964824120603_K=6_D=R+.out
DENSE computation
   mu      thetaP  thetaD  objP      objD      alphaP  alphaD  beta 
 0 1.0e+20 1.0e+00 1.0e+00 +0.00e+00 -2.93e+10 1.0e+00 9.0e-01 3.00e-01
 1 1.6e+19 8.6e-88 1.0e-01 +1.60e+10 -2.93e+09 9.0e-01 9.0e-01 3.00e-01
 2 2.5e+18 3.5e-87 1.0e-02 +2.46e+10 -2.93e+08 9.0e-01 9.0e-01 3.00e-01
 3 3.8e+17 2.6e-87 1.0e-03 +3.79e+10 -2.93e+07 9.0e-01 9.0e-01 3.00e-01
 4 5.8e+16 1.7e-87 1.0e-04 +5.84e+10 -2.93e+06 9.0e-01 9.0e-01 3.00e-01
 5 9.0e+15 3.5e-87 1.0e-05 +9.00e+10 -2.93e+05 9.0e-01 9.0e-01 3.00e-01
 6 1.4e+15 2.6e-87 1.0e-06 +1.39e+11 -2.93e+04 9.0e-01 9.0e-01 3.00e-01
 7 2.1e+14 3.5e-87 1.0e-07 +2.13e+11 -2.93e+03 9.0e-01 9.0e-01 3.00e-01
 8 3.3e+13 5.2e-87 1.0e-08 +3.29e+11 -2.93e+02 9.0e-01 9.0e-01 3.00e-01
 9 5.1e+12 6.9e-87 1.0e-09 +5.05e+11 -2.95e+01 9.0e-01 9.0e-01 3.00e-01
10 8.6e+11 6.9e-87 1.0e-10 +7.66e+11 -3.14e+00 8.8e-01 8.8e-01 3.00e-01
11 2.2e+11 9.5e-87 1.2e-11 +1.03e+12 -5.02e-01 2.0e+00 9.2e-01 3.00e-01
12 5.0e+10 1.0e-86 1.0e-12 +4.69e+11 -2.55e-01 1.3e+00 1.0e+00 3.00e-01
13 1.0e+10 1.1e-86 5.6e-94 +1.24e+11 -4.31e-01 9.6e-01 9.6e-01 1.00e-01
14 1.4e+09 1.5e-86 1.2e-93 +1.63e+10 -4.33e-01 9.9e-01 9.9e-01 1.00e-01
15 1.5e+08 1.7e-86 1.5e-93 +1.82e+09 -4.35e-01 1.0e+00 1.0e+00 1.00e-01
16 1.5e+07 1.5e-86 9.3e-93 +1.84e+08 -4.37e-01 1.0e+00 1.0e+00 1.00e-01
17 1.5e+06 1.7e-86 2.3e-92 +1.84e+07 -4.39e-01 1.0e+00 1.0e+00 1.00e-01
18 1.5e+05 1.6e-86 4.6e-92 +1.84e+06 -4.41e-01 1.0e+00 1.0e+00 1.00e-01
19 1.5e+04 2.0e-86 1.9e-91 +1.84e+05 -4.42e-01 1.0e+00 1.0e+00 1.00e-01
20 1.5e+03 2.0e-86 1.0e-90 +1.84e+04 -4.44e-01 1.0e+00 1.0e+00 1.00e-01
21 1.5e+02 2.3e-86 2.2e-90 +1.84e+03 -4.45e-01 1.0e+00 1.0e+00 1.00e-01
22 1.5e+01 2.6e-86 9.0e-90 +1.84e+02 -4.45e-01 1.0e+00 7.0e+01 1.00e-01
23 1.6e+00 2.5e-86 2.4e-87 +1.86e+01 -1.92e-01 9.8e-01 9.8e-01 1.00e-01
24 1.8e-01 2.6e-86 1.6e-88 +1.95e+00 -1.99e-01 9.2e-01 1.5e+00 1.00e-01
25 2.6e-02 2.8e-86 3.2e-88 +2.42e-01 -7.28e-02 8.9e-01 1.1e+00 1.00e-01
26 4.6e-03 2.7e-86 1.4e-88 +3.01e-02 -2.50e-02 9.0e-01 9.0e-01 1.00e-01
27 8.8e-04 2.8e-86 8.1e-89 +3.31e-03 -7.20e-03 9.3e-01 9.3e-01 1.00e-01
28 1.4e-04 2.7e-86 1.8e-89 +3.46e-04 -1.38e-03 9.6e-01 9.8e-01 1.00e-01
29 1.8e-05 2.6e-86 1.5e-89 +1.49e-05 -1.98e-04 1.0e+00 9.5e-01 1.00e-01
30 2.4e-06 2.7e-86 7.2e-89 -2.00e-05 -4.85e-05 1.0e+00 9.7e-01 1.00e-01
31 2.9e-07 2.6e-86 8.9e-89 -2.37e-05 -2.72e-05 1.0e+00 9.8e-01 1.00e-01
32 3.3e-08 2.5e-86 4.4e-88 -2.41e-05 -2.45e-05 1.0e+00 9.9e-01 1.00e-01
33 3.4e-09 2.7e-86 1.8e-88 -2.41e-05 -2.42e-05 1.1e+00 9.9e-01 1.00e-01
34 3.4e-10 2.7e-86 5.1e-90 -2.41e-05 -2.41e-05 1.1e+00 9.9e-01 1.00e-01
35 3.4e-11 2.6e-86 1.4e-90 -2.41e-05 -2.41e-05 1.1e+00 9.9e-01 1.00e-01
36 3.4e-12 2.7e-86 1.4e-90 -2.41e-05 -2.41e-05 1.0e+00 9.9e-01 1.00e-01
37 3.4e-13 2.6e-86 7.2e-89 -2.41e-05 -2.41e-05 1.0e+00 9.9e-01 1.00e-01
38 3.5e-14 2.6e-86 2.3e-89 -2.41e-05 -2.41e-05 1.0e+00 9.9e-01 1.00e-01
39 3.5e-15 2.6e-86 4.4e-91 -2.41e-05 -2.41e-05 1.0e+00 9.9e-01 1.00e-01
40 3.5e-16 2.7e-86 3.1e-90 -2.41e-05 -2.41e-05 1.0e+00 9.9e-01 1.00e-01
41 3.5e-17 2.6e-86 1.4e-90 -2.41e-05 -2.41e-05 1.0e+00 9.9e-01 1.00e-01
42 3.5e-18 2.6e-86 3.7e-90 -2.41e-05 -2.41e-05 1.0e+00 9.9e-01 1.00e-01
43 3.5e-19 2.6e-86 7.4e-90 -2.41e-05 -2.41e-05 1.0e+00 9.9e-01 1.00e-01
44 3.5e-20 2.6e-86 7.8e-90 -2.41e-05 -2.41e-05 1.0e+00 9.9e-01 1.00e-01
45 3.5e-21 2.8e-86 4.9e-80 -2.41e-05 -2.41e-05 1.0e+00 9.9e-01 1.00e-01
46 3.5e-22 2.6e-86 4.3e-80 -2.41e-05 -2.41e-05 1.0e+00 9.9e-01 1.00e-01
47 3.5e-23 2.6e-86 1.7e-80 -2.41e-05 -2.41e-05 1.0e+00 9.9e-01 1.00e-01
48 3.5e-24 2.7e-86 1.4e-80 -2.41e-05 -2.41e-05 1.0e+00 9.9e-01 1.00e-01
49 3.5e-25 2.6e-86 5.9e-81 -2.41e-05 -2.41e-05 1.0e+00 9.9e-01 1.00e-01
50 3.5e-26 2.7e-86 1.1e-81 -2.41e-05 -2.41e-05 1.0e+00 9.9e-01 1.00e-01
51 3.5e-27 2.7e-86 2.5e-82 -2.41e-05 -2.41e-05 1.0e+00 9.9e-01 1.00e-01
52 3.5e-28 2.7e-86 1.0e-81 -2.41e-05 -2.41e-05 1.0e+00 9.9e-01 1.00e-01
53 3.5e-29 2.6e-86 4.8e-81 -2.41e-05 -2.41e-05 1.0e+00 9.9e-01 1.00e-01
54 3.5e-30 2.6e-86 3.2e-80 -2.41e-05 -2.41e-05 1.0e+00 9.9e-01 1.00e-01
55 3.5e-31 2.6e-86 5.7e-79 -2.41e-05 -2.41e-05 1.0e+00 9.9e-01 1.00e-01
56 3.5e-32 2.7e-86 5.7e-78 -2.41e-05 -2.41e-05 1.0e+00 9.9e-01 1.00e-01

phase.value = pdOPT     
   Iteration = 56
          mu = 3.4518254833279286e-32
relative gap = 4.1421905799935143e-31
         gap = 4.1421905799935143e-31
      digits = 2.5765170885017895e+01
objValPrimal = -2.4121313974675495e-05
objValDual   = -2.4121313974675495e-05
p.feas.error = 2.6772122520792778e-76
d.feas.error = 6.8262847191186366e-67
relative eps = 8.6361685550944446e-78
total time   = 0.100


Parameters are
maxIteration =    200
epsilonStar  = 1.000e-30
lambdaStar   = 1.000e+10
omegaStar    = 2.000e+00
lowerBound   = -1.000e+05
upperBound   = 1.000e+05
betaStar     = 1.000e-01
betaBar      = 3.000e-01
gammaStar    = 9.000e-01
epsilonDash  = 1.000e-30
precision    =    200

                         Time(sec)  Ratio(% : MainLoop) 
 Predictor time  =       0.040000,  40.000000
 Corrector time  =       0.020000,  20.000000
 Make bMat time  =       0.030000,  30.000000
 Make bDia time  =       0.000000,  0.000000
 Make bF1  time  =       0.020000,  20.000000
 Make bF2  time  =       0.010000,  10.000000
 Make bF3  time  =       0.000000,  0.000000
 Make bPRE time  =       0.030000,  30.000000
 Make rMat time  =       0.000000,  0.000000
 Make gVec Mul   =       0.000000,  0.000000
 Make gVec time  =       0.000000,  0.000000
 Cholesky bMat   =       0.000000,  0.000000
 Ste Pre time    =       0.000000,  0.000000
 Ste Cor time    =       0.040000,  40.000000
 solve           =       0.000000,  0.000000
 sumDz           =       0.010000,  10.000000
 makedX          =       0.020000,  20.000000
 symmetriseDx    =       0.000000,  0.000000
 makedXdZ        =       0.030000,  30.000000
 xMatTime        =       0.000000,  0.000000
 zMatTime        =       0.000000,  0.000000
 invzMatTime     =       0.000000,  0.000000
 xMatzMatTime    =       0.000000,  0.000000
 EigxMatTime     =       0.010000,  10.000000
 EigzMatTime     =       0.020000,  20.000000
 EigxMatzMatTime =       0.000000,  0.000000
 updateRes       =       0.000000,  0.000000
 EigTime         =       0.030000,  30.000000
 sub_total_bMat  =       0.070000,  70.000000
 Main Loop       =       0.100000,  100.000000
 File Check      =       0.000000,  0.000000
 File Change     =       0.000000,  0.000000
 File Read       =       0.000000,  0.000000
 Total           =       0.100000,  100.000000

xVec = 
{+2.412131397468e-05,+7.322353338788e-01,+7.312245157274e-01,+8.269804979912e-01,+9.947347900093e-01,+1.236877375834e+00,+1.568694035546e+00,+2.016418808189e+00}
xMat = 
{
{ {+9.999758786860e-01,+7.322353338788e-01,+7.312245157274e-01,+8.269804979912e-01,+9.947347900093e-01,+1.236877375834e+00 },
  {+7.322353338788e-01,+7.312003944135e-01,+8.269804979912e-01,+9.947347900093e-01,+1.236877375834e+00,+1.568694035546e+00 },
  {+7.312245157274e-01,+8.269804979912e-01,+9.947106686953e-01,+1.236877375834e+00,+1.568694035546e+00,+2.016418808189e+00 },
  {+8.269804979912e-01,+9.947347900093e-01,+1.236877375834e+00,+1.568669914233e+00,+2.016418808189e+00,+2.619784906544e+00 },
  {+9.947347900093e-01,+1.236877375834e+00,+1.568694035546e+00,+2.016418808189e+00,+2.619760785230e+00,+3.439519308988e+00 },
  {+1.236877375834e+00,+1.568694035546e+00,+2.016418808189e+00,+2.619784906544e+00,+3.439519308988e+00,+4.579713138967e+00 }   }
{ {+7.322112125649e-01,+7.312245157274e-01,+8.269804979912e-01,+9.947347900093e-01,+1.236877375834e+00,+1.568694035546e+00 },
  {+7.312245157274e-01,+8.269563766772e-01,+9.947347900093e-01,+1.236877375834e+00,+1.568694035546e+00,+2.016418808189e+00 },
  {+8.269804979912e-01,+9.947347900093e-01,+1.236853254520e+00,+1.568694035546e+00,+2.016418808189e+00,+2.619784906544e+00 },
  {+9.947347900093e-01,+1.236877375834e+00,+1.568694035546e+00,+2.016394686875e+00,+2.619784906544e+00,+3.439519308988e+00 },
  {+1.236877375834e+00,+1.568694035546e+00,+2.016418808189e+00,+2.619784906544e+00,+3.439495187674e+00,+4.579737260281e+00 },
  {+1.568694035546e+00,+2.016418808189e+00,+2.619784906544e+00,+3.439519308988e+00,+4.579737260281e+00,+6.353839396218e+00 }   }
}
yMat = 
{
{ {+6.725129568058e-05,-1.031803164039e-03,+3.397641363683e-03,-4.117023657910e-03,+1.993907003469e-03,-3.030825826443e-04 },
  {-1.031803164039e-03,+1.583044250000e-02,-5.212832070879e-02,+6.316544527013e-02,-3.059152294629e-02,+4.650045245566e-03 },
  {+3.397641363683e-03,-5.212832070879e-02,+1.716541922261e-01,-2.079985185983e-01,+1.007353217773e-01,-1.531220936315e-02 },
  {-4.117023657910e-03,+6.316544527013e-02,-2.079985185983e-01,+2.520380258590e-01,-1.220640022156e-01,+1.855426204684e-02 },
  {+1.993907003469e-03,-3.059152294629e-02,+1.007353217773e-01,-1.220640022156e-01,+5.911655824994e-02,-8.985975333983e-03 },
  {-3.030825826443e-04,+4.650045245566e-03,-1.531220936315e-02,+1.855426204684e-02,-8.985975333983e-03,+1.365907540855e-03 }   }
{ {+1.784571276261e-03,-1.111271425645e-02,+2.157979371057e-02,-1.663136474292e-02,+4.807759165041e-03,-2.739055301227e-04 },
  {-1.111271425645e-02,+6.920004809458e-02,-1.343796599266e-01,+1.035652688920e-01,-2.993842528210e-02,+1.705638732397e-03 },
  {+2.157979371057e-02,-1.343796599266e-01,+2.609520296474e-01,-2.011135251652e-01,+5.813746549202e-02,-3.312181987270e-03 },
  {-1.663136474292e-02,+1.035652688920e-01,-2.011135251652e-01,+1.549964951759e-01,-4.480605360714e-02,+2.552670681844e-03 },
  {+4.807759165041e-03,-2.993842528210e-02,+5.813746549202e-02,-4.480605360714e-02,+1.295243765072e-02,-7.379205528633e-04 },
  {-2.739055301227e-04,+1.705638732397e-03,-3.312181987270e-03,+2.552670681844e-03,-7.379205528633e-04,+4.204048357708e-05 }   }
}
    main loop time = 0.100000
        total time = 0.100000
  file   read time = 0.000000
