SDPA-GMP start at Wed Jun  5 23:35:13 2024
*SDP Scan Problem: V = x^2 - 2*x^4 + x^8
* K = 6; eval = 8.793969849246231; Domain = R+ with BCs: Neumann
data      is /Users/gorg/qmBoot/data/K=6_BC-Neumann_V_0.0_0.0_1.0_0.0_-2.0_0.0_0.0_0.0_1.0/e=8.793969849246231_K=6_D=R+.dat
parameter is ./param.sdpa
out       is /Users/gorg/qmBoot/data/K=6_BC-Neumann_V_0.0_0.0_1.0_0.0_-2.0_0.0_0.0_0.0_1.0/e=8.793969849246231_K=6_D=R+.out
DENSE computation
   mu      thetaP  thetaD  objP      objD      alphaP  alphaD  beta 
 0 1.0e+20 1.0e+00 1.0e+00 +0.00e+00 -2.97e+10 1.0e+00 9.0e-01 3.00e-01
 1 1.6e+19 8.6e-88 1.0e-01 +1.60e+10 -2.97e+09 9.0e-01 9.0e-01 3.00e-01
 2 2.5e+18 1.7e-87 1.0e-02 +2.46e+10 -2.97e+08 9.0e-01 9.0e-01 3.00e-01
 3 3.8e+17 5.2e-87 1.0e-03 +3.79e+10 -2.97e+07 9.0e-01 9.0e-01 3.00e-01
 4 5.8e+16 5.2e-87 1.0e-04 +5.84e+10 -2.97e+06 9.0e-01 9.0e-01 3.00e-01
 5 9.0e+15 6.0e-87 1.0e-05 +9.00e+10 -2.97e+05 9.0e-01 9.0e-01 3.00e-01
 6 1.4e+15 5.2e-87 1.0e-06 +1.39e+11 -2.97e+04 9.0e-01 9.0e-01 3.00e-01
 7 2.1e+14 4.3e-87 1.0e-07 +2.13e+11 -2.97e+03 9.0e-01 9.0e-01 3.00e-01
 8 3.3e+13 3.5e-87 1.0e-08 +3.29e+11 -2.98e+02 9.0e-01 9.0e-01 3.00e-01
 9 5.1e+12 5.2e-87 1.0e-09 +5.05e+11 -2.99e+01 9.0e-01 9.0e-01 3.00e-01
10 8.6e+11 5.2e-87 1.0e-10 +7.66e+11 -3.19e+00 8.8e-01 8.8e-01 3.00e-01
11 2.2e+11 6.0e-87 1.2e-11 +1.03e+12 -5.08e-01 2.0e+00 9.1e-01 3.00e-01
12 5.0e+10 6.9e-87 1.1e-12 +4.68e+11 -2.58e-01 1.3e+00 1.0e+00 3.00e-01
13 1.0e+10 9.5e-87 7.4e-94 +1.24e+11 -4.37e-01 9.6e-01 9.6e-01 1.00e-01
14 1.4e+09 1.0e-86 1.1e-93 +1.64e+10 -4.39e-01 9.9e-01 9.9e-01 1.00e-01
15 1.5e+08 1.4e-86 2.8e-93 +1.82e+09 -4.42e-01 1.0e+00 1.0e+00 1.00e-01
16 1.5e+07 1.4e-86 5.5e-93 +1.84e+08 -4.44e-01 1.0e+00 1.0e+00 1.00e-01
17 1.5e+06 1.6e-86 2.4e-92 +1.85e+07 -4.45e-01 1.0e+00 1.0e+00 1.00e-01
18 1.5e+05 1.6e-86 8.4e-92 +1.85e+06 -4.47e-01 1.0e+00 1.0e+00 1.00e-01
19 1.5e+04 1.6e-86 2.9e-91 +1.85e+05 -4.49e-01 1.0e+00 1.0e+00 1.00e-01
20 1.5e+03 2.1e-86 3.8e-91 +1.85e+04 -4.50e-01 1.0e+00 1.0e+00 1.00e-01
21 1.5e+02 2.1e-86 2.9e-90 +1.85e+03 -4.51e-01 1.0e+00 1.0e+00 1.00e-01
22 1.5e+01 2.1e-86 1.0e-89 +1.85e+02 -4.52e-01 1.0e+00 6.8e+01 1.00e-01
23 1.6e+00 2.3e-86 2.2e-87 +1.87e+01 -1.93e-01 9.8e-01 9.8e-01 1.00e-01
24 1.8e-01 2.3e-86 1.5e-88 +1.96e+00 -2.00e-01 9.2e-01 1.5e+00 1.00e-01
25 2.6e-02 2.4e-86 3.3e-88 +2.42e-01 -7.37e-02 8.9e-01 1.1e+00 1.00e-01
26 4.6e-03 2.4e-86 1.4e-88 +3.01e-02 -2.53e-02 9.0e-01 9.0e-01 1.00e-01
27 8.8e-04 2.4e-86 7.2e-89 +3.30e-03 -7.27e-03 9.4e-01 9.2e-01 1.00e-01
28 1.4e-04 2.4e-86 1.8e-89 +3.44e-04 -1.39e-03 9.7e-01 9.8e-01 1.00e-01
29 1.8e-05 2.4e-86 1.4e-89 +1.46e-05 -1.99e-04 1.0e+00 9.5e-01 1.00e-01
30 2.4e-06 2.3e-86 4.4e-89 -2.01e-05 -4.86e-05 1.0e+00 9.7e-01 1.00e-01
31 2.9e-07 2.4e-86 1.0e-88 -2.38e-05 -2.73e-05 1.0e+00 9.8e-01 1.00e-01
32 3.3e-08 2.4e-86 3.3e-88 -2.42e-05 -2.46e-05 1.1e+00 9.9e-01 1.00e-01
33 3.5e-09 2.3e-86 2.1e-88 -2.42e-05 -2.43e-05 1.1e+00 9.9e-01 1.00e-01
34 3.5e-10 2.2e-86 4.8e-89 -2.42e-05 -2.42e-05 1.1e+00 9.9e-01 1.00e-01
35 3.5e-11 2.2e-86 2.7e-90 -2.42e-05 -2.42e-05 1.1e+00 9.9e-01 1.00e-01
36 3.5e-12 2.3e-86 6.8e-90 -2.42e-05 -2.42e-05 1.1e+00 9.9e-01 1.00e-01
37 3.5e-13 2.3e-86 3.2e-90 -2.42e-05 -2.42e-05 1.1e+00 9.9e-01 1.00e-01
38 3.5e-14 2.3e-86 3.7e-90 -2.42e-05 -2.42e-05 1.1e+00 9.9e-01 1.00e-01
39 3.5e-15 2.3e-86 1.8e-90 -2.42e-05 -2.42e-05 1.1e+00 9.9e-01 1.00e-01
40 3.5e-16 2.3e-86 1.8e-90 -2.42e-05 -2.42e-05 1.1e+00 9.9e-01 1.00e-01
41 3.5e-17 2.3e-86 5.4e-90 -2.42e-05 -2.42e-05 1.1e+00 9.9e-01 1.00e-01
42 3.5e-18 2.4e-86 4.8e-90 -2.42e-05 -2.42e-05 1.1e+00 9.9e-01 1.00e-01
43 3.5e-19 2.4e-86 2.1e-89 -2.42e-05 -2.42e-05 1.1e+00 9.9e-01 1.00e-01
44 3.5e-20 2.4e-86 1.4e-89 -2.42e-05 -2.42e-05 1.1e+00 9.9e-01 1.00e-01
45 3.5e-21 2.3e-86 6.0e-80 -2.42e-05 -2.42e-05 1.1e+00 9.9e-01 1.00e-01
46 3.5e-22 2.3e-86 5.4e-80 -2.42e-05 -2.42e-05 1.1e+00 9.9e-01 1.00e-01
47 3.5e-23 2.4e-86 2.8e-80 -2.42e-05 -2.42e-05 1.1e+00 9.9e-01 1.00e-01
48 3.5e-24 2.4e-86 1.6e-80 -2.42e-05 -2.42e-05 1.1e+00 9.9e-01 1.00e-01
49 3.5e-25 2.3e-86 6.7e-81 -2.42e-05 -2.42e-05 1.1e+00 9.9e-01 1.00e-01
50 3.5e-26 2.3e-86 1.7e-81 -2.42e-05 -2.42e-05 1.0e+00 9.9e-01 1.00e-01
51 3.5e-27 2.3e-86 3.4e-82 -2.42e-05 -2.42e-05 1.0e+00 9.9e-01 1.00e-01
52 3.5e-28 2.4e-86 3.0e-82 -2.42e-05 -2.42e-05 1.0e+00 9.9e-01 1.00e-01
53 3.5e-29 2.3e-86 1.1e-81 -2.42e-05 -2.42e-05 1.0e+00 9.9e-01 1.00e-01
54 3.5e-30 2.2e-86 8.1e-80 -2.42e-05 -2.42e-05 1.0e+00 9.9e-01 1.00e-01
55 3.5e-31 2.3e-86 3.9e-79 -2.42e-05 -2.42e-05 1.0e+00 9.9e-01 1.00e-01
56 3.5e-32 2.2e-86 3.2e-78 -2.42e-05 -2.42e-05 1.0e+00 9.9e-01 1.00e-01

phase.value = pdOPT     
   Iteration = 56
          mu = 3.4941803080625364e-32
relative gap = 4.1930163696750437e-31
         gap = 4.1930163696750437e-31
      digits = 2.5761818498352309e+01
objValPrimal = -2.4229533704778892e-05
objValDual   = -2.4229533704778892e-05
p.feas.error = 2.2454038243245556e-76
d.feas.error = 3.8217823879571275e-67
relative eps = 8.6361685550944446e-78
total time   = 0.100


Parameters are
maxIteration =    200
epsilonStar  = 1.000e-30
lambdaStar   = 1.000e+10
omegaStar    = 2.000e+00
lowerBound   = -1.000e+05
upperBound   = 1.000e+05
betaStar     = 1.000e-01
betaBar      = 3.000e-01
gammaStar    = 9.000e-01
epsilonDash  = 1.000e-30
precision    =    200

                         Time(sec)  Ratio(% : MainLoop) 
 Predictor time  =       0.040000,  40.000000
 Corrector time  =       0.000000,  0.000000
 Make bMat time  =       0.030000,  30.000000
 Make bDia time  =       0.000000,  0.000000
 Make bF1  time  =       0.000000,  0.000000
 Make bF2  time  =       0.030000,  30.000000
 Make bF3  time  =       0.000000,  0.000000
 Make bPRE time  =       0.020000,  20.000000
 Make rMat time  =       0.000000,  0.000000
 Make gVec Mul   =       0.000000,  0.000000
 Make gVec time  =       0.000000,  0.000000
 Cholesky bMat   =       0.000000,  0.000000
 Ste Pre time    =       0.000000,  0.000000
 Ste Cor time    =       0.050000,  50.000000
 solve           =       0.000000,  0.000000
 sumDz           =       0.000000,  0.000000
 makedX          =       0.010000,  10.000000
 symmetriseDx    =       0.000000,  0.000000
 makedXdZ        =       0.010000,  10.000000
 xMatTime        =       0.000000,  0.000000
 zMatTime        =       0.010000,  10.000000
 invzMatTime     =       0.000000,  0.000000
 xMatzMatTime    =       0.000000,  0.000000
 EigxMatTime     =       0.030000,  30.000000
 EigzMatTime     =       0.020000,  20.000000
 EigxMatzMatTime =       0.000000,  0.000000
 updateRes       =       0.000000,  0.000000
 EigTime         =       0.050000,  50.000000
 sub_total_bMat  =       0.070000,  70.000000
 Main Loop       =       0.100000,  100.000000
 File Check      =       0.000000,  0.000000
 File Change     =       0.000000,  0.000000
 File Read       =       0.000000,  0.000000
 Total           =       0.100000,  100.000000

xVec = 
{+2.422953370478e-05,+7.346934928459e-01,+7.354322856822e-01,+8.337374366567e-01,+1.005268658339e+00,+1.252899062414e+00,+1.592594333453e+00,+2.051562832077e+00}
xMat = 
{
{ {+9.999757704663e-01,+7.346934928459e-01,+7.354322856822e-01,+8.337374366567e-01,+1.005268658339e+00,+1.252899062414e+00 },
  {+7.346934928459e-01,+7.354080561485e-01,+8.337374366567e-01,+1.005268658339e+00,+1.252899062414e+00,+1.592594333453e+00 },
  {+7.354322856822e-01,+8.337374366567e-01,+1.005244428805e+00,+1.252899062414e+00,+1.592594333453e+00,+2.051562832077e+00 },
  {+8.337374366567e-01,+1.005268658339e+00,+1.252899062414e+00,+1.592570103920e+00,+2.051562832077e+00,+2.670943445583e+00 },
  {+1.005268658339e+00,+1.252899062414e+00,+1.592594333453e+00,+2.051562832077e+00,+2.670919216049e+00,+3.513534460668e+00 },
  {+1.252899062414e+00,+1.592594333453e+00,+2.051562832077e+00,+2.670943445583e+00,+3.513534460668e+00,+4.686686733399e+00 }   }
{ {+7.346692633122e-01,+7.354322856822e-01,+8.337374366567e-01,+1.005268658339e+00,+1.252899062414e+00,+1.592594333453e+00 },
  {+7.354322856822e-01,+8.337132071230e-01,+1.005268658339e+00,+1.252899062414e+00,+1.592594333453e+00,+2.051562832077e+00 },
  {+8.337374366567e-01,+1.005268658339e+00,+1.252874832881e+00,+1.592594333453e+00,+2.051562832077e+00,+2.670943445583e+00 },
  {+1.005268658339e+00,+1.252899062414e+00,+1.592594333453e+00,+2.051538602543e+00,+2.670943445583e+00,+3.513534460668e+00 },
  {+1.252899062414e+00,+1.592594333453e+00,+2.051562832077e+00,+2.670943445583e+00,+3.513510231135e+00,+4.686710962933e+00 },
  {+1.592594333453e+00,+2.051562832077e+00,+2.670943445583e+00,+3.513534460668e+00,+4.686710962933e+00,+6.511209164280e+00 }   }
}
yMat = 
{
{ {+6.833135023732e-05,-1.044093700933e-03,+3.429773618841e-03,-4.147405230872e-03,+2.004735247641e-03,-3.041407058781e-04 },
  {-1.044093700933e-03,+1.595360917854e-02,-5.240647255792e-02,+6.337178559667e-02,-3.063208083597e-02,+4.647228455194e-03 },
  {+3.429773618841e-03,-5.240647255792e-02,+1.721515385784e-01,-2.081718127636e-01,+1.006242089647e-01,-1.526581526362e-02 },
  {-4.147405230872e-03,+6.337178559667e-02,-2.081718127636e-01,+2.517288197779e-01,-1.216784012566e-01,+1.845997115671e-02 },
  {+2.004735247641e-03,-3.063208083597e-02,+1.006242089647e-01,-1.216784012566e-01,+5.881580561745e-02,-8.923013978194e-03 },
  {-3.041407058781e-04,+4.647228455194e-03,-1.526581526362e-02,+1.845997115671e-02,-8.923013978194e-03,+1.353720783371e-03 }   }
{ {+1.804554628346e-03,-1.120349194193e-02,+2.170890590783e-02,-1.669765007687e-02,+4.817664360854e-03,-2.739502198083e-04 },
  {-1.120349194193e-02,+6.955634909645e-02,-1.347787141414e-01,+1.036665696603e-01,-2.991024100790e-02,+1.700806964722e-03 },
  {+2.170890590783e-02,-1.347787141414e-01,+2.611595062362e-01,-2.008737827643e-01,+5.795680588576e-02,-3.295638409517e-03 },
  {-1.669765007687e-02,+1.036665696603e-01,-2.008737827643e-01,+1.545043379180e-01,-4.457813159088e-02,+2.534877491092e-03 },
  {+4.817664360854e-03,-2.991024100790e-02,+5.795680588576e-02,-4.457813159088e-02,+1.286183833355e-02,-7.313717134895e-04 },
  {-2.739502198083e-04,+1.700806964722e-03,-3.295638409517e-03,+2.534877491092e-03,-7.313717134895e-04,+4.158850153615e-05 }   }
}
    main loop time = 0.100000
        total time = 0.100000
  file   read time = 0.000000
