SDPA-GMP start at Wed Jun  5 23:35:13 2024
*SDP Scan Problem: V = x^2 - 2*x^4 + x^8
* K = 6; eval = 8.391959798994975; Domain = R+ with BCs: Neumann
data      is /Users/gorg/qmBoot/data/K=6_BC-Neumann_V_0.0_0.0_1.0_0.0_-2.0_0.0_0.0_0.0_1.0/e=8.391959798994975_K=6_D=R+.dat
parameter is ./param.sdpa
out       is /Users/gorg/qmBoot/data/K=6_BC-Neumann_V_0.0_0.0_1.0_0.0_-2.0_0.0_0.0_0.0_1.0/e=8.391959798994975_K=6_D=R+.out
DENSE computation
   mu      thetaP  thetaD  objP      objD      alphaP  alphaD  beta 
 0 1.0e+20 1.0e+00 1.0e+00 +0.00e+00 -2.89e+10 1.0e+00 9.0e-01 3.00e-01
 1 1.6e+19 8.6e-88 1.0e-01 +1.60e+10 -2.89e+09 9.0e-01 9.0e-01 3.00e-01
 2 2.5e+18 1.7e-87 1.0e-02 +2.46e+10 -2.89e+08 9.0e-01 9.0e-01 3.00e-01
 3 3.8e+17 5.2e-87 1.0e-03 +3.79e+10 -2.89e+07 9.0e-01 9.0e-01 3.00e-01
 4 5.8e+16 6.0e-87 1.0e-04 +5.84e+10 -2.89e+06 9.0e-01 9.0e-01 3.00e-01
 5 9.0e+15 7.8e-87 1.0e-05 +9.00e+10 -2.89e+05 9.0e-01 9.0e-01 3.00e-01
 6 1.4e+15 6.0e-87 1.0e-06 +1.39e+11 -2.89e+04 9.0e-01 9.0e-01 3.00e-01
 7 2.1e+14 7.8e-87 1.0e-07 +2.13e+11 -2.89e+03 9.0e-01 9.0e-01 3.00e-01
 8 3.3e+13 7.8e-87 1.0e-08 +3.29e+11 -2.89e+02 9.0e-01 9.0e-01 3.00e-01
 9 5.1e+12 9.5e-87 1.0e-09 +5.05e+11 -2.91e+01 9.0e-01 9.0e-01 3.00e-01
10 8.5e+11 9.5e-87 1.0e-10 +7.66e+11 -3.10e+00 8.8e-01 8.8e-01 3.00e-01
11 2.2e+11 1.0e-86 1.2e-11 +1.03e+12 -4.96e-01 1.9e+00 9.2e-01 3.00e-01
12 5.0e+10 1.1e-86 1.0e-12 +4.70e+11 -2.52e-01 1.3e+00 1.0e+00 3.00e-01
13 1.0e+10 1.4e-86 6.0e-94 +1.24e+11 -4.25e-01 9.7e-01 9.7e-01 1.00e-01
14 1.4e+09 1.4e-86 8.5e-94 +1.63e+10 -4.27e-01 9.9e-01 9.9e-01 1.00e-01
15 1.5e+08 1.3e-86 2.5e-93 +1.81e+09 -4.29e-01 1.0e+00 1.0e+00 1.00e-01
16 1.5e+07 1.7e-86 8.4e-93 +1.84e+08 -4.31e-01 1.0e+00 1.0e+00 1.00e-01
17 1.5e+06 2.0e-86 2.6e-92 +1.84e+07 -4.33e-01 1.0e+00 1.0e+00 1.00e-01
18 1.5e+05 2.1e-86 4.4e-92 +1.84e+06 -4.34e-01 1.0e+00 1.0e+00 1.00e-01
19 1.5e+04 2.2e-86 2.3e-91 +1.84e+05 -4.36e-01 1.0e+00 1.0e+00 1.00e-01
20 1.5e+03 2.3e-86 4.0e-91 +1.84e+04 -4.37e-01 1.0e+00 1.0e+00 1.00e-01
21 1.5e+02 2.4e-86 2.9e-90 +1.84e+03 -4.38e-01 1.0e+00 1.0e+00 1.00e-01
22 1.5e+01 2.9e-86 7.8e-90 +1.84e+02 -4.39e-01 1.0e+00 7.1e+01 1.00e-01
23 1.6e+00 2.8e-86 1.8e-87 +1.86e+01 -1.91e-01 9.8e-01 9.8e-01 1.00e-01
24 1.8e-01 3.0e-86 1.2e-88 +1.95e+00 -1.98e-01 9.2e-01 1.5e+00 1.00e-01
25 2.6e-02 3.0e-86 3.3e-88 +2.42e-01 -7.19e-02 8.9e-01 1.1e+00 1.00e-01
26 4.6e-03 2.9e-86 1.4e-88 +3.01e-02 -2.48e-02 9.0e-01 9.0e-01 1.00e-01
27 8.7e-04 3.0e-86 7.2e-89 +3.32e-03 -7.14e-03 9.3e-01 9.3e-01 1.00e-01
28 1.4e-04 2.8e-86 2.5e-89 +3.48e-04 -1.36e-03 9.6e-01 9.8e-01 1.00e-01
29 1.8e-05 2.9e-86 1.0e-89 +1.52e-05 -1.97e-04 1.0e+00 9.5e-01 1.00e-01
30 2.4e-06 2.8e-86 2.9e-89 -1.99e-05 -4.83e-05 1.0e+00 9.7e-01 1.00e-01
31 2.9e-07 2.8e-86 4.3e-88 -2.36e-05 -2.70e-05 1.0e+00 9.8e-01 1.00e-01
32 3.3e-08 2.9e-86 3.8e-88 -2.40e-05 -2.44e-05 1.0e+00 9.9e-01 1.00e-01
33 3.4e-09 2.8e-86 2.5e-88 -2.40e-05 -2.40e-05 1.1e+00 9.9e-01 1.00e-01
34 3.4e-10 2.8e-86 2.9e-89 -2.40e-05 -2.40e-05 1.1e+00 9.9e-01 1.00e-01
35 3.4e-11 2.8e-86 9.1e-91 -2.40e-05 -2.40e-05 1.0e+00 9.9e-01 1.00e-01
36 3.4e-12 2.8e-86 6.3e-90 -2.40e-05 -2.40e-05 1.0e+00 9.9e-01 1.00e-01
37 3.4e-13 2.8e-86 3.5e-90 -2.40e-05 -2.40e-05 1.0e+00 9.9e-01 1.00e-01
38 3.4e-14 2.8e-86 1.4e-89 -2.40e-05 -2.40e-05 1.0e+00 9.9e-01 1.00e-01
39 3.4e-15 2.9e-86 1.8e-89 -2.40e-05 -2.40e-05 1.0e+00 9.9e-01 1.00e-01
40 3.4e-16 2.8e-86 2.1e-89 -2.40e-05 -2.40e-05 1.0e+00 9.9e-01 1.00e-01
41 3.4e-17 2.9e-86 4.0e-91 -2.40e-05 -2.40e-05 1.0e+00 9.9e-01 1.00e-01
42 3.4e-18 2.8e-86 1.4e-89 -2.40e-05 -2.40e-05 1.0e+00 9.9e-01 1.00e-01
43 3.4e-19 2.8e-86 9.8e-90 -2.40e-05 -2.40e-05 1.0e+00 9.9e-01 1.00e-01
44 3.4e-20 2.8e-86 1.1e-89 -2.40e-05 -2.40e-05 1.0e+00 9.9e-01 1.00e-01
45 3.4e-21 2.8e-86 5.7e-80 -2.40e-05 -2.40e-05 1.0e+00 9.9e-01 1.00e-01
46 3.4e-22 2.9e-86 2.7e-80 -2.40e-05 -2.40e-05 1.0e+00 9.9e-01 1.00e-01
47 3.4e-23 2.8e-86 2.6e-80 -2.40e-05 -2.40e-05 1.0e+00 9.9e-01 1.00e-01
48 3.4e-24 2.8e-86 1.6e-80 -2.40e-05 -2.40e-05 1.0e+00 9.9e-01 1.00e-01
49 3.4e-25 2.8e-86 6.6e-81 -2.40e-05 -2.40e-05 1.0e+00 9.9e-01 1.00e-01
50 3.4e-26 2.8e-86 1.2e-81 -2.40e-05 -2.40e-05 1.0e+00 9.9e-01 1.00e-01
51 3.4e-27 2.8e-86 3.9e-82 -2.40e-05 -2.40e-05 1.0e+00 9.9e-01 1.00e-01
52 3.4e-28 2.8e-86 2.6e-82 -2.40e-05 -2.40e-05 1.0e+00 9.9e-01 1.00e-01
53 3.4e-29 2.8e-86 3.2e-81 -2.40e-05 -2.40e-05 1.0e+00 9.9e-01 1.00e-01
54 3.4e-30 2.8e-86 8.4e-80 -2.40e-05 -2.40e-05 1.0e+00 9.9e-01 1.00e-01
55 3.4e-31 2.8e-86 5.5e-79 -2.40e-05 -2.40e-05 1.0e+00 9.9e-01 1.00e-01
56 3.4e-32 2.8e-86 3.3e-78 -2.40e-05 -2.40e-05 1.0e+00 9.9e-01 1.00e-01

phase.value = pdOPT     
   Iteration = 56
          mu = 3.4100897459701828e-32
relative gap = 4.0921076951642193e-31
         gap = 4.0921076951642193e-31
      digits = 2.5768491528660697e+01
objValPrimal = -2.4012566661218571e-05
objValDual   = -2.4012566661218571e-05
p.feas.error = 2.8499356231811667e-76
d.feas.error = 3.9177487237959068e-67
relative eps = 8.6361685550944446e-78
total time   = 0.110


Parameters are
maxIteration =    200
epsilonStar  = 1.000e-30
lambdaStar   = 1.000e+10
omegaStar    = 2.000e+00
lowerBound   = -1.000e+05
upperBound   = 1.000e+05
betaStar     = 1.000e-01
betaBar      = 3.000e-01
gammaStar    = 9.000e-01
epsilonDash  = 1.000e-30
precision    =    200

                         Time(sec)  Ratio(% : MainLoop) 
 Predictor time  =       0.040000,  36.363636
 Corrector time  =       0.010000,  9.090909
 Make bMat time  =       0.040000,  36.363636
 Make bDia time  =       0.000000,  0.000000
 Make bF1  time  =       0.020000,  18.181818
 Make bF2  time  =       0.020000,  18.181818
 Make bF3  time  =       0.000000,  0.000000
 Make bPRE time  =       0.030000,  27.272727
 Make rMat time  =       0.000000,  0.000000
 Make gVec Mul   =       0.000000,  0.000000
 Make gVec time  =       0.000000,  0.000000
 Cholesky bMat   =       0.000000,  0.000000
 Ste Pre time    =       0.000000,  0.000000
 Ste Cor time    =       0.060000,  54.545455
 solve           =       0.010000,  9.090909
 sumDz           =       0.000000,  0.000000
 makedX          =       0.000000,  0.000000
 symmetriseDx    =       0.000000,  0.000000
 makedXdZ        =       0.000000,  0.000000
 xMatTime        =       0.000000,  0.000000
 zMatTime        =       0.000000,  0.000000
 invzMatTime     =       0.000000,  0.000000
 xMatzMatTime    =       0.000000,  0.000000
 EigxMatTime     =       0.030000,  27.272727
 EigzMatTime     =       0.030000,  27.272727
 EigxMatzMatTime =       0.000000,  0.000000
 updateRes       =       0.000000,  0.000000
 EigTime         =       0.060000,  54.545455
 sub_total_bMat  =       0.070000,  63.636364
 Main Loop       =       0.110000,  100.000000
 File Check      =       0.000000,  0.000000
 File Change     =       0.000000,  0.000000
 File Read       =       0.000000,  0.000000
 Total           =       0.110000,  100.000000

xVec = 
{+2.401256666122e-05,+7.297115882660e-01,+7.269276756850e-01,+8.201079676383e-01,+9.840563864901e-01,+1.220684403882e+00,+1.544605396013e+00,+1.981091144505e+00}
xMat = 
{
{ {+9.999759874333e-01,+7.297115882660e-01,+7.269276756850e-01,+8.201079676383e-01,+9.840563864901e-01,+1.220684403882e+00 },
  {+7.297115882660e-01,+7.269036631183e-01,+8.201079676383e-01,+9.840563864901e-01,+1.220684403882e+00,+1.544605396013e+00 },
  {+7.269276756850e-01,+8.201079676383e-01,+9.840323739234e-01,+1.220684403882e+00,+1.544605396013e+00,+1.981091144505e+00 },
  {+8.201079676383e-01,+9.840563864901e-01,+1.220684403882e+00,+1.544581383447e+00,+1.981091144505e+00,+2.568488553313e+00 },
  {+9.840563864901e-01,+1.220684403882e+00,+1.544605396013e+00,+1.981091144505e+00,+2.568464540746e+00,+3.365484069884e+00 },
  {+1.220684403882e+00,+1.544605396013e+00,+1.981091144505e+00,+2.568488553313e+00,+3.365484069884e+00,+4.472957688512e+00 }   }
{ {+7.296875756993e-01,+7.269276756850e-01,+8.201079676383e-01,+9.840563864901e-01,+1.220684403882e+00,+1.544605396013e+00 },
  {+7.269276756850e-01,+8.200839550716e-01,+9.840563864901e-01,+1.220684403882e+00,+1.544605396013e+00,+1.981091144505e+00 },
  {+8.201079676383e-01,+9.840563864901e-01,+1.220660391316e+00,+1.544605396013e+00,+1.981091144505e+00,+2.568488553313e+00 },
  {+9.840563864901e-01,+1.220684403882e+00,+1.544605396013e+00,+1.981067131939e+00,+2.568488553313e+00,+3.365484069884e+00 },
  {+1.220684403882e+00,+1.544605396013e+00,+1.981091144505e+00,+2.568488553313e+00,+3.365460057317e+00,+4.472981701079e+00 },
  {+1.544605396013e+00,+1.981091144505e+00,+2.568488553313e+00,+3.365484069884e+00,+4.472981701079e+00,+6.197125190592e+00 }   }
}
yMat = 
{
{ {+6.616101100677e-05,-1.019356364545e-03,+3.365005613473e-03,-4.086055894643e-03,+1.982814574401e-03,-3.019890549755e-04 },
  {-1.019356364545e-03,+1.570543409369e-02,-5.184533665112e-02,+6.295470729227e-02,-3.054963377029e-02,+4.652807756834e-03 },
  {+3.365005613473e-03,-5.184533665112e-02,+1.711470639037e-01,-2.078202979853e-01,+1.008476453398e-01,-1.535942165539e-02 },
  {-4.086055894643e-03,+6.295470729227e-02,-2.078202979853e-01,+2.523518386446e-01,-1.224571852278e-01,+1.865062427891e-02 },
  {+1.982814574401e-03,-3.054963377029e-02,+1.008476453398e-01,-1.224571852278e-01,+5.942402597286e-02,-9.050470819645e-03 },
  {-3.019890549755e-04,+4.652807756834e-03,-1.535942165539e-02,+1.865062427891e-02,-9.050470819645e-03,+1.378415896874e-03 }   }
{ {+1.764332034175e-03,-1.102055163930e-02,+2.144830681056e-02,-1.656354113775e-02,+4.797514838745e-03,-2.738483156706e-04 },
  {-1.102055163930e-02,+6.883769952703e-02,-1.339726129792e-01,+1.034608888250e-01,-2.996672904906e-02,+1.710539425531e-03 },
  {+2.144830681056e-02,-1.339726129792e-01,+2.607388270060e-01,-2.013566070957e-01,+5.832154503602e-02,-3.329068780869e-03 },
  {-1.656354113775e-02,+1.034608888250e-01,-2.013566070957e-01,+1.554984491058e-01,-4.503904755528e-02,+2.570886745949e-03 },
  {+4.797514838745e-03,-2.996672904906e-02,+5.832154503602e-02,-4.503904755528e-02,+1.304524782306e-02,-7.446395194030e-04 },
  {-2.738483156706e-04,+1.710539425531e-03,-3.329068780869e-03,+2.570886745949e-03,-7.446395194030e-04,+4.250498122975e-05 }   }
}
    main loop time = 0.110000
        total time = 0.110000
  file   read time = 0.000000
