SDPA-GMP start at Wed Jun  5 23:35:13 2024
*SDP Scan Problem: V = x^2 - 2*x^4 + x^8
* K = 6; eval = 8.090452261306535; Domain = R+ with BCs: Neumann
data      is /Users/gorg/qmBoot/data/K=6_BC-Neumann_V_0.0_0.0_1.0_0.0_-2.0_0.0_0.0_0.0_1.0/e=8.090452261306535_K=6_D=R+.dat
parameter is ./param.sdpa
out       is /Users/gorg/qmBoot/data/K=6_BC-Neumann_V_0.0_0.0_1.0_0.0_-2.0_0.0_0.0_0.0_1.0/e=8.090452261306535_K=6_D=R+.out
DENSE computation
   mu      thetaP  thetaD  objP      objD      alphaP  alphaD  beta 
 0 1.0e+20 1.0e+00 1.0e+00 +0.00e+00 -2.83e+10 1.0e+00 9.0e-01 3.00e-01
 1 1.6e+19 8.6e-88 1.0e-01 +1.60e+10 -2.83e+09 9.0e-01 9.0e-01 3.00e-01
 2 2.5e+18 1.7e-87 1.0e-02 +2.46e+10 -2.83e+08 9.0e-01 9.0e-01 3.00e-01
 3 3.8e+17 2.6e-87 1.0e-03 +3.79e+10 -2.83e+07 9.0e-01 9.0e-01 3.00e-01
 4 5.8e+16 1.7e-87 1.0e-04 +5.84e+10 -2.83e+06 9.0e-01 9.0e-01 3.00e-01
 5 9.0e+15 2.6e-87 1.0e-05 +9.00e+10 -2.83e+05 9.0e-01 9.0e-01 3.00e-01
 6 1.4e+15 3.5e-87 1.0e-06 +1.39e+11 -2.83e+04 9.0e-01 9.0e-01 3.00e-01
 7 2.1e+14 4.3e-87 1.0e-07 +2.13e+11 -2.83e+03 9.0e-01 9.0e-01 3.00e-01
 8 3.3e+13 4.3e-87 1.0e-08 +3.29e+11 -2.83e+02 9.0e-01 9.0e-01 3.00e-01
 9 5.1e+12 6.0e-87 1.0e-09 +5.05e+11 -2.85e+01 9.0e-01 9.0e-01 3.00e-01
10 8.5e+11 9.5e-87 1.0e-10 +7.66e+11 -3.04e+00 8.8e-01 8.8e-01 3.00e-01
11 2.2e+11 9.5e-87 1.2e-11 +1.03e+12 -4.87e-01 1.9e+00 9.2e-01 3.00e-01
12 5.0e+10 9.5e-87 9.9e-13 +4.71e+11 -2.48e-01 1.3e+00 1.0e+00 3.00e-01
13 1.0e+10 1.6e-86 4.0e-94 +1.25e+11 -4.15e-01 9.7e-01 9.7e-01 1.00e-01
14 1.4e+09 1.6e-86 7.9e-94 +1.63e+10 -4.17e-01 9.9e-01 9.9e-01 1.00e-01
15 1.5e+08 1.8e-86 2.5e-93 +1.81e+09 -4.19e-01 1.0e+00 1.0e+00 1.00e-01
16 1.5e+07 2.0e-86 8.0e-93 +1.83e+08 -4.21e-01 1.0e+00 1.0e+00 1.00e-01
17 1.5e+06 2.1e-86 2.2e-92 +1.83e+07 -4.23e-01 1.0e+00 1.0e+00 1.00e-01
18 1.5e+05 2.1e-86 5.4e-92 +1.83e+06 -4.25e-01 1.0e+00 1.0e+00 1.00e-01
19 1.5e+04 2.3e-86 2.1e-91 +1.83e+05 -4.26e-01 1.0e+00 1.0e+00 1.00e-01
20 1.5e+03 2.5e-86 8.7e-91 +1.83e+04 -4.28e-01 1.0e+00 1.0e+00 1.00e-01
21 1.5e+02 2.5e-86 2.2e-90 +1.83e+03 -4.29e-01 1.0e+00 1.0e+00 1.00e-01
22 1.5e+01 2.7e-86 6.6e-90 +1.83e+02 -4.30e-01 1.0e+00 7.3e+01 1.00e-01
23 1.6e+00 2.8e-86 2.1e-87 +1.85e+01 -1.90e-01 9.8e-01 9.8e-01 1.00e-01
24 1.8e-01 2.9e-86 1.4e-88 +1.94e+00 -1.96e-01 9.2e-01 1.5e+00 1.00e-01
25 2.6e-02 3.0e-86 3.0e-88 +2.42e-01 -7.06e-02 8.9e-01 1.1e+00 1.00e-01
26 4.5e-03 3.0e-86 1.4e-88 +3.02e-02 -2.44e-02 9.0e-01 9.0e-01 1.00e-01
27 8.6e-04 3.1e-86 7.2e-89 +3.34e-03 -7.04e-03 9.3e-01 9.3e-01 1.00e-01
28 1.4e-04 3.1e-86 3.1e-89 +3.50e-04 -1.33e-03 9.6e-01 9.8e-01 1.00e-01
29 1.8e-05 3.1e-86 1.3e-89 +1.56e-05 -1.96e-04 1.0e+00 9.5e-01 1.00e-01
30 2.4e-06 3.1e-86 7.2e-89 -1.97e-05 -4.81e-05 1.0e+00 9.7e-01 1.00e-01
31 2.9e-07 2.9e-86 7.9e-89 -2.34e-05 -2.68e-05 1.0e+00 9.8e-01 1.00e-01
32 3.2e-08 3.1e-86 2.0e-88 -2.38e-05 -2.42e-05 1.0e+00 9.9e-01 1.00e-01
33 3.3e-09 3.1e-86 1.8e-88 -2.38e-05 -2.39e-05 1.0e+00 9.9e-01 1.00e-01
34 3.3e-10 3.1e-86 1.2e-88 -2.38e-05 -2.39e-05 1.0e+00 9.9e-01 1.00e-01
35 3.3e-11 3.0e-86 3.9e-90 -2.38e-05 -2.38e-05 1.0e+00 9.9e-01 1.00e-01
36 3.3e-12 3.1e-86 1.5e-89 -2.38e-05 -2.38e-05 1.0e+00 9.9e-01 1.00e-01
37 3.3e-13 3.0e-86 5.3e-90 -2.38e-05 -2.38e-05 1.0e+00 9.9e-01 1.00e-01
38 3.3e-14 3.1e-86 3.0e-89 -2.38e-05 -2.38e-05 1.0e+00 9.9e-01 1.00e-01
39 3.3e-15 3.0e-86 2.0e-89 -2.38e-05 -2.38e-05 1.0e+00 9.9e-01 1.00e-01
40 3.3e-16 3.1e-86 1.1e-89 -2.38e-05 -2.38e-05 1.0e+00 9.9e-01 1.00e-01
41 3.3e-17 3.1e-86 1.7e-89 -2.38e-05 -2.38e-05 1.0e+00 9.9e-01 1.00e-01
42 3.3e-18 3.1e-86 1.5e-89 -2.38e-05 -2.38e-05 1.0e+00 9.9e-01 1.00e-01
43 3.3e-19 3.1e-86 1.5e-89 -2.38e-05 -2.38e-05 1.0e+00 9.9e-01 1.00e-01
44 3.3e-20 3.1e-86 4.1e-90 -2.38e-05 -2.38e-05 1.0e+00 9.9e-01 1.00e-01
45 3.3e-21 3.1e-86 6.1e-80 -2.38e-05 -2.38e-05 1.0e+00 9.9e-01 1.00e-01
46 3.3e-22 3.0e-86 3.3e-80 -2.38e-05 -2.38e-05 1.0e+00 9.9e-01 1.00e-01
47 3.3e-23 3.0e-86 2.4e-80 -2.38e-05 -2.38e-05 1.0e+00 9.9e-01 1.00e-01
48 3.3e-24 3.1e-86 1.5e-80 -2.38e-05 -2.38e-05 1.0e+00 9.9e-01 1.00e-01
49 3.3e-25 3.0e-86 4.0e-81 -2.38e-05 -2.38e-05 1.0e+00 9.9e-01 1.00e-01
50 3.3e-26 3.1e-86 1.3e-81 -2.38e-05 -2.38e-05 1.0e+00 9.9e-01 1.00e-01
51 3.3e-27 3.1e-86 3.8e-82 -2.38e-05 -2.38e-05 1.0e+00 9.9e-01 1.00e-01
52 3.3e-28 3.2e-86 7.2e-82 -2.38e-05 -2.38e-05 1.0e+00 9.9e-01 1.00e-01
53 3.3e-29 3.2e-86 4.5e-81 -2.38e-05 -2.38e-05 1.0e+00 9.9e-01 1.00e-01
54 3.3e-30 3.1e-86 4.0e-80 -2.38e-05 -2.38e-05 1.0e+00 9.9e-01 1.00e-01
55 3.3e-31 3.1e-86 6.2e-79 -2.38e-05 -2.38e-05 1.0e+00 9.9e-01 1.00e-01
56 3.3e-32 3.1e-86 5.0e-78 -2.38e-05 -2.38e-05 1.0e+00 9.9e-01 1.00e-01

phase.value = pdOPT     
   Iteration = 56
          mu = 3.3486709762953627e-32
relative gap = 4.0184051715544352e-31
         gap = 4.0184051715544352e-31
      digits = 2.5773403627073055e+01
objValPrimal = -2.3848295874708702e-05
objValDual   = -2.3848295874708702e-05
p.feas.error = 3.1090206798340001e-76
d.feas.error = 6.0174994277030497e-67
relative eps = 8.6361685550944446e-78
total time   = 0.110


Parameters are
maxIteration =    200
epsilonStar  = 1.000e-30
lambdaStar   = 1.000e+10
omegaStar    = 2.000e+00
lowerBound   = -1.000e+05
upperBound   = 1.000e+05
betaStar     = 1.000e-01
betaBar      = 3.000e-01
gammaStar    = 9.000e-01
epsilonDash  = 1.000e-30
precision    =    200

                         Time(sec)  Ratio(% : MainLoop) 
 Predictor time  =       0.020000,  18.181818
 Corrector time  =       0.020000,  18.181818
 Make bMat time  =       0.010000,  9.090909
 Make bDia time  =       0.000000,  0.000000
 Make bF1  time  =       0.000000,  0.000000
 Make bF2  time  =       0.010000,  9.090909
 Make bF3  time  =       0.000000,  0.000000
 Make bPRE time  =       0.000000,  0.000000
 Make rMat time  =       0.020000,  18.181818
 Make gVec Mul   =       0.000000,  0.000000
 Make gVec time  =       0.000000,  0.000000
 Cholesky bMat   =       0.000000,  0.000000
 Ste Pre time    =       0.000000,  0.000000
 Ste Cor time    =       0.060000,  54.545455
 solve           =       0.000000,  0.000000
 sumDz           =       0.000000,  0.000000
 makedX          =       0.010000,  9.090909
 symmetriseDx    =       0.000000,  0.000000
 makedXdZ        =       0.010000,  9.090909
 xMatTime        =       0.010000,  9.090909
 zMatTime        =       0.000000,  0.000000
 invzMatTime     =       0.000000,  0.000000
 xMatzMatTime    =       0.000000,  0.000000
 EigxMatTime     =       0.040000,  36.363636
 EigzMatTime     =       0.020000,  18.181818
 EigxMatzMatTime =       0.000000,  0.000000
 updateRes       =       0.000000,  0.000000
 EigTime         =       0.060000,  54.545455
 sub_total_bMat  =       0.100000,  90.909091
 Main Loop       =       0.110000,  100.000000
 File Check      =       0.000000,  0.000000
 File Change     =       0.000000,  0.000000
 File Read       =       0.000000,  0.000000
 Total           =       0.110000,  100.000000

xVec = 
{+2.384829587471e-05,+7.257945453962e-01,+7.203048647497e-01,+8.095699769750e-01,+9.677535398500e-01,+1.196058210822e+00,+1.508103199663e+00,+1.927739965161e+00}
xMat = 
{
{ {+9.999761517041e-01,+7.257945453962e-01,+7.203048647497e-01,+8.095699769750e-01,+9.677535398500e-01,+1.196058210822e+00 },
  {+7.257945453962e-01,+7.202810164539e-01,+8.095699769750e-01,+9.677535398500e-01,+1.196058210822e+00,+1.508103199663e+00 },
  {+7.203048647497e-01,+8.095699769750e-01,+9.677296915542e-01,+1.196058210822e+00,+1.508103199663e+00,+1.927739965161e+00 },
  {+8.095699769750e-01,+9.677535398500e-01,+1.196058210822e+00,+1.508079351367e+00,+1.927739965161e+00,+2.491272754181e+00 },
  {+9.677535398500e-01,+1.196058210822e+00,+1.508103199663e+00,+1.927739965161e+00,+2.491248905886e+00,+3.254385393529e+00 },
  {+1.196058210822e+00,+1.508103199663e+00,+1.927739965161e+00,+2.491272754181e+00,+3.254385393529e+00,+4.313232466384e+00 }   }
{ {+7.257706971003e-01,+7.203048647497e-01,+8.095699769750e-01,+9.677535398500e-01,+1.196058210822e+00,+1.508103199663e+00 },
  {+7.203048647497e-01,+8.095461286791e-01,+9.677535398500e-01,+1.196058210822e+00,+1.508103199663e+00,+1.927739965161e+00 },
  {+8.095699769750e-01,+9.677535398500e-01,+1.196034362526e+00,+1.508103199663e+00,+1.927739965161e+00,+2.491272754181e+00 },
  {+9.677535398500e-01,+1.196058210822e+00,+1.508103199663e+00,+1.927716116865e+00,+2.491272754181e+00,+3.254385393529e+00 },
  {+1.196058210822e+00,+1.508103199663e+00,+1.927739965161e+00,+2.491272754181e+00,+3.254361545233e+00,+4.313256314680e+00 },
  {+1.508103199663e+00,+1.927739965161e+00,+2.491272754181e+00,+3.254385393529e+00,+4.313256314680e+00,+5.963289252181e+00 }   }
}
yMat = 
{
{ {+6.450563157756e-05,-1.000379087685e-03,+3.315060773857e-03,-4.038448525966e-03,+1.965653928355e-03,-3.002785936867e-04 },
  {-1.000379087685e-03,+1.551427828241e-02,-5.141128598335e-02,+6.262987204784e-02,-3.048414588713e-02,+4.656840313893e-03 },
  {+3.315060773857e-03,-5.141128598335e-02,+1.703669534829e-01,-2.075431550433e-01,+1.010185013851e-01,-1.543185862714e-02 },
  {-4.038448525966e-03,+6.262987204784e-02,-2.075431550433e-01,+2.528316690810e-01,-1.230620027335e-01,+1.879928332451e-02 },
  {+1.965653928355e-03,-3.048414588713e-02,+1.010185013851e-01,-1.230620027335e-01,+5.989857430374e-02,-9.150267702929e-03 },
  {-3.002785936867e-04,+4.656840313893e-03,-1.543185862714e-02,+1.879928332451e-02,-9.150267702929e-03,+1.397819564297e-03 }   }
{ {+1.733468954089e-03,-1.087957067828e-02,+2.124637699344e-02,-1.645875511129e-02,+4.781473248842e-03,-2.737372597341e-04 },
  {-1.087957067828e-02,+6.828219095841e-02,-1.333461782584e-01,+1.032981808456e-01,-3.000940745685e-02,+1.718025498829e-03 },
  {+2.124637699344e-02,-1.333461782584e-01,+2.604076261549e-01,-2.017278216101e-01,+5.860444341349e-02,-3.355078845654e-03 },
  {-1.645875511129e-02,+1.032981808456e-01,-2.017278216101e-01,+1.562708228344e-01,-4.539861939161e-02,+2.599051175489e-03 },
  {+4.781473248842e-03,-3.000940745685e-02,+5.860444341349e-02,-4.539861939161e-02,+1.318886408404e-02,-7.550567211153e-04 },
  {-2.737372597341e-04,+1.718025498829e-03,-3.355078845654e-03,+2.599051175489e-03,-7.550567211153e-04,+4.322666823075e-05 }   }
}
    main loop time = 0.110000
        total time = 0.110000
  file   read time = 0.000000
