SDPA-GMP start at Wed Jun  5 23:35:13 2024
*SDP Scan Problem: V = x^2 - 2*x^4 + x^8
* K = 6; eval = 8.693467336683419; Domain = R+ with BCs: Neumann
data      is /Users/gorg/qmBoot/data/K=6_BC-Neumann_V_0.0_0.0_1.0_0.0_-2.0_0.0_0.0_0.0_1.0/e=8.693467336683419_K=6_D=R+.dat
parameter is ./param.sdpa
out       is /Users/gorg/qmBoot/data/K=6_BC-Neumann_V_0.0_0.0_1.0_0.0_-2.0_0.0_0.0_0.0_1.0/e=8.693467336683419_K=6_D=R+.out
DENSE computation
   mu      thetaP  thetaD  objP      objD      alphaP  alphaD  beta 
 0 1.0e+20 1.0e+00 1.0e+00 +0.00e+00 -2.95e+10 1.0e+00 9.0e-01 3.00e-01
 1 1.6e+19 8.6e-88 1.0e-01 +1.60e+10 -2.95e+09 9.0e-01 9.0e-01 3.00e-01
 2 2.5e+18 2.6e-87 1.0e-02 +2.46e+10 -2.95e+08 9.0e-01 9.0e-01 3.00e-01
 3 3.8e+17 3.5e-87 1.0e-03 +3.79e+10 -2.95e+07 9.0e-01 9.0e-01 3.00e-01
 4 5.8e+16 5.2e-87 1.0e-04 +5.84e+10 -2.95e+06 9.0e-01 9.0e-01 3.00e-01
 5 9.0e+15 5.2e-87 1.0e-05 +9.00e+10 -2.95e+05 9.0e-01 9.0e-01 3.00e-01
 6 1.4e+15 6.9e-87 1.0e-06 +1.39e+11 -2.95e+04 9.0e-01 9.0e-01 3.00e-01
 7 2.1e+14 7.8e-87 1.0e-07 +2.13e+11 -2.95e+03 9.0e-01 9.0e-01 3.00e-01
 8 3.3e+13 7.8e-87 1.0e-08 +3.29e+11 -2.96e+02 9.0e-01 9.0e-01 3.00e-01
 9 5.1e+12 8.6e-87 1.0e-09 +5.05e+11 -2.97e+01 9.0e-01 9.0e-01 3.00e-01
10 8.6e+11 9.5e-87 1.0e-10 +7.66e+11 -3.16e+00 8.8e-01 8.8e-01 3.00e-01
11 2.2e+11 1.2e-86 1.2e-11 +1.03e+12 -5.05e-01 2.0e+00 9.2e-01 3.00e-01
12 5.0e+10 1.0e-86 1.0e-12 +4.68e+11 -2.57e-01 1.3e+00 1.0e+00 3.00e-01
13 1.0e+10 1.4e-86 7.7e-94 +1.24e+11 -4.34e-01 9.6e-01 9.6e-01 1.00e-01
14 1.4e+09 1.7e-86 1.1e-93 +1.64e+10 -4.36e-01 9.9e-01 9.9e-01 1.00e-01
15 1.5e+08 1.6e-86 1.6e-93 +1.82e+09 -4.38e-01 1.0e+00 1.0e+00 1.00e-01
16 1.5e+07 1.8e-86 7.8e-93 +1.84e+08 -4.40e-01 1.0e+00 1.0e+00 1.00e-01
17 1.5e+06 2.1e-86 2.7e-92 +1.84e+07 -4.42e-01 1.0e+00 1.0e+00 1.00e-01
18 1.5e+05 2.0e-86 8.8e-92 +1.84e+06 -4.44e-01 1.0e+00 1.0e+00 1.00e-01
19 1.5e+04 2.3e-86 2.0e-91 +1.84e+05 -4.45e-01 1.0e+00 1.0e+00 1.00e-01
20 1.5e+03 2.3e-86 8.2e-91 +1.84e+04 -4.47e-01 1.0e+00 1.0e+00 1.00e-01
21 1.5e+02 2.6e-86 2.2e-90 +1.84e+03 -4.48e-01 1.0e+00 1.0e+00 1.00e-01
22 1.5e+01 2.6e-86 9.2e-90 +1.85e+02 -4.48e-01 1.0e+00 6.9e+01 1.00e-01
23 1.6e+00 2.7e-86 1.5e-87 +1.87e+01 -1.93e-01 9.8e-01 9.8e-01 1.00e-01
24 1.8e-01 2.6e-86 1.1e-88 +1.96e+00 -1.99e-01 9.2e-01 1.5e+00 1.00e-01
25 2.6e-02 3.0e-86 2.9e-88 +2.42e-01 -7.33e-02 8.9e-01 1.1e+00 1.00e-01
26 4.6e-03 2.8e-86 7.2e-89 +3.01e-02 -2.51e-02 9.0e-01 9.0e-01 1.00e-01
27 8.8e-04 2.8e-86 7.6e-89 +3.30e-03 -7.24e-03 9.4e-01 9.3e-01 1.00e-01
28 1.4e-04 2.8e-86 2.0e-89 +3.45e-04 -1.38e-03 9.7e-01 9.8e-01 1.00e-01
29 1.8e-05 2.8e-86 1.3e-89 +1.48e-05 -1.98e-04 1.0e+00 9.5e-01 1.00e-01
30 2.4e-06 2.7e-86 3.7e-89 -2.00e-05 -4.85e-05 1.0e+00 9.7e-01 1.00e-01
31 2.9e-07 2.7e-86 2.5e-88 -2.37e-05 -2.72e-05 1.0e+00 9.8e-01 1.00e-01
32 3.3e-08 2.8e-86 3.7e-88 -2.41e-05 -2.45e-05 1.0e+00 9.9e-01 1.00e-01
33 3.4e-09 2.8e-86 2.0e-88 -2.42e-05 -2.42e-05 1.1e+00 9.9e-01 1.00e-01
34 3.5e-10 2.7e-86 2.7e-89 -2.42e-05 -2.42e-05 1.1e+00 9.9e-01 1.00e-01
35 3.5e-11 2.7e-86 4.3e-90 -2.42e-05 -2.42e-05 1.1e+00 9.9e-01 1.00e-01
36 3.5e-12 2.8e-86 2.3e-89 -2.42e-05 -2.42e-05 1.1e+00 9.9e-01 1.00e-01
37 3.5e-13 2.8e-86 3.4e-90 -2.42e-05 -2.42e-05 1.1e+00 9.9e-01 1.00e-01
38 3.5e-14 2.8e-86 3.3e-90 -2.42e-05 -2.42e-05 1.0e+00 9.9e-01 1.00e-01
39 3.5e-15 2.8e-86 3.4e-90 -2.42e-05 -2.42e-05 1.0e+00 9.9e-01 1.00e-01
40 3.5e-16 2.8e-86 2.2e-90 -2.42e-05 -2.42e-05 1.0e+00 9.9e-01 1.00e-01
41 3.5e-17 2.8e-86 1.7e-89 -2.42e-05 -2.42e-05 1.0e+00 9.9e-01 1.00e-01
42 3.5e-18 2.8e-86 9.0e-90 -2.42e-05 -2.42e-05 1.0e+00 9.9e-01 1.00e-01
43 3.5e-19 2.8e-86 1.6e-90 -2.42e-05 -2.42e-05 1.0e+00 9.9e-01 1.00e-01
44 3.5e-20 2.8e-86 5.9e-90 -2.42e-05 -2.42e-05 1.0e+00 9.9e-01 1.00e-01
45 3.5e-21 2.6e-86 8.2e-80 -2.42e-05 -2.42e-05 1.0e+00 9.9e-01 1.00e-01
46 3.5e-22 2.7e-86 5.9e-80 -2.42e-05 -2.42e-05 1.0e+00 9.9e-01 1.00e-01
47 3.5e-23 2.8e-86 2.8e-80 -2.42e-05 -2.42e-05 1.0e+00 9.9e-01 1.00e-01
48 3.5e-24 2.7e-86 1.5e-80 -2.42e-05 -2.42e-05 1.0e+00 9.9e-01 1.00e-01
49 3.5e-25 2.8e-86 4.3e-81 -2.42e-05 -2.42e-05 1.0e+00 9.9e-01 1.00e-01
50 3.5e-26 2.8e-86 1.6e-81 -2.42e-05 -2.42e-05 1.0e+00 9.9e-01 1.00e-01
51 3.5e-27 2.8e-86 4.2e-82 -2.42e-05 -2.42e-05 1.0e+00 9.9e-01 1.00e-01
52 3.5e-28 2.8e-86 5.5e-82 -2.42e-05 -2.42e-05 1.0e+00 9.9e-01 1.00e-01
53 3.5e-29 2.7e-86 3.6e-81 -2.42e-05 -2.42e-05 1.0e+00 9.9e-01 1.00e-01
54 3.5e-30 2.8e-86 8.0e-80 -2.42e-05 -2.42e-05 1.0e+00 9.9e-01 1.00e-01
55 3.5e-31 2.8e-86 3.4e-79 -2.42e-05 -2.42e-05 1.0e+00 9.9e-01 1.00e-01
56 3.5e-32 2.8e-86 7.7e-78 -2.42e-05 -2.42e-05 1.0e+00 9.9e-01 1.00e-01

phase.value = pdOPT     
   Iteration = 56
          mu = 3.4729249627143420e-32
relative gap = 4.1675099552572104e-31
         gap = 4.1675099552572104e-31
      digits = 2.5763498561620093e+01
objValPrimal = -2.4175485670798723e-05
objValDual   = -2.4175485670798723e-05
p.feas.error = 2.7635739376302223e-76
d.feas.error = 9.2003855426565735e-67
relative eps = 8.6361685550944446e-78
total time   = 0.110


Parameters are
maxIteration =    200
epsilonStar  = 1.000e-30
lambdaStar   = 1.000e+10
omegaStar    = 2.000e+00
lowerBound   = -1.000e+05
upperBound   = 1.000e+05
betaStar     = 1.000e-01
betaBar      = 3.000e-01
gammaStar    = 9.000e-01
epsilonDash  = 1.000e-30
precision    =    200

                         Time(sec)  Ratio(% : MainLoop) 
 Predictor time  =       0.040000,  36.363636
 Corrector time  =       0.010000,  9.090909
 Make bMat time  =       0.020000,  18.181818
 Make bDia time  =       0.000000,  0.000000
 Make bF1  time  =       0.020000,  18.181818
 Make bF2  time  =       0.000000,  0.000000
 Make bF3  time  =       0.000000,  0.000000
 Make bPRE time  =       0.020000,  18.181818
 Make rMat time  =       0.000000,  0.000000
 Make gVec Mul   =       0.000000,  0.000000
 Make gVec time  =       0.000000,  0.000000
 Cholesky bMat   =       0.000000,  0.000000
 Ste Pre time    =       0.000000,  0.000000
 Ste Cor time    =       0.040000,  36.363636
 solve           =       0.000000,  0.000000
 sumDz           =       0.000000,  0.000000
 makedX          =       0.030000,  27.272727
 symmetriseDx    =       0.000000,  0.000000
 makedXdZ        =       0.030000,  27.272727
 xMatTime        =       0.010000,  9.090909
 zMatTime        =       0.010000,  9.090909
 invzMatTime     =       0.000000,  0.000000
 xMatzMatTime    =       0.000000,  0.000000
 EigxMatTime     =       0.040000,  36.363636
 EigzMatTime     =       0.000000,  0.000000
 EigxMatzMatTime =       0.000000,  0.000000
 updateRes       =       0.000000,  0.000000
 EigTime         =       0.040000,  36.363636
 sub_total_bMat  =       0.090000,  81.818182
 Main Loop       =       0.110000,  100.000000
 File Check      =       0.000000,  0.000000
 File Change     =       0.000000,  0.000000
 File Read       =       0.000000,  0.000000
 Total           =       0.110000,  100.000000

xVec = 
{+2.417548567080e-05,+7.334723851547e-01,+7.333392513646e-01,+8.303730808635e-01,+1.000019406762e+00,+1.244909208402e+00,+1.580667290991e+00,+2.034013358728e+00}
xMat = 
{
{ {+9.999758245143e-01,+7.334723851547e-01,+7.333392513646e-01,+8.303730808635e-01,+1.000019406762e+00,+1.244909208402e+00 },
  {+7.334723851547e-01,+7.333150758789e-01,+8.303730808635e-01,+1.000019406762e+00,+1.244909208402e+00,+1.580667290991e+00 },
  {+7.333392513646e-01,+8.303730808635e-01,+9.999952312763e-01,+1.244909208402e+00,+1.580667290991e+00,+2.034013358728e+00 },
  {+8.303730808635e-01,+1.000019406762e+00,+1.244909208402e+00,+1.580643115506e+00,+2.034013358728e+00,+2.645381054905e+00 },
  {+1.000019406762e+00,+1.244909208402e+00,+1.580667290991e+00,+2.034013358728e+00,+2.645356879420e+00,+3.476529178322e+00 },
  {+1.244909208402e+00,+1.580667290991e+00,+2.034013358728e+00,+2.645381054905e+00,+3.476529178322e+00,+4.633172648543e+00 }   }
{ {+7.334482096690e-01,+7.333392513646e-01,+8.303730808635e-01,+1.000019406762e+00,+1.244909208402e+00,+1.580667290991e+00 },
  {+7.333392513646e-01,+8.303489053779e-01,+1.000019406762e+00,+1.244909208402e+00,+1.580667290991e+00,+2.034013358728e+00 },
  {+8.303730808635e-01,+1.000019406762e+00,+1.244885032916e+00,+1.580667290991e+00,+2.034013358728e+00,+2.645381054905e+00 },
  {+1.000019406762e+00,+1.244909208402e+00,+1.580667290991e+00,+2.033989183243e+00,+2.645381054905e+00,+3.476529178322e+00 },
  {+1.244909208402e+00,+1.580667290991e+00,+2.034013358728e+00,+2.645381054905e+00,+3.476505002836e+00,+4.633196824029e+00 },
  {+1.580667290991e+00,+2.034013358728e+00,+2.645381054905e+00,+3.476529178322e+00,+4.633196824029e+00,+6.432442524096e+00 }   }
}
yMat = 
{
{ {+6.779258062884e-05,-1.037967583037e-03,+3.413769148832e-03,-4.132286180282e-03,+1.999353423084e-03,-3.036159663544e-04 },
  {-1.037967583037e-03,+1.589225094312e-02,-5.226798684444e-02,+6.326915215761e-02,-3.061196403713e-02,+4.648643374319e-03 },
  {+3.413769148832e-03,-5.226798684444e-02,+1.719040593147e-01,-2.080857661051e-01,+1.006796167077e-01,-1.528891228833e-02 },
  {-4.132286180282e-03,+6.326915215761e-02,-2.080857661051e-01,+2.518828597076e-01,-1.218702761139e-01,+1.850686388158e-02 },
  {+1.999353423084e-03,-3.061196403713e-02,+1.006796167077e-01,-1.218702761139e-01,+5.896536277741e-02,-8.954307624857e-03 },
  {-3.036159663544e-04,+4.648643374319e-03,-1.528891228833e-02,+1.850686388158e-02,-8.954307624857e-03,+1.359774980835e-03 }   }
{ {+1.794594278002e-03,-1.115827243351e-02,+2.164463998802e-02,-1.666469519852e-02,+4.812753089629e-03,-2.739293927499e-04 },
  {-1.115827243351e-02,+6.937893719296e-02,-1.345801625872e-01,+1.036162944047e-01,-2.992431815233e-02,+1.703214386291e-03 },
  {+2.164463998802e-02,-1.345801625872e-01,+2.610564660513e-01,-2.009932453834e-01,+5.804671799814e-02,-3.303868267545e-03 },
  {-1.666469519852e-02,+1.036162944047e-01,-2.009932453834e-01,+1.547492207368e-01,-4.469147388217e-02,+2.543722495970e-03 },
  {+4.812753089629e-03,-2.992431815233e-02,+5.804671799814e-02,-4.469147388217e-02,+1.290686846919e-02,-7.346253955323e-04 },
  {-2.739293927499e-04,+1.703214386291e-03,-3.303868267545e-03,+2.543722495970e-03,-7.346253955323e-04,+4.181296749472e-05 }   }
}
    main loop time = 0.110000
        total time = 0.110000
  file   read time = 0.000000
