SDPA-GMP start at Wed Jun  5 23:35:13 2024
*SDP Scan Problem: V = x^2 - 2*x^4 + x^8
* K = 6; eval = 8.99497487437186; Domain = R+ with BCs: Neumann
data      is /Users/gorg/qmBoot/data/K=6_BC-Neumann_V_0.0_0.0_1.0_0.0_-2.0_0.0_0.0_0.0_1.0/e=8.99497487437186_K=6_D=R+.dat
parameter is ./param.sdpa
out       is /Users/gorg/qmBoot/data/K=6_BC-Neumann_V_0.0_0.0_1.0_0.0_-2.0_0.0_0.0_0.0_1.0/e=8.99497487437186_K=6_D=R+.out
DENSE computation
   mu      thetaP  thetaD  objP      objD      alphaP  alphaD  beta 
 0 1.0e+20 1.0e+00 1.0e+00 +0.00e+00 -3.01e+10 1.0e+00 9.0e-01 3.00e-01
 1 1.6e+19 8.6e-88 1.0e-01 +1.60e+10 -3.01e+09 9.0e-01 9.0e-01 3.00e-01
 2 2.5e+18 3.5e-87 1.0e-02 +2.46e+10 -3.01e+08 9.0e-01 9.0e-01 3.00e-01
 3 3.8e+17 2.6e-87 1.0e-03 +3.79e+10 -3.01e+07 9.0e-01 9.0e-01 3.00e-01
 4 5.8e+16 3.5e-87 1.0e-04 +5.84e+10 -3.01e+06 9.0e-01 9.0e-01 3.00e-01
 5 9.0e+15 4.3e-87 1.0e-05 +9.00e+10 -3.01e+05 9.0e-01 9.0e-01 3.00e-01
 6 1.4e+15 6.0e-87 1.0e-06 +1.39e+11 -3.01e+04 9.0e-01 9.0e-01 3.00e-01
 7 2.1e+14 8.6e-87 1.0e-07 +2.13e+11 -3.01e+03 9.0e-01 9.0e-01 3.00e-01
 8 3.3e+13 1.0e-86 1.0e-08 +3.29e+11 -3.02e+02 9.0e-01 9.0e-01 3.00e-01
 9 5.1e+12 1.2e-86 1.0e-09 +5.05e+11 -3.03e+01 9.0e-01 9.0e-01 3.00e-01
10 8.6e+11 1.4e-86 1.0e-10 +7.66e+11 -3.23e+00 8.8e-01 8.8e-01 3.00e-01
11 2.2e+11 1.3e-86 1.2e-11 +1.03e+12 -5.14e-01 2.0e+00 9.1e-01 3.00e-01
12 5.0e+10 1.6e-86 1.1e-12 +4.67e+11 -2.61e-01 1.3e+00 1.0e+00 3.00e-01
13 1.0e+10 2.1e-86 5.2e-94 +1.24e+11 -4.44e-01 9.6e-01 9.6e-01 1.00e-01
14 1.4e+09 2.0e-86 7.1e-94 +1.64e+10 -4.46e-01 9.9e-01 9.9e-01 1.00e-01
15 1.5e+08 2.3e-86 1.9e-93 +1.82e+09 -4.48e-01 1.0e+00 1.0e+00 1.00e-01
16 1.5e+07 2.5e-86 6.8e-93 +1.85e+08 -4.50e-01 1.0e+00 1.0e+00 1.00e-01
17 1.5e+06 2.2e-86 1.5e-92 +1.85e+07 -4.52e-01 1.0e+00 1.0e+00 1.00e-01
18 1.5e+05 2.6e-86 8.4e-92 +1.85e+06 -4.53e-01 1.0e+00 1.0e+00 1.00e-01
19 1.5e+04 2.7e-86 2.4e-91 +1.85e+05 -4.55e-01 1.0e+00 1.0e+00 1.00e-01
20 1.5e+03 3.0e-86 8.6e-91 +1.85e+04 -4.56e-01 1.0e+00 1.0e+00 1.00e-01
21 1.5e+02 3.3e-86 3.4e-90 +1.85e+03 -4.57e-01 1.0e+00 1.0e+00 1.00e-01
22 1.5e+01 3.0e-86 9.0e-90 +1.85e+02 -4.58e-01 1.0e+00 6.7e+01 1.00e-01
23 1.6e+00 3.4e-86 1.9e-87 +1.87e+01 -1.95e-01 9.8e-01 9.8e-01 1.00e-01
24 1.8e-01 3.5e-86 1.3e-88 +1.96e+00 -2.01e-01 9.2e-01 1.4e+00 1.00e-01
25 2.6e-02 3.4e-86 2.7e-88 +2.43e-01 -7.46e-02 8.9e-01 1.1e+00 1.00e-01
26 4.6e-03 3.4e-86 1.4e-88 +3.01e-02 -2.55e-02 9.0e-01 9.0e-01 1.00e-01
27 8.8e-04 3.5e-86 7.2e-89 +3.29e-03 -7.33e-03 9.4e-01 9.2e-01 1.00e-01
28 1.5e-04 3.5e-86 1.6e-89 +3.42e-04 -1.41e-03 9.7e-01 9.8e-01 1.00e-01
29 1.8e-05 3.4e-86 1.5e-89 +1.43e-05 -2.00e-04 1.0e+00 9.5e-01 1.00e-01
30 2.4e-06 3.3e-86 3.7e-89 -2.02e-05 -4.87e-05 1.0e+00 9.7e-01 1.00e-01
31 3.0e-07 3.4e-86 1.8e-88 -2.39e-05 -2.75e-05 1.0e+00 9.8e-01 1.00e-01
32 3.4e-08 3.5e-86 1.5e-88 -2.43e-05 -2.47e-05 1.1e+00 9.9e-01 1.00e-01
33 3.5e-09 3.4e-86 1.7e-88 -2.43e-05 -2.44e-05 1.1e+00 9.9e-01 1.00e-01
34 3.5e-10 3.5e-86 2.9e-88 -2.43e-05 -2.43e-05 1.1e+00 9.9e-01 1.00e-01
35 3.5e-11 3.4e-86 8.0e-90 -2.43e-05 -2.43e-05 1.1e+00 9.9e-01 1.00e-01
36 3.5e-12 3.2e-86 4.6e-90 -2.43e-05 -2.43e-05 1.1e+00 9.9e-01 1.00e-01
37 3.5e-13 3.3e-86 5.5e-90 -2.43e-05 -2.43e-05 1.1e+00 9.9e-01 1.00e-01
38 3.5e-14 3.3e-86 1.6e-89 -2.43e-05 -2.43e-05 1.1e+00 9.9e-01 1.00e-01
39 3.5e-15 3.4e-86 1.9e-90 -2.43e-05 -2.43e-05 1.1e+00 9.9e-01 1.00e-01
40 3.5e-16 3.2e-86 7.5e-91 -2.43e-05 -2.43e-05 1.1e+00 9.9e-01 1.00e-01
41 3.5e-17 3.4e-86 1.1e-89 -2.43e-05 -2.43e-05 1.1e+00 9.9e-01 1.00e-01
42 3.5e-18 3.4e-86 1.7e-89 -2.43e-05 -2.43e-05 1.1e+00 9.9e-01 1.00e-01
43 3.5e-19 3.4e-86 1.0e-89 -2.43e-05 -2.43e-05 1.1e+00 9.9e-01 1.00e-01
44 3.5e-20 3.3e-86 1.4e-89 -2.43e-05 -2.43e-05 1.1e+00 9.9e-01 1.00e-01
45 3.5e-21 3.3e-86 6.4e-80 -2.43e-05 -2.43e-05 1.1e+00 9.9e-01 1.00e-01
46 3.5e-22 3.3e-86 4.9e-80 -2.43e-05 -2.43e-05 1.1e+00 9.9e-01 1.00e-01
47 3.5e-23 3.4e-86 4.0e-80 -2.43e-05 -2.43e-05 1.1e+00 9.9e-01 1.00e-01
48 3.5e-24 3.4e-86 1.2e-80 -2.43e-05 -2.43e-05 1.1e+00 9.9e-01 1.00e-01
49 3.5e-25 3.3e-86 7.2e-81 -2.43e-05 -2.43e-05 1.1e+00 9.9e-01 1.00e-01
50 3.5e-26 3.4e-86 1.6e-81 -2.43e-05 -2.43e-05 1.1e+00 9.9e-01 1.00e-01
51 3.5e-27 3.3e-86 4.9e-82 -2.43e-05 -2.43e-05 1.1e+00 9.9e-01 1.00e-01
52 3.5e-28 3.3e-86 7.0e-82 -2.43e-05 -2.43e-05 1.1e+00 9.9e-01 1.00e-01
53 3.5e-29 3.4e-86 6.9e-81 -2.43e-05 -2.43e-05 1.1e+00 9.9e-01 1.00e-01
54 3.5e-30 3.4e-86 6.4e-80 -2.43e-05 -2.43e-05 1.1e+00 9.9e-01 1.00e-01
55 3.5e-31 3.4e-86 5.5e-79 -2.43e-05 -2.43e-05 1.1e+00 9.9e-01 1.00e-01
56 3.5e-32 3.4e-86 1.5e-78 -2.43e-05 -2.43e-05 1.1e+00 9.9e-01 1.00e-01

phase.value = pdOPT     
   Iteration = 56
          mu = 3.5371827207128035e-32
relative gap = 4.2446192648553642e-31
         gap = 4.2446192648553642e-31
      digits = 2.5758433447999728e+01
objValPrimal = -2.4337288415001583e-05
objValDual   = -2.4337288415001583e-05
p.feas.error = 3.3681057364868334e-76
d.feas.error = 1.7829129580255604e-67
relative eps = 8.6361685550944446e-78
total time   = 0.120


Parameters are
maxIteration =    200
epsilonStar  = 1.000e-30
lambdaStar   = 1.000e+10
omegaStar    = 2.000e+00
lowerBound   = -1.000e+05
upperBound   = 1.000e+05
betaStar     = 1.000e-01
betaBar      = 3.000e-01
gammaStar    = 9.000e-01
epsilonDash  = 1.000e-30
precision    =    200

                         Time(sec)  Ratio(% : MainLoop) 
 Predictor time  =       0.030000,  25.000000
 Corrector time  =       0.020000,  16.666667
 Make bMat time  =       0.030000,  25.000000
 Make bDia time  =       0.000000,  0.000000
 Make bF1  time  =       0.010000,  8.333333
 Make bF2  time  =       0.010000,  8.333333
 Make bF3  time  =       0.000000,  0.000000
 Make bPRE time  =       0.010000,  8.333333
 Make rMat time  =       0.020000,  16.666667
 Make gVec Mul   =       0.000000,  0.000000
 Make gVec time  =       0.000000,  0.000000
 Cholesky bMat   =       0.000000,  0.000000
 Ste Pre time    =       0.000000,  0.000000
 Ste Cor time    =       0.050000,  41.666667
 solve           =       0.000000,  0.000000
 sumDz           =       0.000000,  0.000000
 makedX          =       0.000000,  0.000000
 symmetriseDx    =       0.000000,  0.000000
 makedXdZ        =       0.000000,  0.000000
 xMatTime        =       0.000000,  0.000000
 zMatTime        =       0.010000,  8.333333
 invzMatTime     =       0.000000,  0.000000
 xMatzMatTime    =       0.000000,  0.000000
 EigxMatTime     =       0.030000,  25.000000
 EigzMatTime     =       0.020000,  16.666667
 EigxMatzMatTime =       0.000000,  0.000000
 updateRes       =       0.000000,  0.000000
 EigTime         =       0.050000,  41.666667
 sub_total_bMat  =       0.090000,  75.000000
 Main Loop       =       0.120000,  100.000000
 File Check      =       0.000000,  0.000000
 File Change     =       0.000000,  0.000000
 File Read       =       0.000000,  0.000000
 Total           =       0.120000,  100.000000

xVec = 
{+2.433728841500e-05,+7.370895818039e-01,+7.395553833579e-01,+8.403840007236e-01,+1.015663976762e+00,+1.268756033735e+00,+1.616313096126e+00,+2.086529714211e+00}
xMat = 
{
{ {+9.999756627116e-01,+7.370895818039e-01,+7.395553833579e-01,+8.403840007236e-01,+1.015663976762e+00,+1.268756033735e+00 },
  {+7.370895818039e-01,+7.395310460694e-01,+8.403840007236e-01,+1.015663976762e+00,+1.268756033735e+00,+1.616313096126e+00 },
  {+7.395553833579e-01,+8.403840007236e-01,+1.015639639473e+00,+1.268756033735e+00,+1.616313096126e+00,+2.086529714211e+00 },
  {+8.403840007236e-01,+1.015663976762e+00,+1.268756033735e+00,+1.616288758837e+00,+2.086529714211e+00,+2.721969593645e+00 },
  {+1.015663976762e+00,+1.268756033735e+00,+1.616313096126e+00,+2.086529714211e+00,+2.721945256357e+00,+3.587532891536e+00 },
  {+1.268756033735e+00,+1.616313096126e+00,+2.086529714211e+00,+2.721969593645e+00,+3.587532891536e+00,+4.793878709675e+00 }   }
{ {+7.370652445155e-01,+7.395553833579e-01,+8.403840007236e-01,+1.015663976762e+00,+1.268756033735e+00,+1.616313096126e+00 },
  {+7.395553833579e-01,+8.403596634352e-01,+1.015663976762e+00,+1.268756033735e+00,+1.616313096126e+00,+2.086529714211e+00 },
  {+8.403840007236e-01,+1.015663976762e+00,+1.268731696447e+00,+1.616313096126e+00,+2.086529714211e+00,+2.721969593645e+00 },
  {+1.015663976762e+00,+1.268756033735e+00,+1.616313096126e+00,+2.086505376923e+00,+2.721969593645e+00,+3.587532891536e+00 },
  {+1.268756033735e+00,+1.616313096126e+00,+2.086529714211e+00,+2.721969593645e+00,+3.587508554248e+00,+4.793903046963e+00 },
  {+1.616313096126e+00,+2.086529714211e+00,+2.721969593645e+00,+3.587532891536e+00,+4.793903046963e+00,+6.669231384963e+00 }   }
}
yMat = 
{
{ {+6.940150524731e-05,-1.056233943337e-03,+3.461422347140e-03,-4.177224631862e-03,+2.015310648683e-03,-3.051650443707e-04 },
  {-1.056233943337e-03,+1.607501363379e-02,-5.268000689962e-02,+6.357393012431e-02,-3.067137385452e-02,+4.644361488061e-03 },
  {+3.461422347140e-03,-5.268000689962e-02,+1.726395504331e-01,-2.083404191051e-01,+1.005142653740e-01,-1.522020452419e-02 },
  {-4.177224631862e-03,+6.357393012431e-02,-2.083404191051e-01,+2.514240226182e-01,-1.213000388469e-01,+1.836765550813e-02 },
  {+2.015310648683e-03,-3.067137385452e-02,+1.005142653740e-01,-1.213000388469e-01,+5.852145419934e-02,-8.861513325028e-03 },
  {-3.051650443707e-04,+4.644361488061e-03,-1.522020452419e-02,+1.836765550813e-02,-8.861513325028e-03,+1.341839834365e-03 }   }
{ {+1.824292386642e-03,-1.129294356434e-02,+2.183574706840e-02,-1.676246717651e-02,+4.827247042289e-03,-2.739831327574e-04 },
  {-1.129294356434e-02,+6.990687199113e-02,-1.351701411102e-01,+1.037649431690e-01,-2.988217723149e-02,+1.696041752115e-03 },
  {+2.183574706840e-02,-1.351701411102e-01,+2.613615303809e-01,-2.006372422473e-01,+5.777941421228e-02,-3.279422987074e-03 },
  {-1.676246717651e-02,+1.037649431690e-01,-2.006372422473e-01,+1.540215307048e-01,-4.435504455962e-02,+2.517487494544e-03 },
  {+4.827247042289e-03,-2.988217723149e-02,+5.777941421228e-02,-4.435504455962e-02,+1.277334388824e-02,-7.249848088630e-04 },
  {-2.739831327574e-04,+1.696041752115e-03,-3.279422987074e-03,+2.517487494544e-03,-7.249848088630e-04,+4.114842422476e-05 }   }
}
    main loop time = 0.120000
        total time = 0.120000
  file   read time = 0.000000
