SDPA-GMP start at Wed Jun  5 23:35:13 2024
*SDP Scan Problem: V = x^2 - 2*x^4 + x^8
* K = 6; eval = 8.49246231155779; Domain = R+ with BCs: Neumann
data      is /Users/gorg/qmBoot/data/K=6_BC-Neumann_V_0.0_0.0_1.0_0.0_-2.0_0.0_0.0_0.0_1.0/e=8.49246231155779_K=6_D=R+.dat
parameter is ./param.sdpa
out       is /Users/gorg/qmBoot/data/K=6_BC-Neumann_V_0.0_0.0_1.0_0.0_-2.0_0.0_0.0_0.0_1.0/e=8.49246231155779_K=6_D=R+.out
DENSE computation
   mu      thetaP  thetaD  objP      objD      alphaP  alphaD  beta 
 0 1.0e+20 1.0e+00 1.0e+00 +0.00e+00 -2.91e+10 1.0e+00 9.0e-01 3.00e-01
 1 1.6e+19 8.6e-88 1.0e-01 +1.60e+10 -2.91e+09 9.0e-01 9.0e-01 3.00e-01
 2 2.5e+18 8.6e-88 1.0e-02 +2.46e+10 -2.91e+08 9.0e-01 9.0e-01 3.00e-01
 3 3.8e+17 2.6e-87 1.0e-03 +3.79e+10 -2.91e+07 9.0e-01 9.0e-01 3.00e-01
 4 5.8e+16 4.3e-87 1.0e-04 +5.84e+10 -2.91e+06 9.0e-01 9.0e-01 3.00e-01
 5 9.0e+15 6.9e-87 1.0e-05 +9.00e+10 -2.91e+05 9.0e-01 9.0e-01 3.00e-01
 6 1.4e+15 6.9e-87 1.0e-06 +1.39e+11 -2.91e+04 9.0e-01 9.0e-01 3.00e-01
 7 2.1e+14 6.9e-87 1.0e-07 +2.13e+11 -2.91e+03 9.0e-01 9.0e-01 3.00e-01
 8 3.3e+13 1.0e-86 1.0e-08 +3.29e+11 -2.91e+02 9.0e-01 9.0e-01 3.00e-01
 9 5.1e+12 1.1e-86 1.0e-09 +5.05e+11 -2.93e+01 9.0e-01 9.0e-01 3.00e-01
10 8.5e+11 1.4e-86 1.0e-10 +7.66e+11 -3.12e+00 8.8e-01 8.8e-01 3.00e-01
11 2.2e+11 1.5e-86 1.2e-11 +1.03e+12 -4.99e-01 1.9e+00 9.2e-01 3.00e-01
12 5.0e+10 1.4e-86 1.0e-12 +4.69e+11 -2.54e-01 1.3e+00 1.0e+00 3.00e-01
13 1.0e+10 1.8e-86 6.9e-94 +1.24e+11 -4.28e-01 9.7e-01 9.7e-01 1.00e-01
14 1.4e+09 2.0e-86 9.3e-94 +1.63e+10 -4.30e-01 9.9e-01 9.9e-01 1.00e-01
15 1.5e+08 2.2e-86 1.9e-93 +1.81e+09 -4.32e-01 1.0e+00 1.0e+00 1.00e-01
16 1.5e+07 2.3e-86 8.1e-93 +1.84e+08 -4.34e-01 1.0e+00 1.0e+00 1.00e-01
17 1.5e+06 2.3e-86 1.7e-92 +1.84e+07 -4.36e-01 1.0e+00 1.0e+00 1.00e-01
18 1.5e+05 2.5e-86 9.5e-92 +1.84e+06 -4.38e-01 1.0e+00 1.0e+00 1.00e-01
19 1.5e+04 2.8e-86 2.3e-91 +1.84e+05 -4.39e-01 1.0e+00 1.0e+00 1.00e-01
20 1.5e+03 2.8e-86 1.1e-90 +1.84e+04 -4.40e-01 1.0e+00 1.0e+00 1.00e-01
21 1.5e+02 3.1e-86 2.0e-90 +1.84e+03 -4.42e-01 1.0e+00 1.0e+00 1.00e-01
22 1.5e+01 2.9e-86 8.4e-90 +1.84e+02 -4.42e-01 1.0e+00 7.0e+01 1.00e-01
23 1.6e+00 3.4e-86 1.6e-87 +1.86e+01 -1.92e-01 9.8e-01 9.8e-01 1.00e-01
24 1.8e-01 3.4e-86 1.2e-88 +1.95e+00 -1.98e-01 9.2e-01 1.5e+00 1.00e-01
25 2.6e-02 3.5e-86 3.4e-88 +2.42e-01 -7.24e-02 8.9e-01 1.1e+00 1.00e-01
26 4.6e-03 3.4e-86 7.2e-89 +3.01e-02 -2.49e-02 9.0e-01 9.0e-01 1.00e-01
27 8.7e-04 3.5e-86 7.9e-89 +3.32e-03 -7.17e-03 9.3e-01 9.3e-01 1.00e-01
28 1.4e-04 3.4e-86 2.3e-89 +3.47e-04 -1.37e-03 9.6e-01 9.8e-01 1.00e-01
29 1.8e-05 3.4e-86 1.3e-89 +1.51e-05 -1.97e-04 1.0e+00 9.5e-01 1.00e-01
30 2.4e-06 3.5e-86 3.0e-89 -1.99e-05 -4.84e-05 1.0e+00 9.7e-01 1.00e-01
31 2.9e-07 3.4e-86 1.9e-89 -2.36e-05 -2.71e-05 1.0e+00 9.8e-01 1.00e-01
32 3.3e-08 3.5e-86 1.3e-88 -2.40e-05 -2.44e-05 1.0e+00 9.9e-01 1.00e-01
33 3.4e-09 3.5e-86 2.3e-88 -2.41e-05 -2.41e-05 1.1e+00 9.9e-01 1.00e-01
34 3.4e-10 3.4e-86 5.4e-89 -2.41e-05 -2.41e-05 1.1e+00 9.9e-01 1.00e-01
35 3.4e-11 3.5e-86 7.2e-89 -2.41e-05 -2.41e-05 1.0e+00 9.9e-01 1.00e-01
36 3.4e-12 3.3e-86 4.6e-89 -2.41e-05 -2.41e-05 1.0e+00 9.9e-01 1.00e-01
37 3.4e-13 3.4e-86 1.1e-90 -2.41e-05 -2.41e-05 1.0e+00 9.9e-01 1.00e-01
38 3.4e-14 3.5e-86 3.8e-89 -2.41e-05 -2.41e-05 1.0e+00 9.9e-01 1.00e-01
39 3.4e-15 3.4e-86 4.6e-90 -2.41e-05 -2.41e-05 1.0e+00 9.9e-01 1.00e-01
40 3.4e-16 3.3e-86 1.8e-89 -2.41e-05 -2.41e-05 1.0e+00 9.9e-01 1.00e-01
41 3.4e-17 3.3e-86 8.3e-90 -2.41e-05 -2.41e-05 1.0e+00 9.9e-01 1.00e-01
42 3.4e-18 3.4e-86 1.7e-89 -2.41e-05 -2.41e-05 1.0e+00 9.9e-01 1.00e-01
43 3.4e-19 3.3e-86 6.3e-90 -2.41e-05 -2.41e-05 1.0e+00 9.9e-01 1.00e-01
44 3.4e-20 3.4e-86 9.3e-90 -2.41e-05 -2.41e-05 1.0e+00 9.9e-01 1.00e-01
45 3.4e-21 3.4e-86 6.6e-80 -2.41e-05 -2.41e-05 1.0e+00 9.9e-01 1.00e-01
46 3.4e-22 3.4e-86 5.1e-80 -2.41e-05 -2.41e-05 1.0e+00 9.9e-01 1.00e-01
47 3.4e-23 3.5e-86 3.1e-80 -2.41e-05 -2.41e-05 1.0e+00 9.9e-01 1.00e-01
48 3.4e-24 3.3e-86 1.5e-80 -2.41e-05 -2.41e-05 1.0e+00 9.9e-01 1.00e-01
49 3.4e-25 3.4e-86 4.0e-81 -2.41e-05 -2.41e-05 1.0e+00 9.9e-01 1.00e-01
50 3.4e-26 3.5e-86 1.6e-81 -2.41e-05 -2.41e-05 1.0e+00 9.9e-01 1.00e-01
51 3.4e-27 3.4e-86 4.3e-82 -2.41e-05 -2.41e-05 1.0e+00 9.9e-01 1.00e-01
52 3.4e-28 3.5e-86 8.4e-82 -2.41e-05 -2.41e-05 1.0e+00 9.9e-01 1.00e-01
53 3.4e-29 3.4e-86 7.5e-81 -2.41e-05 -2.41e-05 1.0e+00 9.9e-01 1.00e-01
54 3.4e-30 3.5e-86 1.0e-79 -2.41e-05 -2.41e-05 1.0e+00 9.9e-01 1.00e-01
55 3.4e-31 3.3e-86 6.1e-79 -2.41e-05 -2.41e-05 1.0e+00 9.9e-01 1.00e-01
56 3.4e-32 3.3e-86 7.3e-78 -2.41e-05 -2.41e-05 1.0e+00 9.9e-01 1.00e-01

phase.value = pdOPT     
   Iteration = 56
          mu = 3.4308802320641401e-32
relative gap = 4.1170562784769681e-31
         gap = 4.1170562784769681e-31
      digits = 2.5766835344329976e+01
objValPrimal = -2.4067010530697495e-05
objValDual   = -2.4067010530697495e-05
p.feas.error = 3.2817440509358890e-76
d.feas.error = 8.7750816865621401e-67
relative eps = 8.6361685550944446e-78
total time   = 0.120


Parameters are
maxIteration =    200
epsilonStar  = 1.000e-30
lambdaStar   = 1.000e+10
omegaStar    = 2.000e+00
lowerBound   = -1.000e+05
upperBound   = 1.000e+05
betaStar     = 1.000e-01
betaBar      = 3.000e-01
gammaStar    = 9.000e-01
epsilonDash  = 1.000e-30
precision    =    200

                         Time(sec)  Ratio(% : MainLoop) 
 Predictor time  =       0.030000,  25.000000
 Corrector time  =       0.030000,  25.000000
 Make bMat time  =       0.030000,  25.000000
 Make bDia time  =       0.000000,  0.000000
 Make bF1  time  =       0.030000,  25.000000
 Make bF2  time  =       0.000000,  0.000000
 Make bF3  time  =       0.000000,  0.000000
 Make bPRE time  =       0.020000,  16.666667
 Make rMat time  =       0.020000,  16.666667
 Make gVec Mul   =       0.000000,  0.000000
 Make gVec time  =       0.000000,  0.000000
 Cholesky bMat   =       0.000000,  0.000000
 Ste Pre time    =       0.000000,  0.000000
 Ste Cor time    =       0.050000,  41.666667
 solve           =       0.000000,  0.000000
 sumDz           =       0.000000,  0.000000
 makedX          =       0.010000,  8.333333
 symmetriseDx    =       0.000000,  0.000000
 makedXdZ        =       0.010000,  8.333333
 xMatTime        =       0.000000,  0.000000
 zMatTime        =       0.000000,  0.000000
 invzMatTime     =       0.000000,  0.000000
 xMatzMatTime    =       0.000000,  0.000000
 EigxMatTime     =       0.020000,  16.666667
 EigzMatTime     =       0.030000,  25.000000
 EigxMatzMatTime =       0.000000,  0.000000
 updateRes       =       0.010000,  8.333333
 EigTime         =       0.050000,  41.666667
 sub_total_bMat  =       0.090000,  75.000000
 Main Loop       =       0.120000,  100.000000
 File Check      =       0.000000,  0.000000
 File Change     =       0.000000,  0.000000
 File Read       =       0.000000,  0.000000
 Total           =       0.120000,  100.000000

xVec = 
{+2.406701053070e-05,+7.309818906847e-01,+7.290875183599e-01,+8.235590237673e-01,+9.894140466379e-01,+1.228802729467e+00,+1.556673702269e+00,+1.998778354881e+00}
xMat = 
{
{ {+9.999759329895e-01,+7.309818906847e-01,+7.290875183599e-01,+8.235590237673e-01,+9.894140466379e-01,+1.228802729467e+00 },
  {+7.309818906847e-01,+7.290634513494e-01,+8.235590237673e-01,+9.894140466379e-01,+1.228802729467e+00,+1.556673702269e+00 },
  {+7.290875183599e-01,+8.235590237673e-01,+9.893899796274e-01,+1.228802729467e+00,+1.556673702269e+00,+1.998778354881e+00 },
  {+8.235590237673e-01,+9.894140466379e-01,+1.228802729467e+00,+1.556649635258e+00,+1.998778354881e+00,+2.594154310933e+00 },
  {+9.894140466379e-01,+1.228802729467e+00,+1.556673702269e+00,+1.998778354881e+00,+2.594130243923e+00,+3.402504422742e+00 },
  {+1.228802729467e+00,+1.556673702269e+00,+1.998778354881e+00,+2.594154310933e+00,+3.402504422742e+00,+4.526308168794e+00 }   }
{ {+7.309578236741e-01,+7.290875183599e-01,+8.235590237673e-01,+9.894140466379e-01,+1.228802729467e+00,+1.556673702269e+00 },
  {+7.290875183599e-01,+8.235349567568e-01,+9.894140466379e-01,+1.228802729467e+00,+1.556673702269e+00,+1.998778354881e+00 },
  {+8.235590237673e-01,+9.894140466379e-01,+1.228778662457e+00,+1.556673702269e+00,+1.998778354881e+00,+2.594154310933e+00 },
  {+9.894140466379e-01,+1.228802729467e+00,+1.556673702269e+00,+1.998754287870e+00,+2.594154310933e+00,+3.402504422742e+00 },
  {+1.228802729467e+00,+1.556673702269e+00,+1.998778354881e+00,+2.594154310933e+00,+3.402480355732e+00,+4.526332235805e+00 },
  {+1.556673702269e+00,+1.998778354881e+00,+2.594154310933e+00,+3.402504422742e+00,+4.526332235805e+00,+6.275400162751e+00 }   }
}
yMat = 
{
{ {+6.670745350393e-05,-1.025599685859e-03,+3.381387726623e-03,-4.101614613572e-03,+1.988394549239e-03,-3.025403493603e-04 },
  {-1.025599685859e-03,+1.576817372549e-02,-5.198744679992e-02,+6.306063922750e-02,-3.057074911343e-02,+4.651433550007e-03 },
  {+3.381387726623e-03,-5.198744679992e-02,+1.714018802574e-01,-2.079100398107e-01,+1.007913294739e-01,-1.533571093483e-02 },
  {-4.101614613572e-03,+6.306063922750e-02,-2.079100398107e-01,+2.521943434294e-01,-1.222596233602e-01,+1.860217791192e-02 },
  {+1.988394549239e-03,-3.057074911343e-02,+1.007913294739e-01,-1.222596233602e-01,+5.926943206144e-02,-9.018026472220e-03 },
  {-3.025403493603e-04,+4.651433550007e-03,-1.533571093483e-02,+1.860217791192e-02,-9.018026472220e-03,+1.372120478046e-03 }   }
{ {+1.774484313943e-03,-1.106680991865e-02,+2.151435388364e-02,-1.659764980206e-02,+4.802680475966e-03,-2.738785370255e-04 },
  {-1.106680991865e-02,+6.901964746223e-02,-1.341771595737e-01,+1.035134737526e-01,-2.995256227959e-02,+1.708080306061e-03 },
  {+2.151435388364e-02,-1.341771595737e-01,+2.608461621180e-01,-2.012346396485e-01,+5.822906775681e-02,-3.320581489733e-03 },
  {-1.659764980206e-02,+1.035134737526e-01,-2.012346396485e-01,+1.552462181757e-01,-4.492190098549e-02,+2.561724558583e-03 },
  {+4.802680475966e-03,-2.995256227959e-02,+5.822906775681e-02,-4.492190098549e-02,+1.299855939722e-02,-7.412582304746e-04 },
  {-2.738785370255e-04,+1.708080306061e-03,-3.320581489733e-03,+2.561724558583e-03,-7.412582304746e-04,+4.227112770388e-05 }   }
}
    main loop time = 0.120000
        total time = 0.120000
  file   read time = 0.000000
