SDPA-GMP start at Wed Jun  5 23:35:13 2024
*SDP Scan Problem: V = x^2 - 2*x^4 + x^8
* K = 6; eval = 8.190954773869347; Domain = R+ with BCs: Neumann
data      is /Users/gorg/qmBoot/data/K=6_BC-Neumann_V_0.0_0.0_1.0_0.0_-2.0_0.0_0.0_0.0_1.0/e=8.190954773869347_K=6_D=R+.dat
parameter is ./param.sdpa
out       is /Users/gorg/qmBoot/data/K=6_BC-Neumann_V_0.0_0.0_1.0_0.0_-2.0_0.0_0.0_0.0_1.0/e=8.190954773869347_K=6_D=R+.out
DENSE computation
   mu      thetaP  thetaD  objP      objD      alphaP  alphaD  beta 
 0 1.0e+20 1.0e+00 1.0e+00 +0.00e+00 -2.85e+10 1.0e+00 9.0e-01 3.00e-01
 1 1.6e+19 8.6e-88 1.0e-01 +1.60e+10 -2.85e+09 9.0e-01 9.0e-01 3.00e-01
 2 2.5e+18 1.7e-87 1.0e-02 +2.46e+10 -2.85e+08 9.0e-01 9.0e-01 3.00e-01
 3 3.8e+17 1.7e-87 1.0e-03 +3.79e+10 -2.85e+07 9.0e-01 9.0e-01 3.00e-01
 4 5.8e+16 4.3e-87 1.0e-04 +5.84e+10 -2.85e+06 9.0e-01 9.0e-01 3.00e-01
 5 9.0e+15 5.2e-87 1.0e-05 +9.00e+10 -2.85e+05 9.0e-01 9.0e-01 3.00e-01
 6 1.4e+15 6.9e-87 1.0e-06 +1.39e+11 -2.85e+04 9.0e-01 9.0e-01 3.00e-01
 7 2.1e+14 6.9e-87 1.0e-07 +2.13e+11 -2.85e+03 9.0e-01 9.0e-01 3.00e-01
 8 3.3e+13 7.8e-87 1.0e-08 +3.29e+11 -2.85e+02 9.0e-01 9.0e-01 3.00e-01
 9 5.1e+12 1.0e-86 1.0e-09 +5.05e+11 -2.87e+01 9.0e-01 9.0e-01 3.00e-01
10 8.5e+11 1.1e-86 1.0e-10 +7.66e+11 -3.06e+00 8.8e-01 8.8e-01 3.00e-01
11 2.2e+11 1.5e-86 1.2e-11 +1.03e+12 -4.90e-01 1.9e+00 9.2e-01 3.00e-01
12 5.0e+10 1.6e-86 1.0e-12 +4.70e+11 -2.49e-01 1.3e+00 1.0e+00 3.00e-01
13 1.0e+10 2.0e-86 5.9e-94 +1.24e+11 -4.18e-01 9.7e-01 9.7e-01 1.00e-01
14 1.4e+09 2.0e-86 5.8e-94 +1.63e+10 -4.20e-01 9.9e-01 9.9e-01 1.00e-01
15 1.5e+08 2.2e-86 2.6e-93 +1.81e+09 -4.23e-01 1.0e+00 1.0e+00 1.00e-01
16 1.5e+07 2.3e-86 6.7e-93 +1.83e+08 -4.25e-01 1.0e+00 1.0e+00 1.00e-01
17 1.5e+06 2.6e-86 2.3e-92 +1.83e+07 -4.26e-01 1.0e+00 1.0e+00 1.00e-01
18 1.5e+05 2.8e-86 8.1e-92 +1.83e+06 -4.28e-01 1.0e+00 1.0e+00 1.00e-01
19 1.5e+04 2.7e-86 3.1e-91 +1.83e+05 -4.30e-01 1.0e+00 1.0e+00 1.00e-01
20 1.5e+03 3.0e-86 1.1e-90 +1.83e+04 -4.31e-01 1.0e+00 1.0e+00 1.00e-01
21 1.5e+02 2.9e-86 2.7e-90 +1.83e+03 -4.32e-01 1.0e+00 1.0e+00 1.00e-01
22 1.5e+01 3.2e-86 1.1e-89 +1.84e+02 -4.33e-01 1.0e+00 7.2e+01 1.00e-01
23 1.6e+00 3.4e-86 1.3e-87 +1.86e+01 -1.90e-01 9.8e-01 9.8e-01 1.00e-01
24 1.8e-01 3.4e-86 1.4e-88 +1.94e+00 -1.97e-01 9.2e-01 1.5e+00 1.00e-01
25 2.6e-02 3.3e-86 2.6e-88 +2.42e-01 -7.10e-02 8.9e-01 1.1e+00 1.00e-01
26 4.6e-03 3.3e-86 7.2e-89 +3.01e-02 -2.45e-02 9.0e-01 9.0e-01 1.00e-01
27 8.7e-04 3.2e-86 7.2e-89 +3.33e-03 -7.07e-03 9.3e-01 9.3e-01 1.00e-01
28 1.4e-04 3.2e-86 3.1e-89 +3.49e-04 -1.34e-03 9.6e-01 9.8e-01 1.00e-01
29 1.8e-05 3.2e-86 1.1e-89 +1.55e-05 -1.96e-04 1.0e+00 9.5e-01 1.00e-01
30 2.4e-06 3.3e-86 7.2e-89 -1.97e-05 -4.82e-05 1.0e+00 9.7e-01 1.00e-01
31 2.9e-07 3.2e-86 4.1e-88 -2.35e-05 -2.69e-05 1.0e+00 9.8e-01 1.00e-01
32 3.2e-08 3.2e-86 4.1e-88 -2.39e-05 -2.42e-05 1.0e+00 9.9e-01 1.00e-01
33 3.3e-09 3.2e-86 2.1e-88 -2.39e-05 -2.39e-05 1.0e+00 9.9e-01 1.00e-01
34 3.4e-10 3.4e-86 9.0e-89 -2.39e-05 -2.39e-05 1.0e+00 9.9e-01 1.00e-01
35 3.4e-11 3.2e-86 4.6e-90 -2.39e-05 -2.39e-05 1.0e+00 9.9e-01 1.00e-01
36 3.4e-12 3.4e-86 3.7e-90 -2.39e-05 -2.39e-05 1.0e+00 9.9e-01 1.00e-01
37 3.4e-13 3.3e-86 3.4e-90 -2.39e-05 -2.39e-05 1.0e+00 9.9e-01 1.00e-01
38 3.4e-14 3.2e-86 2.7e-90 -2.39e-05 -2.39e-05 1.0e+00 9.9e-01 1.00e-01
39 3.4e-15 3.2e-86 2.3e-89 -2.39e-05 -2.39e-05 1.0e+00 9.9e-01 1.00e-01
40 3.4e-16 3.2e-86 7.2e-90 -2.39e-05 -2.39e-05 1.0e+00 9.9e-01 1.00e-01
41 3.4e-17 3.3e-86 1.9e-89 -2.39e-05 -2.39e-05 1.0e+00 9.9e-01 1.00e-01
42 3.4e-18 3.2e-86 7.6e-90 -2.39e-05 -2.39e-05 1.0e+00 9.9e-01 1.00e-01
43 3.4e-19 3.3e-86 4.4e-90 -2.39e-05 -2.39e-05 1.0e+00 9.9e-01 1.00e-01
44 3.4e-20 3.3e-86 7.2e-90 -2.39e-05 -2.39e-05 1.0e+00 9.9e-01 1.00e-01
45 3.4e-21 3.2e-86 7.5e-80 -2.39e-05 -2.39e-05 1.0e+00 9.9e-01 1.00e-01
46 3.4e-22 3.3e-86 2.4e-80 -2.39e-05 -2.39e-05 1.0e+00 9.9e-01 1.00e-01
47 3.4e-23 3.4e-86 2.9e-80 -2.39e-05 -2.39e-05 1.0e+00 9.9e-01 1.00e-01
48 3.4e-24 3.2e-86 1.2e-80 -2.39e-05 -2.39e-05 1.0e+00 9.9e-01 1.00e-01
49 3.4e-25 3.3e-86 3.9e-81 -2.39e-05 -2.39e-05 1.0e+00 9.9e-01 1.00e-01
50 3.4e-26 3.2e-86 1.4e-81 -2.39e-05 -2.39e-05 1.0e+00 9.9e-01 1.00e-01
51 3.4e-27 3.3e-86 3.7e-82 -2.39e-05 -2.39e-05 1.0e+00 9.9e-01 1.00e-01
52 3.4e-28 3.3e-86 1.0e-81 -2.39e-05 -2.39e-05 1.0e+00 9.9e-01 1.00e-01
53 3.4e-29 3.2e-86 3.8e-81 -2.39e-05 -2.39e-05 1.0e+00 9.9e-01 1.00e-01
54 3.4e-30 3.3e-86 1.3e-79 -2.39e-05 -2.39e-05 1.0e+00 9.9e-01 1.00e-01
55 3.4e-31 3.3e-86 7.3e-79 -2.39e-05 -2.39e-05 1.0e+00 9.9e-01 1.00e-01
56 3.4e-32 3.3e-86 8.4e-78 -2.39e-05 -2.39e-05 1.0e+00 9.9e-01 1.00e-01

phase.value = pdOPT     
   Iteration = 56
          mu = 3.3689818590323293e-32
relative gap = 4.0427782308387951e-31
         gap = 4.0427782308387951e-31
      digits = 2.5771776484752326e+01
objValPrimal = -2.3903219702350095e-05
objValDual   = -2.3903219702350095e-05
p.feas.error = 3.2817440509358890e-76
d.feas.error = 1.0093697490734531e-66
relative eps = 8.6361685550944446e-78
total time   = 0.100


Parameters are
maxIteration =    200
epsilonStar  = 1.000e-30
lambdaStar   = 1.000e+10
omegaStar    = 2.000e+00
lowerBound   = -1.000e+05
upperBound   = 1.000e+05
betaStar     = 1.000e-01
betaBar      = 3.000e-01
gammaStar    = 9.000e-01
epsilonDash  = 1.000e-30
precision    =    200

                         Time(sec)  Ratio(% : MainLoop) 
 Predictor time  =       0.040000,  40.000000
 Corrector time  =       0.020000,  20.000000
 Make bMat time  =       0.030000,  30.000000
 Make bDia time  =       0.000000,  0.000000
 Make bF1  time  =       0.030000,  30.000000
 Make bF2  time  =       0.000000,  0.000000
 Make bF3  time  =       0.000000,  0.000000
 Make bPRE time  =       0.020000,  20.000000
 Make rMat time  =       0.000000,  0.000000
 Make gVec Mul   =       0.000000,  0.000000
 Make gVec time  =       0.000000,  0.000000
 Cholesky bMat   =       0.000000,  0.000000
 Ste Pre time    =       0.000000,  0.000000
 Ste Cor time    =       0.040000,  40.000000
 solve           =       0.010000,  10.000000
 sumDz           =       0.000000,  0.000000
 makedX          =       0.020000,  20.000000
 symmetriseDx    =       0.000000,  0.000000
 makedXdZ        =       0.020000,  20.000000
 xMatTime        =       0.000000,  0.000000
 zMatTime        =       0.000000,  0.000000
 invzMatTime     =       0.000000,  0.000000
 xMatzMatTime    =       0.000000,  0.000000
 EigxMatTime     =       0.010000,  10.000000
 EigzMatTime     =       0.030000,  30.000000
 EigxMatzMatTime =       0.000000,  0.000000
 updateRes       =       0.000000,  0.000000
 EigTime         =       0.040000,  40.000000
 sub_total_bMat  =       0.070000,  70.000000
 Main Loop       =       0.100000,  100.000000
 File Check      =       0.000000,  0.000000
 File Change     =       0.000000,  0.000000
 File Read       =       0.000000,  0.000000
 Total           =       0.100000,  100.000000

xVec = 
{+2.390321970235e-05,+7.271184352783e-01,+7.225369964213e-01,+8.131142072632e-01,+9.732270022728e-01,+1.204313092856e+00,+1.520321122957e+00,+1.945572882713e+00}
xMat = 
{
{ {+9.999760967803e-01,+7.271184352783e-01,+7.225369964213e-01,+8.131142072632e-01,+9.732270022728e-01,+1.204313092856e+00 },
  {+7.271184352783e-01,+7.225130932016e-01,+8.131142072632e-01,+9.732270022728e-01,+1.204313092856e+00,+1.520321122957e+00 },
  {+7.225369964213e-01,+8.131142072632e-01,+9.732030990531e-01,+1.204313092856e+00,+1.520321122957e+00,+1.945572882713e+00 },
  {+8.131142072632e-01,+9.732270022728e-01,+1.204313092856e+00,+1.520297219737e+00,+1.945572882713e+00,+2.517048558933e+00 },
  {+9.732270022728e-01,+1.204313092856e+00,+1.520321122957e+00,+1.945572882713e+00,+2.517024655713e+00,+3.291425059742e+00 },
  {+1.204313092856e+00,+1.520321122957e+00,+1.945572882713e+00,+2.517048558933e+00,+3.291425059742e+00,+4.366419925477e+00 }   }
{ {+7.270945320586e-01,+7.225369964213e-01,+8.131142072632e-01,+9.732270022728e-01,+1.204313092856e+00,+1.520321122957e+00 },
  {+7.225369964213e-01,+8.130903040435e-01,+9.732270022728e-01,+1.204313092856e+00,+1.520321122957e+00,+1.945572882713e+00 },
  {+8.131142072632e-01,+9.732270022728e-01,+1.204289189636e+00,+1.520321122957e+00,+1.945572882713e+00,+2.517048558933e+00 },
  {+9.732270022728e-01,+1.204313092856e+00,+1.520321122957e+00,+1.945548979493e+00,+2.517048558933e+00,+3.291425059742e+00 },
  {+1.204313092856e+00,+1.520321122957e+00,+1.945572882713e+00,+2.517048558933e+00,+3.291401156522e+00,+4.366443828697e+00 },
  {+1.520321122957e+00,+1.945572882713e+00,+2.517048558933e+00,+3.291425059742e+00,+4.366443828697e+00,+6.041069413116e+00 }   }
}
yMat = 
{
{ {+6.506014637012e-05,-1.006746919850e-03,+3.331844999496e-03,-4.054476281599e-03,+1.971445875025e-03,-3.008584049121e-04 },
  {-1.006746919850e-03,+1.557849800800e-02,-5.155728779916e-02,+6.273935328832e-02,-3.050634179396e-02,+4.655511697332e-03 },
  {+3.331844999496e-03,-5.155728779916e-02,+1.706296668549e-01,-2.076368910634e-01,+1.009612250657e-01,-1.540749026693e-02 },
  {-4.054476281599e-03,+6.273935328832e-02,-2.076368910634e-01,+2.526704724046e-01,-1.228583239772e-01,+1.874916265784e-02 },
  {+1.971445875025e-03,-3.050634179396e-02,+1.009612250657e-01,-1.228583239772e-01,+5.973855047978e-02,-9.116580493938e-03 },
  {-3.008584049121e-04,+4.655511697332e-03,-1.540749026693e-02,+1.874916265784e-02,-9.116580493938e-03,+1.391263082799e-03 }   }
{ {+1.743825841648e-03,-1.092694059451e-02,+2.131433345077e-02,-1.649410393391e-02,+4.786913604198e-03,-2.737777822710e-04 },
  {-1.092694059451e-02,+6.846901101273e-02,-1.335571763337e-01,+1.033532647247e-01,-2.999515165730e-02,+1.715511659207e-03 },
  {+2.131433345077e-02,-1.335571763337e-01,+2.605195998365e-01,-2.016031778075e-01,+5.850921022221e-02,-3.346315213004e-03 },
  {-1.649410393391e-02,+1.033532647247e-01,-2.016031778075e-01,+1.560106852905e-01,-4.527737152679e-02,+2.589547125478e-03 },
  {+4.786913604198e-03,-2.999515165730e-02,+5.850921022221e-02,-4.527737152679e-02,+1.314038438174e-02,-7.515375441631e-04 },
  {-2.737777822710e-04,+1.715511659207e-03,-3.346315213004e-03,+2.589547125478e-03,-7.515375441631e-04,+4.298266046705e-05 }   }
}
    main loop time = 0.100000
        total time = 0.100000
  file   read time = 0.000000
