SDPA-GMP start at Wed Jun  5 23:35:13 2024
*SDP Scan Problem: V = x^2 - 2*x^4 + x^8
* K = 6; eval = 8.291457286432163; Domain = R+ with BCs: Neumann
data      is /Users/gorg/qmBoot/data/K=6_BC-Neumann_V_0.0_0.0_1.0_0.0_-2.0_0.0_0.0_0.0_1.0/e=8.291457286432163_K=6_D=R+.dat
parameter is ./param.sdpa
out       is /Users/gorg/qmBoot/data/K=6_BC-Neumann_V_0.0_0.0_1.0_0.0_-2.0_0.0_0.0_0.0_1.0/e=8.291457286432163_K=6_D=R+.out
DENSE computation
   mu      thetaP  thetaD  objP      objD      alphaP  alphaD  beta 
 0 1.0e+20 1.0e+00 1.0e+00 +0.00e+00 -2.87e+10 1.0e+00 9.0e-01 3.00e-01
 1 1.6e+19 8.6e-88 1.0e-01 +1.60e+10 -2.87e+09 9.0e-01 9.0e-01 3.00e-01
 2 2.5e+18 1.7e-87 1.0e-02 +2.46e+10 -2.87e+08 9.0e-01 9.0e-01 3.00e-01
 3 3.8e+17 3.5e-87 1.0e-03 +3.79e+10 -2.87e+07 9.0e-01 9.0e-01 3.00e-01
 4 5.8e+16 6.0e-87 1.0e-04 +5.84e+10 -2.87e+06 9.0e-01 9.0e-01 3.00e-01
 5 9.0e+15 5.2e-87 1.0e-05 +9.00e+10 -2.87e+05 9.0e-01 9.0e-01 3.00e-01
 6 1.4e+15 6.0e-87 1.0e-06 +1.39e+11 -2.87e+04 9.0e-01 9.0e-01 3.00e-01
 7 2.1e+14 7.8e-87 1.0e-07 +2.13e+11 -2.87e+03 9.0e-01 9.0e-01 3.00e-01
 8 3.3e+13 8.6e-87 1.0e-08 +3.29e+11 -2.87e+02 9.0e-01 9.0e-01 3.00e-01
 9 5.1e+12 1.0e-86 1.0e-09 +5.05e+11 -2.89e+01 9.0e-01 9.0e-01 3.00e-01
10 8.5e+11 1.2e-86 1.0e-10 +7.66e+11 -3.08e+00 8.8e-01 8.8e-01 3.00e-01
11 2.2e+11 1.3e-86 1.2e-11 +1.03e+12 -4.93e-01 1.9e+00 9.2e-01 3.00e-01
12 5.0e+10 1.4e-86 1.0e-12 +4.70e+11 -2.51e-01 1.3e+00 1.0e+00 3.00e-01
13 1.0e+10 1.5e-86 6.6e-94 +1.24e+11 -4.21e-01 9.7e-01 9.7e-01 1.00e-01
14 1.4e+09 1.9e-86 9.2e-94 +1.63e+10 -4.24e-01 9.9e-01 9.9e-01 1.00e-01
15 1.5e+08 2.1e-86 2.3e-93 +1.81e+09 -4.26e-01 1.0e+00 1.0e+00 1.00e-01
16 1.5e+07 2.2e-86 6.2e-93 +1.83e+08 -4.28e-01 1.0e+00 1.0e+00 1.00e-01
17 1.5e+06 2.0e-86 2.4e-92 +1.84e+07 -4.30e-01 1.0e+00 1.0e+00 1.00e-01
18 1.5e+05 2.3e-86 6.8e-92 +1.84e+06 -4.31e-01 1.0e+00 1.0e+00 1.00e-01
19 1.5e+04 2.6e-86 2.1e-91 +1.84e+05 -4.33e-01 1.0e+00 1.0e+00 1.00e-01
20 1.5e+03 2.5e-86 9.2e-91 +1.84e+04 -4.34e-01 1.0e+00 1.0e+00 1.00e-01
21 1.5e+02 2.7e-86 2.5e-90 +1.84e+03 -4.35e-01 1.0e+00 1.0e+00 1.00e-01
22 1.5e+01 2.8e-86 8.2e-90 +1.84e+02 -4.36e-01 1.0e+00 7.2e+01 1.00e-01
23 1.6e+00 3.1e-86 1.9e-87 +1.86e+01 -1.91e-01 9.8e-01 9.8e-01 1.00e-01
24 1.8e-01 3.3e-86 1.4e-88 +1.95e+00 -1.97e-01 9.2e-01 1.5e+00 1.00e-01
25 2.6e-02 3.5e-86 2.2e-88 +2.42e-01 -7.15e-02 8.9e-01 1.1e+00 1.00e-01
26 4.6e-03 3.2e-86 7.2e-89 +3.01e-02 -2.47e-02 9.0e-01 9.0e-01 1.00e-01
27 8.7e-04 3.1e-86 8.9e-89 +3.33e-03 -7.11e-03 9.3e-01 9.3e-01 1.00e-01
28 1.4e-04 3.2e-86 1.4e-89 +3.48e-04 -1.35e-03 9.6e-01 9.8e-01 1.00e-01
29 1.8e-05 3.1e-86 1.1e-89 +1.54e-05 -1.97e-04 1.0e+00 9.5e-01 1.00e-01
30 2.4e-06 3.2e-86 2.6e-89 -1.98e-05 -4.83e-05 1.0e+00 9.7e-01 1.00e-01
31 2.9e-07 3.3e-86 3.2e-88 -2.35e-05 -2.70e-05 1.0e+00 9.8e-01 1.00e-01
32 3.3e-08 3.2e-86 2.2e-88 -2.39e-05 -2.43e-05 1.0e+00 9.9e-01 1.00e-01
33 3.4e-09 3.2e-86 2.0e-88 -2.40e-05 -2.40e-05 1.1e+00 9.9e-01 1.00e-01
34 3.4e-10 3.1e-86 2.8e-89 -2.40e-05 -2.40e-05 1.0e+00 9.9e-01 1.00e-01
35 3.4e-11 3.2e-86 3.9e-90 -2.40e-05 -2.40e-05 1.0e+00 9.9e-01 1.00e-01
36 3.4e-12 3.2e-86 4.0e-90 -2.40e-05 -2.40e-05 1.0e+00 9.9e-01 1.00e-01
37 3.4e-13 3.1e-86 3.6e-90 -2.40e-05 -2.40e-05 1.0e+00 9.9e-01 1.00e-01
38 3.4e-14 3.3e-86 3.8e-90 -2.40e-05 -2.40e-05 1.0e+00 9.9e-01 1.00e-01
39 3.4e-15 3.2e-86 1.4e-89 -2.40e-05 -2.40e-05 1.0e+00 9.9e-01 1.00e-01
40 3.4e-16 3.1e-86 2.1e-89 -2.40e-05 -2.40e-05 1.0e+00 9.9e-01 1.00e-01
41 3.4e-17 3.1e-86 5.7e-90 -2.40e-05 -2.40e-05 1.0e+00 9.9e-01 1.00e-01
42 3.4e-18 3.2e-86 5.3e-90 -2.40e-05 -2.40e-05 1.0e+00 9.9e-01 1.00e-01
43 3.4e-19 3.1e-86 5.4e-90 -2.40e-05 -2.40e-05 1.0e+00 9.9e-01 1.00e-01
44 3.4e-20 3.2e-86 8.1e-90 -2.40e-05 -2.40e-05 1.0e+00 9.9e-01 1.00e-01
45 3.4e-21 3.1e-86 5.3e-80 -2.40e-05 -2.40e-05 1.0e+00 9.9e-01 1.00e-01
46 3.4e-22 3.3e-86 3.4e-80 -2.40e-05 -2.40e-05 1.0e+00 9.9e-01 1.00e-01
47 3.4e-23 3.3e-86 2.3e-80 -2.40e-05 -2.40e-05 1.0e+00 9.9e-01 1.00e-01
48 3.4e-24 3.2e-86 1.3e-80 -2.40e-05 -2.40e-05 1.0e+00 9.9e-01 1.00e-01
49 3.4e-25 3.2e-86 6.0e-81 -2.40e-05 -2.40e-05 1.0e+00 9.9e-01 1.00e-01
50 3.4e-26 3.2e-86 1.3e-81 -2.40e-05 -2.40e-05 1.0e+00 9.9e-01 1.00e-01
51 3.4e-27 3.3e-86 5.6e-82 -2.40e-05 -2.40e-05 1.0e+00 9.9e-01 1.00e-01
52 3.4e-28 3.1e-86 8.2e-82 -2.40e-05 -2.40e-05 1.0e+00 9.9e-01 1.00e-01
53 3.4e-29 3.2e-86 6.1e-81 -2.40e-05 -2.40e-05 1.0e+00 9.9e-01 1.00e-01
54 3.4e-30 3.2e-86 1.0e-79 -2.40e-05 -2.40e-05 1.0e+00 9.9e-01 1.00e-01
55 3.4e-31 3.2e-86 6.7e-79 -2.40e-05 -2.40e-05 1.0e+00 9.9e-01 1.00e-01
56 3.4e-32 3.2e-86 3.2e-78 -2.40e-05 -2.40e-05 1.0e+00 9.9e-01 1.00e-01

phase.value = pdOPT     
   Iteration = 56
          mu = 3.3894559758125447e-32
relative gap = 4.0673471709750537e-31
         gap = 4.0673471709750537e-31
      digits = 2.5770138828612918e+01
objValPrimal = -2.3957973051761517e-05
objValDual   = -2.3957973051761517e-05
p.feas.error = 3.1953823653849445e-76
d.feas.error = 3.7866029551745572e-67
relative eps = 8.6361685550944446e-78
total time   = 0.110


Parameters are
maxIteration =    200
epsilonStar  = 1.000e-30
lambdaStar   = 1.000e+10
omegaStar    = 2.000e+00
lowerBound   = -1.000e+05
upperBound   = 1.000e+05
betaStar     = 1.000e-01
betaBar      = 3.000e-01
gammaStar    = 9.000e-01
epsilonDash  = 1.000e-30
precision    =    200

                         Time(sec)  Ratio(% : MainLoop) 
 Predictor time  =       0.060000,  54.545455
 Corrector time  =       0.010000,  9.090909
 Make bMat time  =       0.040000,  36.363636
 Make bDia time  =       0.000000,  0.000000
 Make bF1  time  =       0.030000,  27.272727
 Make bF2  time  =       0.000000,  0.000000
 Make bF3  time  =       0.010000,  9.090909
 Make bPRE time  =       0.030000,  27.272727
 Make rMat time  =       0.010000,  9.090909
 Make gVec Mul   =       0.000000,  0.000000
 Make gVec time  =       0.000000,  0.000000
 Cholesky bMat   =       0.000000,  0.000000
 Ste Pre time    =       0.000000,  0.000000
 Ste Cor time    =       0.020000,  18.181818
 solve           =       0.000000,  0.000000
 sumDz           =       0.000000,  0.000000
 makedX          =       0.020000,  18.181818
 symmetriseDx    =       0.000000,  0.000000
 makedXdZ        =       0.020000,  18.181818
 xMatTime        =       0.010000,  9.090909
 zMatTime        =       0.010000,  9.090909
 invzMatTime     =       0.000000,  0.000000
 xMatzMatTime    =       0.000000,  0.000000
 EigxMatTime     =       0.010000,  9.090909
 EigzMatTime     =       0.010000,  9.090909
 EigxMatzMatTime =       0.000000,  0.000000
 updateRes       =       0.000000,  0.000000
 EigTime         =       0.020000,  18.181818
 sub_total_bMat  =       0.070000,  63.636364
 Main Loop       =       0.110000,  100.000000
 File Check      =       0.000000,  0.000000
 File Change     =       0.000000,  0.000000
 File Read       =       0.000000,  0.000000
 Total           =       0.110000,  100.000000

xVec = 
{+2.395797305176e-05,+7.284239392910e-01,+7.247443796655e-01,+8.166266113223e-01,+9.786609891466e-01,+1.212521501896e+00,+1.532488189766e+00,+1.963356292554e+00}
xMat = 
{
{ {+9.999760420269e-01,+7.284239392910e-01,+7.247443796655e-01,+8.166266113223e-01,+9.786609891466e-01,+1.212521501896e+00 },
  {+7.284239392910e-01,+7.247204216924e-01,+8.166266113223e-01,+9.786609891466e-01,+1.212521501896e+00,+1.532488189766e+00 },
  {+7.247443796655e-01,+8.166266113223e-01,+9.786370311735e-01,+1.212521501896e+00,+1.532488189766e+00,+1.963356292554e+00 },
  {+8.166266113223e-01,+9.786609891466e-01,+1.212521501896e+00,+1.532464231793e+00,+1.963356292554e+00,+2.542786892396e+00 },
  {+9.786609891466e-01,+1.212521501896e+00,+1.532488189766e+00,+1.963356292554e+00,+2.542762934423e+00,+3.328457779799e+00 },
  {+1.212521501896e+00,+1.532488189766e+00,+1.963356292554e+00,+2.542786892396e+00,+3.328457779799e+00,+4.419661633999e+00 }   }
{ {+7.283999813179e-01,+7.247443796655e-01,+8.166266113223e-01,+9.786609891466e-01,+1.212521501896e+00,+1.532488189766e+00 },
  {+7.247443796655e-01,+8.166026533493e-01,+9.786609891466e-01,+1.212521501896e+00,+1.532488189766e+00,+1.963356292554e+00 },
  {+8.166266113223e-01,+9.786609891466e-01,+1.212497543923e+00,+1.532488189766e+00,+1.963356292554e+00,+2.542786892396e+00 },
  {+9.786609891466e-01,+1.212521501896e+00,+1.532488189766e+00,+1.963332334581e+00,+2.542786892396e+00,+3.328457779799e+00 },
  {+1.212521501896e+00,+1.532488189766e+00,+1.963356292554e+00,+2.542786892396e+00,+3.328433821826e+00,+4.419685591972e+00 },
  {+1.532488189766e+00,+1.963356292554e+00,+2.542786892396e+00,+3.328457779799e+00,+4.419685591972e+00,+6.119014830013e+00 }   }
}
yMat = 
{
{ {+6.561192384476e-05,-1.013072389036e-03,+3.348492308415e-03,-4.070344241318e-03,+1.977165544591e-03,-3.014284816266e-04 },
  {-1.013072389036e-03,+1.564221265415e-02,-5.170196061590e-02,+6.284762163824e-02,-3.052816781471e-02,+4.654167323726e-03 },
  {+3.348492308415e-03,-5.170196061590e-02,+1.708896810592e-01,-2.077292599574e-01,+1.009042751770e-01,-1.538334639679e-02 },
  {-4.070344241318e-03,+6.284762163824e-02,-2.077292599574e-01,+2.525105388166e-01,-1.226567354982e-01,+1.869961452831e-02 },
  {+1.977165544591e-03,-3.052816781471e-02,+1.009042751770e-01,-1.226567354982e-01,+5.958038358950e-02,-9.083318596790e-03 },
  {-3.014284816266e-04,+4.654167323726e-03,-1.538334639679e-02,+1.869961452831e-02,-9.083318596790e-03,+1.384795997610e-03 }   }
{ {+1.754113029970e-03,-1.097393133327e-02,+2.138163826274e-02,-1.652902916494e-02,+4.792259994149e-03,-2.738147653276e-04 },
  {-1.097393133327e-02,+6.865416700619e-02,-1.337659695123e-01,+1.034074931105e-01,-2.998092552101e-02,+1.713016425625e-03 },
  {+2.138163826274e-02,-1.337659695123e-01,+2.606299862026e-01,-2.014794465356e-01,+5.841491848314e-02,-3.337645957361e-03 },
  {-1.652902916494e-02,+1.034074931105e-01,-2.014794465356e-01,+1.557532499147e-01,-4.515752625738e-02,+2.580159980894e-03 },
  {+4.792259994149e-03,-2.998092552101e-02,+5.841491848314e-02,-4.515752625738e-02,+1.309251767653e-02,-7.480655597829e-04 },
  {-2.738147653276e-04,+1.713016425625e-03,-3.337645957361e-03,+2.580159980894e-03,-7.480655597829e-04,+4.274212917324e-05 }   }
}
    main loop time = 0.110000
        total time = 0.110000
  file   read time = 0.000000
