SDPA-GMP start at Wed Jun  5 23:35:13 2024
*SDP Scan Problem: V = x^2 - 2*x^4 + x^8
* K = 6; eval = 9.899497487437188; Domain = R+ with BCs: Neumann
data      is /Users/gorg/qmBoot/data/K=6_BC-Neumann_V_0.0_0.0_1.0_0.0_-2.0_0.0_0.0_0.0_1.0/e=9.899497487437188_K=6_D=R+.dat
parameter is ./param.sdpa
out       is /Users/gorg/qmBoot/data/K=6_BC-Neumann_V_0.0_0.0_1.0_0.0_-2.0_0.0_0.0_0.0_1.0/e=9.899497487437188_K=6_D=R+.out
DENSE computation
   mu      thetaP  thetaD  objP      objD      alphaP  alphaD  beta 
 0 1.0e+20 1.0e+00 1.0e+00 +0.00e+00 -3.19e+10 1.0e+00 9.0e-01 3.00e-01
 1 1.6e+19 8.6e-88 1.0e-01 +1.60e+10 -3.19e+09 9.0e-01 9.0e-01 3.00e-01
 2 2.5e+18 2.6e-87 1.0e-02 +2.46e+10 -3.19e+08 9.0e-01 9.0e-01 3.00e-01
 3 3.8e+17 1.7e-87 1.0e-03 +3.79e+10 -3.19e+07 9.0e-01 9.0e-01 3.00e-01
 4 5.8e+16 5.2e-87 1.0e-04 +5.84e+10 -3.19e+06 9.0e-01 9.0e-01 3.00e-01
 5 9.0e+15 9.5e-87 1.0e-05 +9.00e+10 -3.19e+05 9.0e-01 9.0e-01 3.00e-01
 6 1.4e+15 9.5e-87 1.0e-06 +1.39e+11 -3.19e+04 9.0e-01 9.0e-01 3.00e-01
 7 2.1e+14 1.3e-86 1.0e-07 +2.13e+11 -3.19e+03 9.0e-01 9.0e-01 3.00e-01
 8 3.3e+13 1.5e-86 1.0e-08 +3.29e+11 -3.20e+02 9.0e-01 9.0e-01 3.00e-01
 9 5.1e+12 1.8e-86 1.0e-09 +5.05e+11 -3.22e+01 9.0e-01 9.0e-01 3.00e-01
10 8.6e+11 1.8e-86 1.0e-10 +7.66e+11 -3.42e+00 8.8e-01 8.8e-01 3.00e-01
11 2.2e+11 2.0e-86 1.2e-11 +1.03e+12 -5.41e-01 2.0e+00 9.1e-01 3.00e-01
12 5.1e+10 1.8e-86 1.2e-12 +4.63e+11 -2.75e-01 1.3e+00 1.0e+00 3.00e-01
13 1.1e+10 2.3e-86 7.8e-94 +1.26e+11 -4.73e-01 9.6e-01 9.6e-01 1.00e-01
14 1.4e+09 2.6e-86 2.0e-93 +1.66e+10 -4.75e-01 9.9e-01 9.9e-01 1.00e-01
15 1.5e+08 2.3e-86 3.6e-93 +1.85e+09 -4.77e-01 1.0e+00 1.0e+00 1.00e-01
16 1.6e+07 2.6e-86 8.6e-93 +1.87e+08 -4.79e-01 1.0e+00 1.0e+00 1.00e-01
17 1.6e+06 2.8e-86 2.4e-92 +1.87e+07 -4.81e-01 1.0e+00 1.0e+00 1.00e-01
18 1.6e+05 2.8e-86 7.8e-92 +1.87e+06 -4.82e-01 1.0e+00 1.0e+00 1.00e-01
19 1.6e+04 3.1e-86 2.7e-91 +1.87e+05 -4.84e-01 1.0e+00 1.0e+00 1.00e-01
20 1.6e+03 3.4e-86 1.3e-90 +1.87e+04 -4.85e-01 1.0e+00 1.0e+00 1.00e-01
21 1.6e+02 3.7e-86 2.4e-90 +1.87e+03 -4.86e-01 1.0e+00 1.0e+00 1.00e-01
22 1.6e+01 3.9e-86 9.0e-90 +1.87e+02 -4.86e-01 1.0e+00 6.2e+01 1.00e-01
23 1.6e+00 3.8e-86 1.5e-87 +1.90e+01 -2.00e-01 9.8e-01 9.8e-01 1.00e-01
24 1.8e-01 4.1e-86 1.1e-88 +1.99e+00 -2.07e-01 9.3e-01 1.4e+00 1.00e-01
25 2.7e-02 4.1e-86 2.0e-88 +2.44e-01 -7.86e-02 8.9e-01 1.0e+00 1.00e-01
26 4.7e-03 4.0e-86 6.9e-89 +3.01e-02 -2.65e-02 9.0e-01 8.9e-01 1.00e-01
27 9.0e-04 3.9e-86 7.2e-89 +3.24e-03 -7.61e-03 9.5e-01 9.2e-01 1.00e-01
28 1.5e-04 4.0e-86 3.1e-89 +3.32e-04 -1.48e-03 9.9e-01 9.8e-01 1.00e-01
29 1.8e-05 4.0e-86 1.2e-89 +1.28e-05 -2.05e-04 1.0e+00 9.6e-01 1.00e-01
30 2.4e-06 4.0e-86 3.3e-89 -2.07e-05 -4.94e-05 1.0e+00 9.6e-01 1.00e-01
31 3.1e-07 4.0e-86 3.5e-88 -2.44e-05 -2.81e-05 1.0e+00 9.8e-01 1.00e-01
32 3.5e-08 4.0e-86 2.4e-88 -2.48e-05 -2.52e-05 1.1e+00 9.9e-01 1.00e-01
33 3.7e-09 3.8e-86 2.3e-88 -2.48e-05 -2.49e-05 1.1e+00 9.9e-01 1.00e-01
34 3.7e-10 4.0e-86 3.8e-88 -2.48e-05 -2.48e-05 1.1e+00 9.9e-01 1.00e-01
35 3.7e-11 4.0e-86 5.0e-88 -2.48e-05 -2.48e-05 1.1e+00 9.9e-01 1.00e-01
36 3.7e-12 3.9e-86 3.8e-88 -2.48e-05 -2.48e-05 1.1e+00 9.9e-01 1.00e-01
37 3.7e-13 4.1e-86 6.8e-88 -2.48e-05 -2.48e-05 1.1e+00 9.9e-01 1.00e-01
38 3.7e-14 3.9e-86 5.4e-88 -2.48e-05 -2.48e-05 1.1e+00 9.9e-01 1.00e-01
39 3.7e-15 4.1e-86 5.8e-88 -2.48e-05 -2.48e-05 1.1e+00 9.9e-01 1.00e-01
40 3.7e-16 4.0e-86 5.8e-88 -2.48e-05 -2.48e-05 1.1e+00 9.9e-01 1.00e-01
41 3.7e-17 3.9e-86 6.9e-88 -2.48e-05 -2.48e-05 1.1e+00 9.9e-01 1.00e-01
42 3.8e-18 3.8e-86 7.5e-88 -2.48e-05 -2.48e-05 1.1e+00 9.9e-01 1.00e-01
43 3.8e-19 3.9e-86 6.5e-88 -2.48e-05 -2.48e-05 1.1e+00 9.9e-01 1.00e-01
44 3.8e-20 3.9e-86 8.2e-88 -2.48e-05 -2.48e-05 1.1e+00 9.9e-01 1.00e-01
45 3.8e-21 3.8e-86 1.0e-79 -2.48e-05 -2.48e-05 1.1e+00 9.9e-01 1.00e-01
46 3.8e-22 4.0e-86 3.7e-80 -2.48e-05 -2.48e-05 1.1e+00 9.9e-01 1.00e-01
47 3.8e-23 3.9e-86 3.2e-80 -2.48e-05 -2.48e-05 1.1e+00 9.9e-01 1.00e-01
48 3.8e-24 3.9e-86 2.3e-80 -2.48e-05 -2.48e-05 1.1e+00 9.9e-01 1.00e-01
49 3.8e-25 4.0e-86 7.4e-81 -2.48e-05 -2.48e-05 1.1e+00 9.9e-01 1.00e-01
50 3.8e-26 4.0e-86 3.3e-81 -2.48e-05 -2.48e-05 1.1e+00 9.9e-01 1.00e-01
51 3.8e-27 4.0e-86 1.6e-81 -2.48e-05 -2.48e-05 1.1e+00 9.9e-01 1.00e-01
52 3.8e-28 3.9e-86 1.2e-81 -2.48e-05 -2.48e-05 1.1e+00 9.9e-01 1.00e-01
53 3.8e-29 4.0e-86 3.4e-81 -2.48e-05 -2.48e-05 1.1e+00 9.9e-01 1.00e-01
54 3.8e-30 3.9e-86 4.2e-80 -2.48e-05 -2.48e-05 1.1e+00 9.9e-01 1.00e-01
55 3.8e-31 4.0e-86 7.7e-79 -2.48e-05 -2.48e-05 1.1e+00 9.9e-01 1.00e-01
56 3.8e-32 4.0e-86 6.0e-78 -2.48e-05 -2.48e-05 1.1e+00 9.9e-01 1.00e-01

phase.value = pdOPT     
   Iteration = 56
          mu = 3.7514730602386095e-32
relative gap = 4.5017676722863314e-31
         gap = 4.5017676722863314e-31
      digits = 2.5741378987640591e+01
objValPrimal = -2.4817730591045173e-05
objValDual   = -2.4817730591045173e-05
p.feas.error = 3.9726375353434445e-76
d.feas.error = 7.1943012581515824e-67
relative eps = 8.6361685550944446e-78
total time   = 0.100


Parameters are
maxIteration =    200
epsilonStar  = 1.000e-30
lambdaStar   = 1.000e+10
omegaStar    = 2.000e+00
lowerBound   = -1.000e+05
upperBound   = 1.000e+05
betaStar     = 1.000e-01
betaBar      = 3.000e-01
gammaStar    = 9.000e-01
epsilonDash  = 1.000e-30
precision    =    200

                         Time(sec)  Ratio(% : MainLoop) 
 Predictor time  =       0.030000,  30.000000
 Corrector time  =       0.020000,  20.000000
 Make bMat time  =       0.010000,  10.000000
 Make bDia time  =       0.000000,  0.000000
 Make bF1  time  =       0.000000,  0.000000
 Make bF2  time  =       0.010000,  10.000000
 Make bF3  time  =       0.000000,  0.000000
 Make bPRE time  =       0.000000,  0.000000
 Make rMat time  =       0.010000,  10.000000
 Make gVec Mul   =       0.000000,  0.000000
 Make gVec time  =       0.010000,  10.000000
 Cholesky bMat   =       0.000000,  0.000000
 Ste Pre time    =       0.000000,  0.000000
 Ste Cor time    =       0.050000,  50.000000
 solve           =       0.000000,  0.000000
 sumDz           =       0.000000,  0.000000
 makedX          =       0.010000,  10.000000
 symmetriseDx    =       0.010000,  10.000000
 makedXdZ        =       0.020000,  20.000000
 xMatTime        =       0.000000,  0.000000
 zMatTime        =       0.000000,  0.000000
 invzMatTime     =       0.000000,  0.000000
 xMatzMatTime    =       0.000000,  0.000000
 EigxMatTime     =       0.030000,  30.000000
 EigzMatTime     =       0.020000,  20.000000
 EigxMatzMatTime =       0.000000,  0.000000
 updateRes       =       0.000000,  0.000000
 EigTime         =       0.050000,  50.000000
 sub_total_bMat  =       0.090000,  90.000000
 Main Loop       =       0.100000,  100.000000
 File Check      =       0.000000,  0.000000
 File Change     =       0.000000,  0.000000
 File Read       =       0.000000,  0.000000
 Total           =       0.100000,  100.000000

xVec = 
{+2.481773059105e-05,+7.471853148789e-01,+7.571637499574e-01,+8.690497107814e-01,+1.060869285802e+00,+1.338229600750e+00,+1.720962780648e+00,+2.241843109828e+00}
xMat = 
{
{ {+9.999751822694e-01,+7.471853148789e-01,+7.571637499574e-01,+8.690497107814e-01,+1.060869285802e+00,+1.338229600750e+00 },
  {+7.471853148789e-01,+7.571389322268e-01,+8.690497107814e-01,+1.060869285802e+00,+1.338229600750e+00,+1.720962780648e+00 },
  {+7.571637499574e-01,+8.690497107814e-01,+1.060844468072e+00,+1.338229600750e+00,+1.720962780648e+00,+2.241843109828e+00 },
  {+8.690497107814e-01,+1.060869285802e+00,+1.338229600750e+00,+1.720937962918e+00,+2.241843109828e+00,+2.950077140467e+00 },
  {+1.060869285802e+00,+1.338229600750e+00,+1.720962780648e+00,+2.241843109828e+00,+2.950052322737e+00,+3.920395869775e+00 },
  {+1.338229600750e+00,+1.720962780648e+00,+2.241843109828e+00,+2.950077140467e+00,+3.920395869775e+00,+5.278942694286e+00 }   }
{ {+7.471604971483e-01,+7.571637499574e-01,+8.690497107814e-01,+1.060869285802e+00,+1.338229600750e+00,+1.720962780648e+00 },
  {+7.571637499574e-01,+8.690248930508e-01,+1.060869285802e+00,+1.338229600750e+00,+1.720962780648e+00,+2.241843109828e+00 },
  {+8.690497107814e-01,+1.060869285802e+00,+1.338204783019e+00,+1.720962780648e+00,+2.241843109828e+00,+2.950077140467e+00 },
  {+1.060869285802e+00,+1.338229600750e+00,+1.720962780648e+00,+2.241818292097e+00,+2.950077140467e+00,+3.920395869775e+00 },
  {+1.338229600750e+00,+1.720962780648e+00,+2.241843109828e+00,+2.950077140467e+00,+3.920371052044e+00,+5.278967512017e+00 },
  {+1.720962780648e+00,+2.241843109828e+00,+2.950077140467e+00,+3.920395869775e+00,+5.278967512017e+00,+7.388313046871e+00 }   }
}
yMat = 
{
{ {+7.410270746766e-05,-1.109147244028e-03,+3.598332925408e-03,-4.305027770354e-03,+2.060042421696e-03,-3.093954734609e-04 },
  {-1.109147244028e-03,+1.660138544156e-02,-5.385877498541e-02,+6.443637284149e-02,-3.083410111029e-02,+4.630939252166e-03 },
  {+3.598332925408e-03,-5.385877498541e-02,+1.747304556683e-01,-2.090466556518e-01,+1.000330315456e-01,-1.502384942699e-02 },
  {-4.305027770354e-03,+6.443637284149e-02,-2.090466556518e-01,+2.501023881159e-01,-1.196790257276e-01,+1.797445937926e-02 },
  {+2.060042421696e-03,-3.083410111029e-02,+1.000330315456e-01,-1.196790257276e-01,+5.726882220922e-02,-8.601140527669e-03 },
  {-3.093954734609e-04,+4.630939252166e-03,-1.502384942699e-02,+1.797445937926e-02,-8.601140527669e-03,+1.291795701795e-03 }   }
{ {+1.910316400162e-03,-1.168044780490e-02,+2.238086390106e-02,-1.703762580551e-02,+4.866772490449e-03,-2.740034139295e-04 },
  {-1.168044780490e-02,+7.141898635825e-02,-1.368456621128e-01,+1.041749413468e-01,-2.975741717352e-02,+1.675367794831e-03 },
  {+2.238086390106e-02,-1.368456621128e-01,+2.622094794953e-01,-1.996092292973e-01,+5.701807969451e-02,-3.210166187686e-03 },
  {-1.703762580551e-02,+1.041749413468e-01,-1.996092292973e-01,+1.519542485548e-01,-4.340550526907e-02,+2.443766716114e-03 },
  {+4.866772490449e-03,-2.975741717352e-02,+5.701807969451e-02,-4.340550526907e-02,+1.239871807193e-02,-6.980583305929e-04 },
  {-2.740034139295e-04,+1.675367794831e-03,-3.210166187686e-03,+2.443766716114e-03,-6.980583305929e-04,+3.930127534824e-05 }   }
}
    main loop time = 0.100000
        total time = 0.100000
  file   read time = 0.000000
