SDPA-GMP start at Wed Jun  5 23:35:13 2024
*SDP Scan Problem: V = x^2 - 2*x^4 + x^8
* K = 6; eval = 9.798994974874372; Domain = R+ with BCs: Neumann
data      is /Users/gorg/qmBoot/data/K=6_BC-Neumann_V_0.0_0.0_1.0_0.0_-2.0_0.0_0.0_0.0_1.0/e=9.798994974874372_K=6_D=R+.dat
parameter is ./param.sdpa
out       is /Users/gorg/qmBoot/data/K=6_BC-Neumann_V_0.0_0.0_1.0_0.0_-2.0_0.0_0.0_0.0_1.0/e=9.798994974874372_K=6_D=R+.out
DENSE computation
   mu      thetaP  thetaD  objP      objD      alphaP  alphaD  beta 
 0 1.0e+20 1.0e+00 1.0e+00 +0.00e+00 -3.17e+10 1.0e+00 9.0e-01 3.00e-01
 1 1.6e+19 8.6e-88 1.0e-01 +1.60e+10 -3.17e+09 9.0e-01 9.0e-01 3.00e-01
 2 2.5e+18 1.7e-87 1.0e-02 +2.46e+10 -3.17e+08 9.0e-01 9.0e-01 3.00e-01
 3 3.8e+17 3.5e-87 1.0e-03 +3.79e+10 -3.17e+07 9.0e-01 9.0e-01 3.00e-01
 4 5.8e+16 5.2e-87 1.0e-04 +5.84e+10 -3.17e+06 9.0e-01 9.0e-01 3.00e-01
 5 9.0e+15 6.9e-87 1.0e-05 +9.00e+10 -3.17e+05 9.0e-01 9.0e-01 3.00e-01
 6 1.4e+15 7.8e-87 1.0e-06 +1.39e+11 -3.17e+04 9.0e-01 9.0e-01 3.00e-01
 7 2.1e+14 1.2e-86 1.0e-07 +2.13e+11 -3.17e+03 9.0e-01 9.0e-01 3.00e-01
 8 3.3e+13 1.3e-86 1.0e-08 +3.29e+11 -3.18e+02 9.0e-01 9.0e-01 3.00e-01
 9 5.1e+12 1.6e-86 1.0e-09 +5.05e+11 -3.20e+01 9.0e-01 9.0e-01 3.00e-01
10 8.6e+11 1.6e-86 1.0e-10 +7.66e+11 -3.39e+00 8.8e-01 8.8e-01 3.00e-01
11 2.2e+11 2.1e-86 1.2e-11 +1.03e+12 -5.38e-01 2.0e+00 9.1e-01 3.00e-01
12 5.1e+10 2.4e-86 1.1e-12 +4.64e+11 -2.74e-01 1.3e+00 1.0e+00 3.00e-01
13 1.0e+10 2.8e-86 6.4e-94 +1.26e+11 -4.70e-01 9.6e-01 9.6e-01 1.00e-01
14 1.4e+09 2.9e-86 1.2e-93 +1.66e+10 -4.72e-01 9.9e-01 9.9e-01 1.00e-01
15 1.5e+08 3.4e-86 3.2e-93 +1.84e+09 -4.74e-01 1.0e+00 1.0e+00 1.00e-01
16 1.6e+07 3.0e-86 1.0e-92 +1.87e+08 -4.76e-01 1.0e+00 1.0e+00 1.00e-01
17 1.6e+06 3.4e-86 2.2e-92 +1.87e+07 -4.78e-01 1.0e+00 1.0e+00 1.00e-01
18 1.6e+05 3.4e-86 6.8e-92 +1.87e+06 -4.79e-01 1.0e+00 1.0e+00 1.00e-01
19 1.6e+04 3.7e-86 1.9e-91 +1.87e+05 -4.81e-01 1.0e+00 1.0e+00 1.00e-01
20 1.6e+03 3.8e-86 8.9e-91 +1.87e+04 -4.82e-01 1.0e+00 1.0e+00 1.00e-01
21 1.6e+02 3.7e-86 2.7e-90 +1.87e+03 -4.83e-01 1.0e+00 1.0e+00 1.00e-01
22 1.6e+01 4.1e-86 9.6e-90 +1.87e+02 -4.83e-01 1.0e+00 6.2e+01 1.00e-01
23 1.6e+00 4.6e-86 1.9e-87 +1.90e+01 -1.99e-01 9.8e-01 9.8e-01 1.00e-01
24 1.8e-01 4.2e-86 1.6e-88 +1.98e+00 -2.07e-01 9.3e-01 1.4e+00 1.00e-01
25 2.7e-02 4.4e-86 2.2e-88 +2.44e-01 -7.81e-02 8.9e-01 1.0e+00 1.00e-01
26 4.7e-03 4.5e-86 7.2e-89 +3.01e-02 -2.64e-02 9.0e-01 8.9e-01 1.00e-01
27 9.0e-04 4.3e-86 7.2e-89 +3.24e-03 -7.58e-03 9.5e-01 9.2e-01 1.00e-01
28 1.5e-04 4.4e-86 1.9e-89 +3.33e-04 -1.47e-03 9.9e-01 9.8e-01 1.00e-01
29 1.8e-05 4.5e-86 1.9e-89 +1.30e-05 -2.04e-04 1.0e+00 9.6e-01 1.00e-01
30 2.4e-06 4.4e-86 2.6e-89 -2.07e-05 -4.93e-05 1.0e+00 9.6e-01 1.00e-01
31 3.1e-07 4.5e-86 5.7e-88 -2.43e-05 -2.80e-05 1.0e+00 9.8e-01 1.00e-01
32 3.5e-08 4.5e-86 3.9e-88 -2.47e-05 -2.51e-05 1.1e+00 9.9e-01 1.00e-01
33 3.7e-09 4.5e-86 2.2e-88 -2.48e-05 -2.48e-05 1.1e+00 9.9e-01 1.00e-01
34 3.7e-10 4.4e-86 2.9e-88 -2.48e-05 -2.48e-05 1.1e+00 9.9e-01 1.00e-01
35 3.7e-11 4.5e-86 6.2e-88 -2.48e-05 -2.48e-05 1.1e+00 9.9e-01 1.00e-01
36 3.7e-12 4.4e-86 5.6e-88 -2.48e-05 -2.48e-05 1.1e+00 9.9e-01 1.00e-01
37 3.7e-13 4.5e-86 6.6e-88 -2.48e-05 -2.48e-05 1.1e+00 9.9e-01 1.00e-01
38 3.7e-14 4.3e-86 5.9e-88 -2.48e-05 -2.48e-05 1.1e+00 9.9e-01 1.00e-01
39 3.7e-15 4.4e-86 6.3e-88 -2.48e-05 -2.48e-05 1.1e+00 9.9e-01 1.00e-01
40 3.7e-16 4.4e-86 6.4e-88 -2.48e-05 -2.48e-05 1.1e+00 9.9e-01 1.00e-01
41 3.7e-17 4.5e-86 6.1e-88 -2.48e-05 -2.48e-05 1.1e+00 9.9e-01 1.00e-01
42 3.7e-18 4.6e-86 7.1e-88 -2.48e-05 -2.48e-05 1.1e+00 9.9e-01 1.00e-01
43 3.7e-19 4.5e-86 5.6e-88 -2.48e-05 -2.48e-05 1.1e+00 9.9e-01 1.00e-01
44 3.7e-20 4.4e-86 6.6e-88 -2.48e-05 -2.48e-05 1.1e+00 9.9e-01 1.00e-01
45 3.7e-21 4.5e-86 8.5e-80 -2.48e-05 -2.48e-05 1.1e+00 9.9e-01 1.00e-01
46 3.7e-22 4.5e-86 3.3e-80 -2.48e-05 -2.48e-05 1.1e+00 9.9e-01 1.00e-01
47 3.7e-23 4.5e-86 5.4e-80 -2.48e-05 -2.48e-05 1.1e+00 9.9e-01 1.00e-01
48 3.7e-24 4.6e-86 2.8e-80 -2.48e-05 -2.48e-05 1.1e+00 9.9e-01 1.00e-01
49 3.7e-25 4.4e-86 8.7e-81 -2.48e-05 -2.48e-05 1.1e+00 9.9e-01 1.00e-01
50 3.7e-26 4.4e-86 3.2e-81 -2.48e-05 -2.48e-05 1.1e+00 9.9e-01 1.00e-01
51 3.7e-27 4.5e-86 7.6e-82 -2.48e-05 -2.48e-05 1.1e+00 9.9e-01 1.00e-01
52 3.7e-28 4.5e-86 4.3e-82 -2.48e-05 -2.48e-05 1.1e+00 9.9e-01 1.00e-01
53 3.7e-29 4.5e-86 1.1e-80 -2.48e-05 -2.48e-05 1.1e+00 9.9e-01 1.00e-01
54 3.7e-30 4.4e-86 3.4e-80 -2.48e-05 -2.48e-05 1.1e+00 9.9e-01 1.00e-01
55 3.7e-31 4.4e-86 5.5e-79 -2.48e-05 -2.48e-05 1.1e+00 9.9e-01 1.00e-01
56 3.7e-32 4.5e-86 7.1e-78 -2.48e-05 -2.48e-05 1.1e+00 9.9e-01 1.00e-01

phase.value = pdOPT     
   Iteration = 56
          mu = 3.7238580721448964e-32
relative gap = 4.4686296865738756e-31
         gap = 4.4686296865738756e-31
      digits = 2.5743657698130718e+01
objValPrimal = -2.4764642588636779e-05
objValDual   = -2.4764642588636779e-05
p.feas.error = 4.4908076486491112e-76
d.feas.error = 8.4600870442775902e-67
relative eps = 8.6361685550944446e-78
total time   = 0.110


Parameters are
maxIteration =    200
epsilonStar  = 1.000e-30
lambdaStar   = 1.000e+10
omegaStar    = 2.000e+00
lowerBound   = -1.000e+05
upperBound   = 1.000e+05
betaStar     = 1.000e-01
betaBar      = 3.000e-01
gammaStar    = 9.000e-01
epsilonDash  = 1.000e-30
precision    =    200

                         Time(sec)  Ratio(% : MainLoop) 
 Predictor time  =       0.030000,  27.272727
 Corrector time  =       0.020000,  18.181818
 Make bMat time  =       0.020000,  18.181818
 Make bDia time  =       0.000000,  0.000000
 Make bF1  time  =       0.010000,  9.090909
 Make bF2  time  =       0.010000,  9.090909
 Make bF3  time  =       0.000000,  0.000000
 Make bPRE time  =       0.010000,  9.090909
 Make rMat time  =       0.010000,  9.090909
 Make gVec Mul   =       0.000000,  0.000000
 Make gVec time  =       0.000000,  0.000000
 Cholesky bMat   =       0.000000,  0.000000
 Ste Pre time    =       0.000000,  0.000000
 Ste Cor time    =       0.050000,  45.454545
 solve           =       0.000000,  0.000000
 sumDz           =       0.000000,  0.000000
 makedX          =       0.020000,  18.181818
 symmetriseDx    =       0.000000,  0.000000
 makedXdZ        =       0.020000,  18.181818
 xMatTime        =       0.000000,  0.000000
 zMatTime        =       0.000000,  0.000000
 invzMatTime     =       0.000000,  0.000000
 xMatzMatTime    =       0.000000,  0.000000
 EigxMatTime     =       0.040000,  36.363636
 EigzMatTime     =       0.010000,  9.090909
 EigxMatzMatTime =       0.000000,  0.000000
 updateRes       =       0.000000,  0.000000
 EigTime         =       0.050000,  45.454545
 sub_total_bMat  =       0.090000,  81.818182
 Main Loop       =       0.110000,  100.000000
 File Check      =       0.000000,  0.000000
 File Change     =       0.000000,  0.000000
 File Read       =       0.000000,  0.000000
 Total           =       0.110000,  100.000000

xVec = 
{+2.476464258864e-05,+7.461145458214e-01,+7.552779946196e-01,+8.659583266904e-01,+1.055965722823e+00,+1.330653689324e+00,+1.709494352427e+00,+2.224741969203e+00}
xMat = 
{
{ {+9.999752353574e-01,+7.461145458214e-01,+7.552779946196e-01,+8.659583266904e-01,+1.055965722823e+00,+1.330653689324e+00 },
  {+7.461145458214e-01,+7.552532299771e-01,+8.659583266904e-01,+1.055965722823e+00,+1.330653689324e+00,+1.709494352427e+00 },
  {+7.552779946196e-01,+8.659583266904e-01,+1.055940958181e+00,+1.330653689324e+00,+1.709494352427e+00,+2.224741969203e+00 },
  {+8.659583266904e-01,+1.055965722823e+00,+1.330653689324e+00,+1.709469587785e+00,+2.224741969203e+00,+2.924846664515e+00 },
  {+1.055965722823e+00,+1.330653689324e+00,+1.709494352427e+00,+2.224741969203e+00,+2.924821899872e+00,+3.883417383640e+00 },
  {+1.330653689324e+00,+1.709494352427e+00,+2.224741969203e+00,+2.924846664515e+00,+3.883417383640e+00,+5.224829014602e+00 }   }
{ {+7.460897811788e-01,+7.552779946196e-01,+8.659583266904e-01,+1.055965722823e+00,+1.330653689324e+00,+1.709494352427e+00 },
  {+7.552779946196e-01,+8.659335620478e-01,+1.055965722823e+00,+1.330653689324e+00,+1.709494352427e+00,+2.224741969203e+00 },
  {+8.659583266904e-01,+1.055965722823e+00,+1.330628924681e+00,+1.709494352427e+00,+2.224741969203e+00,+2.924846664515e+00 },
  {+1.055965722823e+00,+1.330653689324e+00,+1.709494352427e+00,+2.224717204560e+00,+2.924846664515e+00,+3.883417383640e+00 },
  {+1.330653689324e+00,+1.709494352427e+00,+2.224741969203e+00,+2.924846664515e+00,+3.883392618997e+00,+5.224853779245e+00 },
  {+1.709494352427e+00,+2.224741969203e+00,+2.924846664515e+00,+3.883417383640e+00,+5.224853779245e+00,+7.307776188545e+00 }   }
}
yMat = 
{
{ {+7.358914395651e-05,-1.103398754403e-03,+3.583538919508e-03,-4.291310861027e-03,+2.055287723149e-03,-3.089538373312e-04 },
  {-1.103398754403e-03,+1.654440785367e-02,-5.373173497545e-02,+6.434409756979e-02,-3.081707153712e-02,+4.632466977478e-03 },
  {+3.583538919508e-03,-5.373173497545e-02,+1.745060547955e-01,-2.089721208781e-01,+1.000854630276e-01,-1.504499224861e-02 },
  {-4.291310861027e-03,+6.434409756979e-02,-2.089721208781e-01,+2.502454562707e-01,-1.198529844850e-01,+1.801647480067e-02 },
  {+2.055287723149e-03,-3.081707153712e-02,+1.000854630276e-01,-1.198529844850e-01,+5.740259225497e-02,-8.628841086423e-03 },
  {-3.089538373312e-04,+4.632466977478e-03,-1.504499224861e-02,+1.801647480067e-02,-8.628841086423e-03,+1.297099931725e-03 }   }
{ {+1.900970412150e-03,-1.163852877715e-02,+2.232223309247e-02,-1.700829471286e-02,+4.862649157262e-03,-2.740104758638e-04 },
  {-1.163852877715e-02,+7.125589710960e-02,-1.366659631084e-01,+1.041318298279e-01,-2.977115361095e-02,+1.677605705065e-03 },
  {+2.232223309247e-02,-1.366659631084e-01,+2.621198557590e-01,-1.997206882650e-01,+5.709988290274e-02,-3.217580701372e-03 },
  {-1.700829471286e-02,+1.041318298279e-01,-1.997206882650e-01,+1.521760082064e-01,-4.350692121421e-02,+2.451616762741e-03 },
  {+4.862649157262e-03,-2.977115361095e-02,+5.709988290274e-02,-4.350692121421e-02,+1.243857172920e-02,-7.009140179269e-04 },
  {-2.740104758638e-04,+1.677605705065e-03,-3.217580701372e-03,+2.451616762741e-03,-7.009140179269e-04,+3.949653314078e-05 }   }
}
    main loop time = 0.110000
        total time = 0.110000
  file   read time = 0.000000
