SDPA-GMP start at Wed Jun  5 23:35:13 2024
*SDP Scan Problem: V = x^2 - 2*x^4 + x^8
* K = 6; eval = 9.195979899497488; Domain = R+ with BCs: Neumann
data      is /Users/gorg/qmBoot/data/K=6_BC-Neumann_V_0.0_0.0_1.0_0.0_-2.0_0.0_0.0_0.0_1.0/e=9.195979899497488_K=6_D=R+.dat
parameter is ./param.sdpa
out       is /Users/gorg/qmBoot/data/K=6_BC-Neumann_V_0.0_0.0_1.0_0.0_-2.0_0.0_0.0_0.0_1.0/e=9.195979899497488_K=6_D=R+.out
DENSE computation
   mu      thetaP  thetaD  objP      objD      alphaP  alphaD  beta 
 0 1.0e+20 1.0e+00 1.0e+00 +0.00e+00 -3.05e+10 1.0e+00 9.0e-01 3.00e-01
 1 1.6e+19 8.6e-88 1.0e-01 +1.60e+10 -3.05e+09 9.0e-01 9.0e-01 3.00e-01
 2 2.5e+18 8.6e-88 1.0e-02 +2.46e+10 -3.05e+08 9.0e-01 9.0e-01 3.00e-01
 3 3.8e+17 4.3e-87 1.0e-03 +3.79e+10 -3.05e+07 9.0e-01 9.0e-01 3.00e-01
 4 5.8e+16 6.9e-87 1.0e-04 +5.84e+10 -3.05e+06 9.0e-01 9.0e-01 3.00e-01
 5 9.0e+15 1.0e-86 1.0e-05 +9.00e+10 -3.05e+05 9.0e-01 9.0e-01 3.00e-01
 6 1.4e+15 1.0e-86 1.0e-06 +1.39e+11 -3.05e+04 9.0e-01 9.0e-01 3.00e-01
 7 2.1e+14 1.3e-86 1.0e-07 +2.13e+11 -3.05e+03 9.0e-01 9.0e-01 3.00e-01
 8 3.3e+13 1.4e-86 1.0e-08 +3.29e+11 -3.06e+02 9.0e-01 9.0e-01 3.00e-01
 9 5.1e+12 1.6e-86 1.0e-09 +5.05e+11 -3.08e+01 9.0e-01 9.0e-01 3.00e-01
10 8.6e+11 1.9e-86 1.0e-10 +7.66e+11 -3.27e+00 8.8e-01 8.8e-01 3.00e-01
11 2.2e+11 2.2e-86 1.2e-11 +1.03e+12 -5.20e-01 2.0e+00 9.1e-01 3.00e-01
12 5.0e+10 2.1e-86 1.1e-12 +4.66e+11 -2.64e-01 1.3e+00 1.0e+00 3.00e-01
13 1.0e+10 2.7e-86 7.4e-94 +1.24e+11 -4.50e-01 9.6e-01 9.6e-01 1.00e-01
14 1.4e+09 2.7e-86 1.3e-93 +1.64e+10 -4.52e-01 9.9e-01 9.9e-01 1.00e-01
15 1.5e+08 3.0e-86 2.0e-93 +1.83e+09 -4.54e-01 1.0e+00 1.0e+00 1.00e-01
16 1.5e+07 3.3e-86 6.4e-93 +1.85e+08 -4.56e-01 1.0e+00 1.0e+00 1.00e-01
17 1.5e+06 3.0e-86 3.2e-92 +1.85e+07 -4.58e-01 1.0e+00 1.0e+00 1.00e-01
18 1.5e+05 3.3e-86 7.2e-92 +1.85e+06 -4.60e-01 1.0e+00 1.0e+00 1.00e-01
19 1.5e+04 3.3e-86 2.2e-91 +1.85e+05 -4.61e-01 1.0e+00 1.0e+00 1.00e-01
20 1.5e+03 3.4e-86 7.9e-91 +1.85e+04 -4.63e-01 1.0e+00 1.0e+00 1.00e-01
21 1.5e+02 3.5e-86 2.8e-90 +1.85e+03 -4.64e-01 1.0e+00 1.0e+00 1.00e-01
22 1.6e+01 3.7e-86 8.3e-90 +1.86e+02 -4.64e-01 1.0e+00 6.6e+01 1.00e-01
23 1.6e+00 3.6e-86 1.9e-87 +1.88e+01 -1.96e-01 9.8e-01 9.8e-01 1.00e-01
24 1.8e-01 4.1e-86 1.5e-88 +1.97e+00 -2.03e-01 9.3e-01 1.4e+00 1.00e-01
25 2.7e-02 4.1e-86 2.2e-88 +2.43e-01 -7.55e-02 8.9e-01 1.1e+00 1.00e-01
26 4.6e-03 3.8e-86 7.2e-89 +3.01e-02 -2.57e-02 9.0e-01 9.0e-01 1.00e-01
27 8.9e-04 3.9e-86 7.2e-89 +3.27e-03 -7.39e-03 9.4e-01 9.2e-01 1.00e-01
28 1.5e-04 3.9e-86 3.7e-89 +3.40e-04 -1.42e-03 9.8e-01 9.8e-01 1.00e-01
29 1.8e-05 3.9e-86 1.9e-89 +1.40e-05 -2.01e-04 1.0e+00 9.6e-01 1.00e-01
30 2.4e-06 3.9e-86 2.9e-89 -2.03e-05 -4.89e-05 1.0e+00 9.7e-01 1.00e-01
31 3.0e-07 3.9e-86 4.7e-89 -2.40e-05 -2.76e-05 1.0e+00 9.8e-01 1.00e-01
32 3.4e-08 3.9e-86 2.0e-88 -2.44e-05 -2.48e-05 1.1e+00 9.9e-01 1.00e-01
33 3.5e-09 3.9e-86 1.3e-88 -2.44e-05 -2.45e-05 1.1e+00 9.9e-01 1.00e-01
34 3.6e-10 3.8e-86 2.6e-88 -2.44e-05 -2.44e-05 1.1e+00 9.9e-01 1.00e-01
35 3.6e-11 3.9e-86 4.4e-88 -2.44e-05 -2.44e-05 1.1e+00 9.9e-01 1.00e-01
36 3.6e-12 3.8e-86 7.9e-89 -2.44e-05 -2.44e-05 1.1e+00 9.9e-01 1.00e-01
37 3.6e-13 3.8e-86 9.3e-90 -2.44e-05 -2.44e-05 1.1e+00 9.9e-01 1.00e-01
38 3.6e-14 3.9e-86 2.2e-88 -2.44e-05 -2.44e-05 1.1e+00 9.9e-01 1.00e-01
39 3.6e-15 3.9e-86 2.9e-88 -2.44e-05 -2.44e-05 1.1e+00 9.9e-01 1.00e-01
40 3.6e-16 3.9e-86 3.8e-88 -2.44e-05 -2.44e-05 1.1e+00 9.9e-01 1.00e-01
41 3.6e-17 3.8e-86 4.8e-88 -2.44e-05 -2.44e-05 1.1e+00 9.9e-01 1.00e-01
42 3.6e-18 3.9e-86 5.1e-88 -2.44e-05 -2.44e-05 1.1e+00 9.9e-01 1.00e-01
43 3.6e-19 3.8e-86 7.0e-88 -2.44e-05 -2.44e-05 1.1e+00 9.9e-01 1.00e-01
44 3.6e-20 3.8e-86 6.2e-88 -2.44e-05 -2.44e-05 1.1e+00 9.9e-01 1.00e-01
45 3.6e-21 3.7e-86 9.0e-80 -2.44e-05 -2.44e-05 1.1e+00 9.9e-01 1.00e-01
46 3.6e-22 3.8e-86 6.9e-80 -2.44e-05 -2.44e-05 1.1e+00 9.9e-01 1.00e-01
47 3.6e-23 3.8e-86 3.3e-80 -2.44e-05 -2.44e-05 1.1e+00 9.9e-01 1.00e-01
48 3.6e-24 3.9e-86 1.7e-80 -2.44e-05 -2.44e-05 1.1e+00 9.9e-01 1.00e-01
49 3.6e-25 3.8e-86 6.7e-81 -2.44e-05 -2.44e-05 1.1e+00 9.9e-01 1.00e-01
50 3.6e-26 4.0e-86 1.2e-81 -2.44e-05 -2.44e-05 1.1e+00 9.9e-01 1.00e-01
51 3.6e-27 3.8e-86 5.4e-82 -2.44e-05 -2.44e-05 1.1e+00 9.9e-01 1.00e-01
52 3.6e-28 3.8e-86 3.1e-82 -2.44e-05 -2.44e-05 1.1e+00 9.9e-01 1.00e-01
53 3.6e-29 3.9e-86 7.7e-81 -2.44e-05 -2.44e-05 1.1e+00 9.9e-01 1.00e-01
54 3.6e-30 3.9e-86 6.2e-80 -2.44e-05 -2.44e-05 1.1e+00 9.9e-01 1.00e-01
55 3.6e-31 3.8e-86 2.3e-79 -2.44e-05 -2.44e-05 1.1e+00 9.9e-01 1.00e-01
56 3.6e-32 3.8e-86 1.6e-78 -2.44e-05 -2.44e-05 1.1e+00 9.9e-01 1.00e-01

phase.value = pdOPT     
   Iteration = 56
          mu = 3.5809400539835234e-32
relative gap = 4.2971280647802281e-31
         gap = 4.2971280647802281e-31
      digits = 2.5755005214696961e+01
objValPrimal = -2.4444632450484957e-05
objValDual   = -2.4444632450484957e-05
p.feas.error = 3.7999141642415556e-76
d.feas.error = 1.9681794562227748e-67
relative eps = 8.6361685550944446e-78
total time   = 0.110


Parameters are
maxIteration =    200
epsilonStar  = 1.000e-30
lambdaStar   = 1.000e+10
omegaStar    = 2.000e+00
lowerBound   = -1.000e+05
upperBound   = 1.000e+05
betaStar     = 1.000e-01
betaBar      = 3.000e-01
gammaStar    = 9.000e-01
epsilonDash  = 1.000e-30
precision    =    200

                         Time(sec)  Ratio(% : MainLoop) 
 Predictor time  =       0.010000,  9.090909
 Corrector time  =       0.020000,  18.181818
 Make bMat time  =       0.010000,  9.090909
 Make bDia time  =       0.000000,  0.000000
 Make bF1  time  =       0.010000,  9.090909
 Make bF2  time  =       0.000000,  0.000000
 Make bF3  time  =       0.000000,  0.000000
 Make bPRE time  =       0.010000,  9.090909
 Make rMat time  =       0.000000,  0.000000
 Make gVec Mul   =       0.000000,  0.000000
 Make gVec time  =       0.000000,  0.000000
 Cholesky bMat   =       0.000000,  0.000000
 Ste Pre time    =       0.000000,  0.000000
 Ste Cor time    =       0.050000,  45.454545
 solve           =       0.010000,  9.090909
 sumDz           =       0.000000,  0.000000
 makedX          =       0.010000,  9.090909
 symmetriseDx    =       0.000000,  0.000000
 makedXdZ        =       0.010000,  9.090909
 xMatTime        =       0.020000,  18.181818
 zMatTime        =       0.010000,  9.090909
 invzMatTime     =       0.000000,  0.000000
 xMatzMatTime    =       0.000000,  0.000000
 EigxMatTime     =       0.030000,  27.272727
 EigzMatTime     =       0.020000,  18.181818
 EigxMatzMatTime =       0.000000,  0.000000
 updateRes       =       0.000000,  0.000000
 EigTime         =       0.050000,  45.454545
 sub_total_bMat  =       0.100000,  90.909091
 Main Loop       =       0.110000,  100.000000
 File Check      =       0.000000,  0.000000
 File Change     =       0.000000,  0.000000
 File Read       =       0.000000,  0.000000
 Total           =       0.110000,  100.000000

xVec = 
{+2.444463245048e-05,+7.394268439651e-01,+7.435978728543e-01,+8.469250280874e-01,+1.025926315332e+00,+1.284454422674e+00,+1.639856690346e+00,+2.121325535794e+00}
xMat = 
{
{ {+9.999755553675e-01,+7.394268439651e-01,+7.435978728543e-01,+8.469250280874e-01,+1.025926315332e+00,+1.284454422674e+00 },
  {+7.394268439651e-01,+7.435734282218e-01,+8.469250280874e-01,+1.025926315332e+00,+1.284454422674e+00,+1.639856690346e+00 },
  {+7.435978728543e-01,+8.469250280874e-01,+1.025901870700e+00,+1.284454422674e+00,+1.639856690346e+00,+2.121325535794e+00 },
  {+8.469250280874e-01,+1.025926315332e+00,+1.284454422674e+00,+1.639832245714e+00,+2.121325535794e+00,+2.772868409157e+00 },
  {+1.025926315332e+00,+1.284454422674e+00,+1.639856690346e+00,+2.121325535794e+00,+2.772843964524e+00,+3.661517684225e+00 },
  {+1.284454422674e+00,+1.639856690346e+00,+2.121325535794e+00,+2.772868409157e+00,+3.661517684225e+00,+4.901289115134e+00 }   }
{ {+7.394023993327e-01,+7.435978728543e-01,+8.469250280874e-01,+1.025926315332e+00,+1.284454422674e+00,+1.639856690346e+00 },
  {+7.435978728543e-01,+8.469005834549e-01,+1.025926315332e+00,+1.284454422674e+00,+1.639856690346e+00,+2.121325535794e+00 },
  {+8.469250280874e-01,+1.025926315332e+00,+1.284429978041e+00,+1.639856690346e+00,+2.121325535794e+00,+2.772868409157e+00 },
  {+1.025926315332e+00,+1.284454422674e+00,+1.639856690346e+00,+2.121301091162e+00,+2.772868409157e+00,+3.661517684225e+00 },
  {+1.284454422674e+00,+1.639856690346e+00,+2.121325535794e+00,+2.772868409157e+00,+3.661493239592e+00,+4.901313559766e+00 },
  {+1.639856690346e+00,+2.121325535794e+00,+2.772868409157e+00,+3.661517684225e+00,+4.901313559766e+00,+6.827902745198e+00 }   }
}
yMat = 
{
{ {+7.046207345302e-05,-1.068229481258e-03,+3.492606240365e-03,-4.206504377635e-03,+2.025643862569e-03,-3.061571256328e-04 },
  {-1.068229481258e-03,+1.619472957165e-02,-5.294912240800e-02,+6.377206586502e-02,-3.070946377938e-02,+4.641448249693e-03 },
  {+3.492606240365e-03,-5.294912240800e-02,+1.731186403189e-01,-2.085045574091e-01,+1.004054528694e-01,-1.517534519092e-02 },
  {-4.206504377635e-03,+6.377206586502e-02,-2.085045574091e-01,+2.511234514105e-01,-1.209285982920e-01,+1.827722668532e-02 },
  {+2.025643862569e-03,-3.070946377938e-02,+1.004054528694e-01,-1.209285982920e-01,+5.823321479032e-02,-8.801405807808e-03 },
  {-3.061571256328e-04,+4.641448249693e-03,-1.517534519092e-02,+1.827722668532e-02,-8.801405807808e-03,+1.330250175482e-03 }   }
{ {+1.843794154041e-03,-1.138112381848e-02,+2.196041355575e-02,-1.682588127765e-02,+4.836522754585e-03,-2.740049728125e-04 },
  {-1.138112381848e-02,+7.025186574527e-02,-1.355542782448e-01,+1.038605300686e-01,-2.985423519225e-02,+1.691340931754e-03 },
  {+2.196041355575e-02,-1.355542782448e-01,+2.615583537255e-01,-2.004037763584e-01,+5.760515056939e-02,-3.263521855792e-03 },
  {-1.682588127765e-02,+1.038605300686e-01,-2.004037763584e-01,+1.535476615702e-01,-4.413657429545e-02,+2.500482568472e-03 },
  {+4.836522754585e-03,-2.985423519225e-02,+5.760515056939e-02,-4.413657429545e-02,+1.268685677539e-02,-7.187522983370e-04 },
  {-2.740049728125e-04,+1.691340931754e-03,-3.263521855792e-03,+2.500482568472e-03,-7.187522983370e-04,+4.071968932184e-05 }   }
}
    main loop time = 0.110000
        total time = 0.110000
  file   read time = 0.000000
