SDPA-GMP start at Wed Jun  5 23:35:13 2024
*SDP Scan Problem: V = x^2 - 2*x^4 + x^8
* K = 6; eval = 9.69849246231156; Domain = R+ with BCs: Neumann
data      is /Users/gorg/qmBoot/data/K=6_BC-Neumann_V_0.0_0.0_1.0_0.0_-2.0_0.0_0.0_0.0_1.0/e=9.69849246231156_K=6_D=R+.dat
parameter is ./param.sdpa
out       is /Users/gorg/qmBoot/data/K=6_BC-Neumann_V_0.0_0.0_1.0_0.0_-2.0_0.0_0.0_0.0_1.0/e=9.69849246231156_K=6_D=R+.out
DENSE computation
   mu      thetaP  thetaD  objP      objD      alphaP  alphaD  beta 
 0 1.0e+20 1.0e+00 1.0e+00 +0.00e+00 -3.15e+10 1.0e+00 9.0e-01 3.00e-01
 1 1.6e+19 8.6e-88 1.0e-01 +1.60e+10 -3.15e+09 9.0e-01 9.0e-01 3.00e-01
 2 2.5e+18 1.7e-87 1.0e-02 +2.46e+10 -3.15e+08 9.0e-01 9.0e-01 3.00e-01
 3 3.8e+17 1.7e-87 1.0e-03 +3.79e+10 -3.15e+07 9.0e-01 9.0e-01 3.00e-01
 4 5.8e+16 4.3e-87 1.0e-04 +5.84e+10 -3.15e+06 9.0e-01 9.0e-01 3.00e-01
 5 9.0e+15 6.0e-87 1.0e-05 +9.00e+10 -3.15e+05 9.0e-01 9.0e-01 3.00e-01
 6 1.4e+15 6.9e-87 1.0e-06 +1.39e+11 -3.15e+04 9.0e-01 9.0e-01 3.00e-01
 7 2.1e+14 6.9e-87 1.0e-07 +2.13e+11 -3.15e+03 9.0e-01 9.0e-01 3.00e-01
 8 3.3e+13 9.5e-87 1.0e-08 +3.29e+11 -3.16e+02 9.0e-01 9.0e-01 3.00e-01
 9 5.1e+12 1.0e-86 1.0e-09 +5.05e+11 -3.18e+01 9.0e-01 9.0e-01 3.00e-01
10 8.6e+11 1.1e-86 1.0e-10 +7.66e+11 -3.37e+00 8.8e-01 8.8e-01 3.00e-01
11 2.2e+11 1.6e-86 1.2e-11 +1.03e+12 -5.35e-01 2.0e+00 9.1e-01 3.00e-01
12 5.1e+10 1.6e-86 1.1e-12 +4.64e+11 -2.72e-01 1.3e+00 1.0e+00 3.00e-01
13 1.0e+10 2.1e-86 7.6e-94 +1.25e+11 -4.67e-01 9.6e-01 9.6e-01 1.00e-01
14 1.4e+09 2.2e-86 1.1e-93 +1.65e+10 -4.69e-01 9.9e-01 9.9e-01 1.00e-01
15 1.5e+08 2.5e-86 2.5e-93 +1.84e+09 -4.71e-01 1.0e+00 1.0e+00 1.00e-01
16 1.6e+07 2.8e-86 1.0e-92 +1.87e+08 -4.73e-01 1.0e+00 1.0e+00 1.00e-01
17 1.6e+06 2.8e-86 2.5e-92 +1.87e+07 -4.74e-01 1.0e+00 1.0e+00 1.00e-01
18 1.6e+05 2.8e-86 1.1e-91 +1.87e+06 -4.76e-01 1.0e+00 1.0e+00 1.00e-01
19 1.6e+04 2.9e-86 3.2e-91 +1.87e+05 -4.77e-01 1.0e+00 1.0e+00 1.00e-01
20 1.6e+03 3.2e-86 9.2e-91 +1.87e+04 -4.79e-01 1.0e+00 1.0e+00 1.00e-01
21 1.6e+02 3.3e-86 3.2e-90 +1.87e+03 -4.80e-01 1.0e+00 1.0e+00 1.00e-01
22 1.6e+01 3.5e-86 4.3e-90 +1.87e+02 -4.80e-01 1.0e+00 6.3e+01 1.00e-01
23 1.6e+00 3.3e-86 2.0e-87 +1.89e+01 -1.99e-01 9.8e-01 9.8e-01 1.00e-01
24 1.8e-01 3.4e-86 1.6e-88 +1.98e+00 -2.06e-01 9.3e-01 1.4e+00 1.00e-01
25 2.7e-02 3.5e-86 2.5e-88 +2.43e-01 -7.77e-02 8.9e-01 1.0e+00 1.00e-01
26 4.7e-03 3.2e-86 7.2e-89 +3.01e-02 -2.62e-02 9.0e-01 8.9e-01 1.00e-01
27 9.0e-04 3.2e-86 1.0e-88 +3.25e-03 -7.55e-03 9.4e-01 9.2e-01 1.00e-01
28 1.5e-04 3.3e-86 5.0e-89 +3.34e-04 -1.47e-03 9.8e-01 9.8e-01 1.00e-01
29 1.8e-05 3.3e-86 1.5e-89 +1.32e-05 -2.03e-04 1.0e+00 9.6e-01 1.00e-01
30 2.4e-06 3.3e-86 3.1e-89 -2.06e-05 -4.92e-05 1.0e+00 9.6e-01 1.00e-01
31 3.0e-07 3.3e-86 5.0e-89 -2.43e-05 -2.79e-05 1.0e+00 9.8e-01 1.00e-01
32 3.5e-08 3.3e-86 3.4e-88 -2.47e-05 -2.51e-05 1.1e+00 9.9e-01 1.00e-01
33 3.6e-09 3.4e-86 1.3e-88 -2.47e-05 -2.48e-05 1.1e+00 9.9e-01 1.00e-01
34 3.7e-10 3.3e-86 3.9e-88 -2.47e-05 -2.47e-05 1.1e+00 9.9e-01 1.00e-01
35 3.7e-11 3.3e-86 3.8e-88 -2.47e-05 -2.47e-05 1.1e+00 9.9e-01 1.00e-01
36 3.7e-12 3.4e-86 5.5e-88 -2.47e-05 -2.47e-05 1.1e+00 9.9e-01 1.00e-01
37 3.7e-13 3.3e-86 6.7e-88 -2.47e-05 -2.47e-05 1.1e+00 9.9e-01 1.00e-01
38 3.7e-14 3.2e-86 6.4e-88 -2.47e-05 -2.47e-05 1.1e+00 9.9e-01 1.00e-01
39 3.7e-15 3.3e-86 6.0e-88 -2.47e-05 -2.47e-05 1.1e+00 9.9e-01 1.00e-01
40 3.7e-16 3.3e-86 6.3e-88 -2.47e-05 -2.47e-05 1.1e+00 9.9e-01 1.00e-01
41 3.7e-17 3.2e-86 6.2e-88 -2.47e-05 -2.47e-05 1.1e+00 9.9e-01 1.00e-01
42 3.7e-18 3.3e-86 6.9e-88 -2.47e-05 -2.47e-05 1.1e+00 9.9e-01 1.00e-01
43 3.7e-19 3.3e-86 6.6e-88 -2.47e-05 -2.47e-05 1.1e+00 9.9e-01 1.00e-01
44 3.7e-20 3.2e-86 6.8e-88 -2.47e-05 -2.47e-05 1.1e+00 9.9e-01 1.00e-01
45 3.7e-21 3.3e-86 7.1e-80 -2.47e-05 -2.47e-05 1.1e+00 9.9e-01 1.00e-01
46 3.7e-22 3.1e-86 5.3e-80 -2.47e-05 -2.47e-05 1.1e+00 9.9e-01 1.00e-01
47 3.7e-23 3.3e-86 3.7e-80 -2.47e-05 -2.47e-05 1.1e+00 9.9e-01 1.00e-01
48 3.7e-24 3.2e-86 2.2e-80 -2.47e-05 -2.47e-05 1.1e+00 9.9e-01 1.00e-01
49 3.7e-25 3.3e-86 1.0e-80 -2.47e-05 -2.47e-05 1.1e+00 9.9e-01 1.00e-01
50 3.7e-26 3.3e-86 3.0e-81 -2.47e-05 -2.47e-05 1.1e+00 9.9e-01 1.00e-01
51 3.7e-27 3.3e-86 7.0e-82 -2.47e-05 -2.47e-05 1.1e+00 9.9e-01 1.00e-01
52 3.7e-28 3.3e-86 8.0e-82 -2.47e-05 -2.47e-05 1.1e+00 9.9e-01 1.00e-01
53 3.7e-29 3.3e-86 7.0e-81 -2.47e-05 -2.47e-05 1.1e+00 9.9e-01 1.00e-01
54 3.7e-30 3.3e-86 5.6e-80 -2.47e-05 -2.47e-05 1.1e+00 9.9e-01 1.00e-01
55 3.7e-31 3.3e-86 3.1e-79 -2.47e-05 -2.47e-05 1.1e+00 9.9e-01 1.00e-01
56 3.7e-32 3.3e-86 2.5e-78 -2.47e-05 -2.47e-05 1.1e+00 9.9e-01 1.00e-01

phase.value = pdOPT     
   Iteration = 56
          mu = 3.6977912943094244e-32
relative gap = 4.4373495531713093e-31
         gap = 4.4373495531713093e-31
      digits = 2.5745775302927495e+01
objValPrimal = -2.4711490699424124e-05
objValDual   = -2.4711490699424124e-05
p.feas.error = 3.2817440509358890e-76
d.feas.error = 2.9867949748019679e-67
relative eps = 8.6361685550944446e-78
total time   = 0.110


Parameters are
maxIteration =    200
epsilonStar  = 1.000e-30
lambdaStar   = 1.000e+10
omegaStar    = 2.000e+00
lowerBound   = -1.000e+05
upperBound   = 1.000e+05
betaStar     = 1.000e-01
betaBar      = 3.000e-01
gammaStar    = 9.000e-01
epsilonDash  = 1.000e-30
precision    =    200

                         Time(sec)  Ratio(% : MainLoop) 
 Predictor time  =       0.010000,  9.090909
 Corrector time  =       0.030000,  27.272727
 Make bMat time  =       0.010000,  9.090909
 Make bDia time  =       0.000000,  0.000000
 Make bF1  time  =       0.010000,  9.090909
 Make bF2  time  =       0.000000,  0.000000
 Make bF3  time  =       0.000000,  0.000000
 Make bPRE time  =       0.000000,  0.000000
 Make rMat time  =       0.020000,  18.181818
 Make gVec Mul   =       0.000000,  0.000000
 Make gVec time  =       0.000000,  0.000000
 Cholesky bMat   =       0.000000,  0.000000
 Ste Pre time    =       0.000000,  0.000000
 Ste Cor time    =       0.050000,  45.454545
 solve           =       0.000000,  0.000000
 sumDz           =       0.000000,  0.000000
 makedX          =       0.010000,  9.090909
 symmetriseDx    =       0.000000,  0.000000
 makedXdZ        =       0.010000,  9.090909
 xMatTime        =       0.010000,  9.090909
 zMatTime        =       0.000000,  0.000000
 invzMatTime     =       0.000000,  0.000000
 xMatzMatTime    =       0.000000,  0.000000
 EigxMatTime     =       0.040000,  36.363636
 EigzMatTime     =       0.010000,  9.090909
 EigxMatzMatTime =       0.000000,  0.000000
 updateRes       =       0.000000,  0.000000
 EigTime         =       0.050000,  45.454545
 sub_total_bMat  =       0.100000,  90.909091
 Main Loop       =       0.110000,  100.000000
 File Check      =       0.000000,  0.000000
 File Change     =       0.000000,  0.000000
 File Read       =       0.000000,  0.000000
 Total           =       0.110000,  100.000000

xVec = 
{+2.471149069942e-05,+7.450317560875e-01,+7.533754714982e-01,+8.628446210971e-01,+1.051033632133e+00,+1.323043363398e+00,+1.697987589580e+00,+2.207603282080e+00}
xMat = 
{
{ {+9.999752885093e-01,+7.450317560875e-01,+7.533754714982e-01,+8.628446210971e-01,+1.051033632133e+00,+1.323043363398e+00 },
  {+7.450317560875e-01,+7.533507600075e-01,+8.628446210971e-01,+1.051033632133e+00,+1.323043363398e+00,+1.697987589580e+00 },
  {+7.533754714982e-01,+8.628446210971e-01,+1.051008920643e+00,+1.323043363398e+00,+1.697987589580e+00,+2.207603282080e+00 },
  {+8.628446210971e-01,+1.051033632133e+00,+1.323043363398e+00,+1.697962878089e+00,+2.207603282080e+00,+2.899588662423e+00 },
  {+1.051033632133e+00,+1.323043363398e+00,+1.697987589580e+00,+2.207603282080e+00,+2.899563950932e+00,+3.846437995580e+00 },
  {+1.323043363398e+00,+1.697987589580e+00,+2.207603282080e+00,+2.899588662423e+00,+3.846437995580e+00,+5.170769625954e+00 }   }
{ {+7.450070445968e-01,+7.533754714982e-01,+8.628446210971e-01,+1.051033632133e+00,+1.323043363398e+00,+1.697987589580e+00 },
  {+7.533754714982e-01,+8.628199096064e-01,+1.051033632133e+00,+1.323043363398e+00,+1.697987589580e+00,+2.207603282080e+00 },
  {+8.628446210971e-01,+1.051033632133e+00,+1.323018651907e+00,+1.697987589580e+00,+2.207603282080e+00,+2.899588662423e+00 },
  {+1.051033632133e+00,+1.323043363398e+00,+1.697987589580e+00,+2.207578570589e+00,+2.899588662423e+00,+3.846437995580e+00 },
  {+1.323043363398e+00,+1.697987589580e+00,+2.207603282080e+00,+2.899588662423e+00,+3.846413284089e+00,+5.170794337445e+00 },
  {+1.697987589580e+00,+2.207603282080e+00,+2.899588662423e+00,+3.846437995580e+00,+5.170794337445e+00,+7.227397953499e+00 }   }
}
yMat = 
{
{ {+7.307345823324e-05,-1.097618887215e-03,+3.568644728551e-03,-4.277478394525e-03,+2.050481671750e-03,-3.085054626354e-04 },
  {-1.097618887215e-03,+1.648707000737e-02,-5.360375641887e-02,+6.425097688001e-02,-3.079979332056e-02,+4.633986549767e-03 },
  {+3.568644728551e-03,-5.360375641887e-02,+1.742797659578e-01,-2.088966513038e-01,+1.001381457208e-01,-1.506629656761e-02 },
  {-4.277478394525e-03,+6.425097688001e-02,-2.088966513038e-01,+2.503894280907e-01,-1.200284106069e-01,+1.805888872543e-02 },
  {+2.050481671750e-03,-3.079979332056e-02,+1.001381457208e-01,-1.200284106069e-01,+5.753765030203e-02,-8.656833986832e-03 },
  {-3.085054626354e-04,+4.633986549767e-03,-1.506629656761e-02,+1.805888872543e-02,-8.656833986832e-03,+1.302464982184e-03 }   }
{ {+1.891573592348e-03,-1.159633803867e-02,+2.226313997555e-02,-1.697866814958e-02,+4.858462349607e-03,-2.740153741711e-04 },
  {-1.159633803867e-02,+7.109163315197e-02,-1.364847225628e-01,+1.040881391585e-01,-2.978492192010e-02,+1.679857933911e-03 },
  {+2.226313997555e-02,-1.364847225628e-01,+2.620291399585e-01,-1.998328096468e-01,+5.718235219228e-02,-3.225062273709e-03 },
  {-1.697866814958e-02,+1.040881391585e-01,-1.998328096468e-01,+1.523996598915e-01,-4.360931040954e-02,+2.459548031731e-03 },
  {+4.858462349607e-03,-2.978492192010e-02,+5.718235219228e-02,-4.360931040954e-02,+1.247884644723e-02,-7.038020534911e-04 },
  {-2.740153741711e-04,+1.679857933911e-03,-3.225062273709e-03,+2.459548031731e-03,-7.038020534911e-04,+3.969416024092e-05 }   }
}
    main loop time = 0.110000
        total time = 0.110000
  file   read time = 0.000000
