SDPA-GMP start at Wed Jun  5 23:35:13 2024
*SDP Scan Problem: V = x^2 - 2*x^4 + x^8
* K = 6; eval = 9.497487437185931; Domain = R+ with BCs: Neumann
data      is /Users/gorg/qmBoot/data/K=6_BC-Neumann_V_0.0_0.0_1.0_0.0_-2.0_0.0_0.0_0.0_1.0/e=9.497487437185931_K=6_D=R+.dat
parameter is ./param.sdpa
out       is /Users/gorg/qmBoot/data/K=6_BC-Neumann_V_0.0_0.0_1.0_0.0_-2.0_0.0_0.0_0.0_1.0/e=9.497487437185931_K=6_D=R+.out
DENSE computation
   mu      thetaP  thetaD  objP      objD      alphaP  alphaD  beta 
 0 1.0e+20 1.0e+00 1.0e+00 +0.00e+00 -3.11e+10 1.0e+00 9.0e-01 3.00e-01
 1 1.6e+19 8.6e-88 1.0e-01 +1.60e+10 -3.11e+09 9.0e-01 9.0e-01 3.00e-01
 2 2.5e+18 2.6e-87 1.0e-02 +2.46e+10 -3.11e+08 9.0e-01 9.0e-01 3.00e-01
 3 3.8e+17 3.5e-87 1.0e-03 +3.79e+10 -3.11e+07 9.0e-01 9.0e-01 3.00e-01
 4 5.8e+16 4.3e-87 1.0e-04 +5.84e+10 -3.11e+06 9.0e-01 9.0e-01 3.00e-01
 5 9.0e+15 2.6e-87 1.0e-05 +9.00e+10 -3.11e+05 9.0e-01 9.0e-01 3.00e-01
 6 1.4e+15 2.6e-87 1.0e-06 +1.39e+11 -3.11e+04 9.0e-01 9.0e-01 3.00e-01
 7 2.1e+14 3.5e-87 1.0e-07 +2.13e+11 -3.11e+03 9.0e-01 9.0e-01 3.00e-01
 8 3.3e+13 3.5e-87 1.0e-08 +3.29e+11 -3.12e+02 9.0e-01 9.0e-01 3.00e-01
 9 5.1e+12 4.3e-87 1.0e-09 +5.05e+11 -3.14e+01 9.0e-01 9.0e-01 3.00e-01
10 8.6e+11 6.0e-87 1.0e-10 +7.66e+11 -3.33e+00 8.8e-01 8.8e-01 3.00e-01
11 2.2e+11 6.0e-87 1.2e-11 +1.03e+12 -5.29e-01 2.0e+00 9.1e-01 3.00e-01
12 5.0e+10 6.9e-87 1.1e-12 +4.65e+11 -2.69e-01 1.3e+00 1.0e+00 3.00e-01
13 1.0e+10 8.6e-87 5.7e-94 +1.24e+11 -4.60e-01 9.6e-01 9.6e-01 1.00e-01
14 1.4e+09 1.1e-86 1.1e-93 +1.65e+10 -4.62e-01 9.9e-01 9.9e-01 1.00e-01
15 1.5e+08 1.2e-86 2.4e-93 +1.83e+09 -4.64e-01 1.0e+00 1.0e+00 1.00e-01
16 1.6e+07 1.5e-86 5.2e-93 +1.86e+08 -4.66e-01 1.0e+00 1.0e+00 1.00e-01
17 1.6e+06 1.6e-86 2.5e-92 +1.86e+07 -4.68e-01 1.0e+00 1.0e+00 1.00e-01
18 1.6e+05 1.6e-86 6.9e-92 +1.86e+06 -4.69e-01 1.0e+00 1.0e+00 1.00e-01
19 1.6e+04 1.6e-86 1.8e-91 +1.86e+05 -4.71e-01 1.0e+00 1.0e+00 1.00e-01
20 1.6e+03 2.2e-86 6.0e-91 +1.86e+04 -4.72e-01 1.0e+00 1.0e+00 1.00e-01
21 1.6e+02 2.4e-86 2.7e-90 +1.86e+03 -4.73e-01 1.0e+00 1.0e+00 1.00e-01
22 1.6e+01 2.2e-86 5.6e-90 +1.86e+02 -4.74e-01 1.0e+00 6.4e+01 1.00e-01
23 1.6e+00 2.6e-86 1.6e-87 +1.89e+01 -1.97e-01 9.8e-01 9.8e-01 1.00e-01
24 1.8e-01 2.7e-86 1.2e-88 +1.98e+00 -2.04e-01 9.3e-01 1.4e+00 1.00e-01
25 2.7e-02 2.4e-86 1.4e-88 +2.43e-01 -7.68e-02 8.9e-01 1.0e+00 1.00e-01
26 4.7e-03 2.4e-86 1.4e-88 +3.01e-02 -2.60e-02 9.0e-01 9.0e-01 1.00e-01
27 9.0e-04 2.5e-86 6.6e-89 +3.26e-03 -7.48e-03 9.4e-01 9.2e-01 1.00e-01
28 1.5e-04 2.4e-86 2.7e-89 +3.36e-04 -1.45e-03 9.8e-01 9.8e-01 1.00e-01
29 1.8e-05 2.5e-86 1.5e-89 +1.35e-05 -2.02e-04 1.0e+00 9.6e-01 1.00e-01
30 2.4e-06 2.4e-86 1.4e-88 -2.05e-05 -4.91e-05 1.0e+00 9.7e-01 1.00e-01
31 3.0e-07 2.3e-86 7.2e-89 -2.42e-05 -2.78e-05 1.0e+00 9.8e-01 1.00e-01
32 3.4e-08 2.4e-86 7.2e-89 -2.46e-05 -2.50e-05 1.1e+00 9.9e-01 1.00e-01
33 3.6e-09 2.4e-86 2.2e-88 -2.46e-05 -2.46e-05 1.1e+00 9.9e-01 1.00e-01
34 3.6e-10 2.4e-86 3.4e-88 -2.46e-05 -2.46e-05 1.1e+00 9.9e-01 1.00e-01
35 3.6e-11 2.4e-86 4.5e-88 -2.46e-05 -2.46e-05 1.1e+00 9.9e-01 1.00e-01
36 3.6e-12 2.3e-86 5.0e-88 -2.46e-05 -2.46e-05 1.1e+00 9.9e-01 1.00e-01
37 3.6e-13 2.4e-86 6.4e-88 -2.46e-05 -2.46e-05 1.1e+00 9.9e-01 1.00e-01
38 3.6e-14 2.4e-86 7.1e-88 -2.46e-05 -2.46e-05 1.1e+00 9.9e-01 1.00e-01
39 3.6e-15 2.4e-86 6.2e-88 -2.46e-05 -2.46e-05 1.1e+00 9.9e-01 1.00e-01
40 3.6e-16 2.5e-86 8.5e-88 -2.46e-05 -2.46e-05 1.1e+00 9.9e-01 1.00e-01
41 3.6e-17 2.3e-86 8.4e-88 -2.46e-05 -2.46e-05 1.1e+00 9.9e-01 1.00e-01
42 3.6e-18 2.4e-86 6.6e-88 -2.46e-05 -2.46e-05 1.1e+00 9.9e-01 1.00e-01
43 3.6e-19 2.4e-86 6.2e-88 -2.46e-05 -2.46e-05 1.1e+00 9.9e-01 1.00e-01
44 3.6e-20 2.3e-86 6.7e-88 -2.46e-05 -2.46e-05 1.1e+00 9.9e-01 1.00e-01
45 3.6e-21 2.4e-86 9.4e-80 -2.46e-05 -2.46e-05 1.1e+00 9.9e-01 1.00e-01
46 3.6e-22 2.4e-86 3.2e-80 -2.46e-05 -2.46e-05 1.1e+00 9.9e-01 1.00e-01
47 3.6e-23 2.3e-86 3.8e-80 -2.46e-05 -2.46e-05 1.1e+00 9.9e-01 1.00e-01
48 3.6e-24 2.4e-86 2.2e-80 -2.46e-05 -2.46e-05 1.1e+00 9.9e-01 1.00e-01
49 3.6e-25 2.4e-86 9.6e-81 -2.46e-05 -2.46e-05 1.1e+00 9.9e-01 1.00e-01
50 3.6e-26 2.4e-86 2.7e-81 -2.46e-05 -2.46e-05 1.1e+00 9.9e-01 1.00e-01
51 3.6e-27 2.4e-86 6.5e-82 -2.46e-05 -2.46e-05 1.1e+00 9.9e-01 1.00e-01
52 3.6e-28 2.3e-86 1.0e-81 -2.46e-05 -2.46e-05 1.1e+00 9.9e-01 1.00e-01
53 3.6e-29 2.4e-86 2.8e-81 -2.46e-05 -2.46e-05 1.1e+00 9.9e-01 1.00e-01
54 3.6e-30 2.4e-86 4.7e-80 -2.46e-05 -2.46e-05 1.1e+00 9.9e-01 1.00e-01
55 3.6e-31 2.3e-86 3.1e-79 -2.46e-05 -2.46e-05 1.1e+00 9.9e-01 1.00e-01
56 3.6e-32 2.4e-86 4.6e-78 -2.46e-05 -2.46e-05 1.1e+00 9.9e-01 1.00e-01

phase.value = pdOPT     
   Iteration = 56
          mu = 3.6486717302806956e-32
relative gap = 4.3784060763368348e-31
         gap = 4.3784060763368348e-31
      digits = 2.5749706979739518e+01
objValPrimal = -2.4604980069686012e-05
objValDual   = -2.4604980069686012e-05
p.feas.error = 2.4181271954264445e-76
d.feas.error = 5.5744087600844137e-67
relative eps = 8.6361685550944446e-78
total time   = 0.110


Parameters are
maxIteration =    200
epsilonStar  = 1.000e-30
lambdaStar   = 1.000e+10
omegaStar    = 2.000e+00
lowerBound   = -1.000e+05
upperBound   = 1.000e+05
betaStar     = 1.000e-01
betaBar      = 3.000e-01
gammaStar    = 9.000e-01
epsilonDash  = 1.000e-30
precision    =    200

                         Time(sec)  Ratio(% : MainLoop) 
 Predictor time  =       0.040000,  36.363636
 Corrector time  =       0.020000,  18.181818
 Make bMat time  =       0.030000,  27.272727
 Make bDia time  =       0.000000,  0.000000
 Make bF1  time  =       0.020000,  18.181818
 Make bF2  time  =       0.010000,  9.090909
 Make bF3  time  =       0.000000,  0.000000
 Make bPRE time  =       0.020000,  18.181818
 Make rMat time  =       0.000000,  0.000000
 Make gVec Mul   =       0.000000,  0.000000
 Make gVec time  =       0.000000,  0.000000
 Cholesky bMat   =       0.000000,  0.000000
 Ste Pre time    =       0.000000,  0.000000
 Ste Cor time    =       0.030000,  27.272727
 solve           =       0.000000,  0.000000
 sumDz           =       0.010000,  9.090909
 makedX          =       0.020000,  18.181818
 symmetriseDx    =       0.000000,  0.000000
 makedXdZ        =       0.030000,  27.272727
 xMatTime        =       0.000000,  0.000000
 zMatTime        =       0.020000,  18.181818
 invzMatTime     =       0.000000,  0.000000
 xMatzMatTime    =       0.000000,  0.000000
 EigxMatTime     =       0.010000,  9.090909
 EigzMatTime     =       0.010000,  9.090909
 EigxMatzMatTime =       0.000000,  0.000000
 updateRes       =       0.000000,  0.000000
 EigTime         =       0.020000,  18.181818
 sub_total_bMat  =       0.080000,  72.727273
 Main Loop       =       0.110000,  100.000000
 File Check      =       0.000000,  0.000000
 File Change     =       0.000000,  0.000000
 File Read       =       0.000000,  0.000000
 Total           =       0.110000,  100.000000

xVec = 
{+2.460498006969e-05,+7.428289309952e-01,+7.495186243070e-01,+8.565484365475e-01,+1.041081754643e+00,+1.307717113116e+00,+1.674856594651e+00,+2.173210908959e+00}
xMat = 
{
{ {+9.999753950199e-01,+7.428289309952e-01,+7.495186243070e-01,+8.565484365475e-01,+1.041081754643e+00,+1.307717113116e+00 },
  {+7.428289309952e-01,+7.494940193269e-01,+8.565484365475e-01,+1.041081754643e+00,+1.307717113116e+00,+1.674856594651e+00 },
  {+7.495186243070e-01,+8.565484365475e-01,+1.041057149663e+00,+1.307717113116e+00,+1.674856594651e+00,+2.173210908959e+00 },
  {+8.565484365475e-01,+1.041081754643e+00,+1.307717113116e+00,+1.674831989671e+00,+2.173210908959e+00,+2.848988143287e+00 },
  {+1.041081754643e+00,+1.307717113116e+00,+1.674856594651e+00,+2.173210908959e+00,+2.848963538306e+00,+3.772475423633e+00 },
  {+1.307717113116e+00,+1.674856594651e+00,+2.173210908959e+00,+2.848988143287e+00,+3.772475423633e+00,+5.062813978278e+00 }   }
{ {+7.428043260152e-01,+7.495186243070e-01,+8.565484365475e-01,+1.041081754643e+00,+1.307717113116e+00,+1.674856594651e+00 },
  {+7.495186243070e-01,+8.565238315674e-01,+1.041081754643e+00,+1.307717113116e+00,+1.674856594651e+00,+2.173210908959e+00 },
  {+8.565484365475e-01,+1.041081754643e+00,+1.307692508136e+00,+1.674856594651e+00,+2.173210908959e+00,+2.848988143287e+00 },
  {+1.041081754643e+00,+1.307717113116e+00,+1.674856594651e+00,+2.173186303979e+00,+2.848988143287e+00,+3.772475423633e+00 },
  {+1.307717113116e+00,+1.674856594651e+00,+2.173210908959e+00,+2.848988143287e+00,+3.772450818653e+00,+5.062838583259e+00 },
  {+1.674856594651e+00,+2.173210908959e+00,+2.848988143287e+00,+3.772475423633e+00,+5.062838583259e+00,+7.067119268733e+00 }   }
}
yMat = 
{
{ {+7.203559427672e-05,-1.085962851945e-03,+3.538548557893e-03,-4.249458037935e-03,+2.040711345702e-03,-3.075878953407e-04 },
  {-1.085962851945e-03,+1.637128599612e-02,-5.334490986379e-02,+6.406212951294e-02,-3.076446769444e-02,+4.636999686083e-03 },
  {+3.538548557893e-03,-5.334490986379e-02,+1.738213729239e-01,-2.087428272501e-01,+1.002442787058e-01,-1.510940132321e-02 },
  {-4.249458037935e-03,+6.406212951294e-02,-2.087428272501e-01,+2.506801505211e-01,-1.203837813538e-01,+1.814494441742e-02 },
  {+2.040711345702e-03,-3.076446769444e-02,+1.002442787058e-01,-1.203837813538e-01,+5.781173652126e-02,-8.713721516771e-03 },
  {-3.075878953407e-04,+4.636999686083e-03,-1.510940132321e-02,+1.814494441742e-02,-8.713721516771e-03,+1.313382839554e-03 }   }
{ {+1.872623790897e-03,-1.151112082788e-02,+2.214353045872e-02,-1.691850385887e-02,+4.849892348565e-03,-2.740184078493e-04 },
  {-1.151112082788e-02,+7.075948909660e-02,-1.361174924217e-01,+1.039989682354e-01,-2.981255343327e-02,+1.684406134937e-03 },
  {+2.214353045872e-02,-1.361174924217e-01,+2.618443403099e-01,-2.000590867936e-01,+5.734934024868e-02,-3.240231695206e-03 },
  {-1.691850385887e-02,+1.039989682354e-01,-2.000590867936e-01,+1.528527909419e-01,-4.381708852209e-02,+2.475660895230e-03 },
  {+4.849892348565e-03,-2.981255343327e-02,+5.734934024868e-02,-4.381708852209e-02,+1.256069473591e-02,-7.096779321369e-04 },
  {-2.740184078493e-04,+1.684406134937e-03,-3.240231695206e-03,+2.475660895230e-03,-7.096779321369e-04,+4.009672856090e-05 }   }
}
    main loop time = 0.110000
        total time = 0.110000
  file   read time = 0.000000
