SDPA-GMP start at Wed Jun  5 23:35:13 2024
*SDP Scan Problem: V = x^2 - 2*x^4 + x^8
* K = 6; eval = 9.296482412060303; Domain = R+ with BCs: Neumann
data      is /Users/gorg/qmBoot/data/K=6_BC-Neumann_V_0.0_0.0_1.0_0.0_-2.0_0.0_0.0_0.0_1.0/e=9.296482412060303_K=6_D=R+.dat
parameter is ./param.sdpa
out       is /Users/gorg/qmBoot/data/K=6_BC-Neumann_V_0.0_0.0_1.0_0.0_-2.0_0.0_0.0_0.0_1.0/e=9.296482412060303_K=6_D=R+.out
DENSE computation
   mu      thetaP  thetaD  objP      objD      alphaP  alphaD  beta 
 0 1.0e+20 1.0e+00 1.0e+00 +0.00e+00 -3.07e+10 1.0e+00 9.0e-01 3.00e-01
 1 1.6e+19 8.6e-88 1.0e-01 +1.60e+10 -3.07e+09 9.0e-01 9.0e-01 3.00e-01
 2 2.5e+18 1.7e-87 1.0e-02 +2.46e+10 -3.07e+08 9.0e-01 9.0e-01 3.00e-01
 3 3.8e+17 2.6e-87 1.0e-03 +3.79e+10 -3.07e+07 9.0e-01 9.0e-01 3.00e-01
 4 5.8e+16 4.3e-87 1.0e-04 +5.84e+10 -3.07e+06 9.0e-01 9.0e-01 3.00e-01
 5 9.0e+15 6.0e-87 1.0e-05 +9.00e+10 -3.07e+05 9.0e-01 9.0e-01 3.00e-01
 6 1.4e+15 8.6e-87 1.0e-06 +1.39e+11 -3.07e+04 9.0e-01 9.0e-01 3.00e-01
 7 2.1e+14 1.0e-86 1.0e-07 +2.13e+11 -3.07e+03 9.0e-01 9.0e-01 3.00e-01
 8 3.3e+13 1.2e-86 1.0e-08 +3.29e+11 -3.08e+02 9.0e-01 9.0e-01 3.00e-01
 9 5.1e+12 1.4e-86 1.0e-09 +5.05e+11 -3.10e+01 9.0e-01 9.0e-01 3.00e-01
10 8.6e+11 1.6e-86 1.0e-10 +7.66e+11 -3.29e+00 8.8e-01 8.8e-01 3.00e-01
11 2.2e+11 1.6e-86 1.2e-11 +1.03e+12 -5.23e-01 2.0e+00 9.1e-01 3.00e-01
12 5.0e+10 1.8e-86 1.1e-12 +4.66e+11 -2.66e-01 1.3e+00 1.0e+00 3.00e-01
13 1.0e+10 2.3e-86 5.4e-94 +1.24e+11 -4.54e-01 9.6e-01 9.6e-01 1.00e-01
14 1.4e+09 2.2e-86 1.3e-93 +1.64e+10 -4.56e-01 9.9e-01 9.9e-01 1.00e-01
15 1.5e+08 2.2e-86 2.6e-93 +1.83e+09 -4.58e-01 1.0e+00 1.0e+00 1.00e-01
16 1.5e+07 2.6e-86 8.8e-93 +1.86e+08 -4.60e-01 1.0e+00 1.0e+00 1.00e-01
17 1.5e+06 2.8e-86 2.3e-92 +1.86e+07 -4.61e-01 1.0e+00 1.0e+00 1.00e-01
18 1.5e+05 2.6e-86 5.1e-92 +1.86e+06 -4.63e-01 1.0e+00 1.0e+00 1.00e-01
19 1.5e+04 3.1e-86 2.3e-91 +1.86e+05 -4.64e-01 1.0e+00 1.0e+00 1.00e-01
20 1.5e+03 3.3e-86 9.0e-91 +1.86e+04 -4.66e-01 1.0e+00 1.0e+00 1.00e-01
21 1.5e+02 3.0e-86 2.2e-90 +1.86e+03 -4.67e-01 1.0e+00 1.0e+00 1.00e-01
22 1.6e+01 3.4e-86 1.0e-89 +1.86e+02 -4.67e-01 1.0e+00 6.5e+01 1.00e-01
23 1.6e+00 3.5e-86 1.4e-87 +1.88e+01 -1.96e-01 9.8e-01 9.8e-01 1.00e-01
24 1.8e-01 3.9e-86 1.1e-88 +1.97e+00 -2.03e-01 9.3e-01 1.4e+00 1.00e-01
25 2.7e-02 3.7e-86 1.4e-88 +2.43e-01 -7.59e-02 8.9e-01 1.0e+00 1.00e-01
26 4.7e-03 3.6e-86 1.4e-88 +3.01e-02 -2.58e-02 9.0e-01 9.0e-01 1.00e-01
27 8.9e-04 3.7e-86 8.5e-89 +3.27e-03 -7.42e-03 9.4e-01 9.2e-01 1.00e-01
28 1.5e-04 3.7e-86 4.5e-89 +3.39e-04 -1.43e-03 9.8e-01 9.8e-01 1.00e-01
29 1.8e-05 3.6e-86 1.4e-89 +1.38e-05 -2.01e-04 1.0e+00 9.6e-01 1.00e-01
30 2.4e-06 3.5e-86 7.2e-89 -2.04e-05 -4.89e-05 1.0e+00 9.7e-01 1.00e-01
31 3.0e-07 3.6e-86 6.2e-89 -2.41e-05 -2.77e-05 1.0e+00 9.8e-01 1.00e-01
32 3.4e-08 3.5e-86 2.0e-88 -2.45e-05 -2.49e-05 1.1e+00 9.9e-01 1.00e-01
33 3.6e-09 3.6e-86 1.5e-88 -2.45e-05 -2.45e-05 1.1e+00 9.9e-01 1.00e-01
34 3.6e-10 3.5e-86 2.8e-88 -2.45e-05 -2.45e-05 1.1e+00 9.9e-01 1.00e-01
35 3.6e-11 3.5e-86 3.9e-88 -2.45e-05 -2.45e-05 1.1e+00 9.9e-01 1.00e-01
36 3.6e-12 3.5e-86 4.9e-88 -2.45e-05 -2.45e-05 1.1e+00 9.9e-01 1.00e-01
37 3.6e-13 3.5e-86 4.8e-88 -2.45e-05 -2.45e-05 1.1e+00 9.9e-01 1.00e-01
38 3.6e-14 3.6e-86 7.1e-88 -2.45e-05 -2.45e-05 1.1e+00 9.9e-01 1.00e-01
39 3.6e-15 3.5e-86 7.1e-88 -2.45e-05 -2.45e-05 1.1e+00 9.9e-01 1.00e-01
40 3.6e-16 3.5e-86 7.3e-88 -2.45e-05 -2.45e-05 1.1e+00 9.9e-01 1.00e-01
41 3.6e-17 3.6e-86 5.9e-88 -2.45e-05 -2.45e-05 1.1e+00 9.9e-01 1.00e-01
42 3.6e-18 3.6e-86 7.4e-88 -2.45e-05 -2.45e-05 1.1e+00 9.9e-01 1.00e-01
43 3.6e-19 3.5e-86 6.2e-88 -2.45e-05 -2.45e-05 1.1e+00 9.9e-01 1.00e-01
44 3.6e-20 3.5e-86 6.5e-88 -2.45e-05 -2.45e-05 1.1e+00 9.9e-01 1.00e-01
45 3.6e-21 3.6e-86 7.2e-80 -2.45e-05 -2.45e-05 1.1e+00 9.9e-01 1.00e-01
46 3.6e-22 3.6e-86 4.7e-80 -2.45e-05 -2.45e-05 1.1e+00 9.9e-01 1.00e-01
47 3.6e-23 3.5e-86 2.4e-80 -2.45e-05 -2.45e-05 1.1e+00 9.9e-01 1.00e-01
48 3.6e-24 3.6e-86 2.0e-80 -2.45e-05 -2.45e-05 1.1e+00 9.9e-01 1.00e-01
49 3.6e-25 3.6e-86 9.4e-81 -2.45e-05 -2.45e-05 1.1e+00 9.9e-01 1.00e-01
50 3.6e-26 3.5e-86 1.3e-81 -2.45e-05 -2.45e-05 1.1e+00 9.9e-01 1.00e-01
51 3.6e-27 3.6e-86 8.1e-82 -2.45e-05 -2.45e-05 1.1e+00 9.9e-01 1.00e-01
52 3.6e-28 3.5e-86 1.1e-81 -2.45e-05 -2.45e-05 1.1e+00 9.9e-01 1.00e-01
53 3.6e-29 3.5e-86 7.7e-81 -2.45e-05 -2.45e-05 1.1e+00 9.9e-01 1.00e-01
54 3.6e-30 3.5e-86 5.1e-80 -2.45e-05 -2.45e-05 1.1e+00 9.9e-01 1.00e-01
55 3.6e-31 3.5e-86 7.8e-79 -2.45e-05 -2.45e-05 1.1e+00 9.9e-01 1.00e-01
56 3.6e-32 3.5e-86 3.1e-78 -2.45e-05 -2.45e-05 1.1e+00 9.9e-01 1.00e-01

phase.value = pdOPT     
   Iteration = 56
          mu = 3.6031751126694644e-32
relative gap = 4.3238101352033573e-31
         gap = 4.3238101352033573e-31
      digits = 2.5753266948571472e+01
objValPrimal = -2.4498165473420797e-05
objValDual   = -2.4498165473420797e-05
p.feas.error = 3.5408291075887223e-76
d.feas.error = 3.7577281668264185e-67
relative eps = 8.6361685550944446e-78
total time   = 0.110


Parameters are
maxIteration =    200
epsilonStar  = 1.000e-30
lambdaStar   = 1.000e+10
omegaStar    = 2.000e+00
lowerBound   = -1.000e+05
upperBound   = 1.000e+05
betaStar     = 1.000e-01
betaBar      = 3.000e-01
gammaStar    = 9.000e-01
epsilonDash  = 1.000e-30
precision    =    200

                         Time(sec)  Ratio(% : MainLoop) 
 Predictor time  =       0.050000,  45.454545
 Corrector time  =       0.010000,  9.090909
 Make bMat time  =       0.040000,  36.363636
 Make bDia time  =       0.000000,  0.000000
 Make bF1  time  =       0.020000,  18.181818
 Make bF2  time  =       0.020000,  18.181818
 Make bF3  time  =       0.000000,  0.000000
 Make bPRE time  =       0.020000,  18.181818
 Make rMat time  =       0.000000,  0.000000
 Make gVec Mul   =       0.000000,  0.000000
 Make gVec time  =       0.000000,  0.000000
 Cholesky bMat   =       0.000000,  0.000000
 Ste Pre time    =       0.000000,  0.000000
 Ste Cor time    =       0.040000,  36.363636
 solve           =       0.010000,  9.090909
 sumDz           =       0.000000,  0.000000
 makedX          =       0.010000,  9.090909
 symmetriseDx    =       0.000000,  0.000000
 makedXdZ        =       0.010000,  9.090909
 xMatTime        =       0.000000,  0.000000
 zMatTime        =       0.010000,  9.090909
 invzMatTime     =       0.000000,  0.000000
 xMatzMatTime    =       0.000000,  0.000000
 EigxMatTime     =       0.020000,  18.181818
 EigzMatTime     =       0.020000,  18.181818
 EigxMatzMatTime =       0.000000,  0.000000
 updateRes       =       0.000000,  0.000000
 EigTime         =       0.040000,  36.363636
 sub_total_bMat  =       0.070000,  63.636364
 Main Loop       =       0.110000,  100.000000
 File Check      =       0.000000,  0.000000
 File Change     =       0.000000,  0.000000
 File Read       =       0.000000,  0.000000
 Total           =       0.110000,  100.000000

xVec = 
{+2.449816547342e-05,+7.405743604492e-01,+7.455900765336e-01,+8.501573828468e-01,+1.031009254111e+00,+1.292245955857e+00,+1.651564678747e+00,+2.138661094781e+00}
xMat = 
{
{ {+9.999755018345e-01,+7.405743604492e-01,+7.455900765336e-01,+8.501573828468e-01,+1.031009254111e+00,+1.292245955857e+00 },
  {+7.405743604492e-01,+7.455655783682e-01,+8.501573828468e-01,+1.031009254111e+00,+1.292245955857e+00,+1.651564678747e+00 },
  {+7.455900765336e-01,+8.501573828468e-01,+1.030984755946e+00,+1.292245955857e+00,+1.651564678747e+00,+2.138661094781e+00 },
  {+8.501573828468e-01,+1.031009254111e+00,+1.292245955857e+00,+1.651540180581e+00,+2.138661094781e+00,+2.798271556732e+00 },
  {+1.031009254111e+00,+1.292245955857e+00,+1.651564678747e+00,+2.138661094781e+00,+2.798247058567e+00,+3.698505859122e+00 },
  {+1.292245955857e+00,+1.651564678747e+00,+2.138661094781e+00,+2.798271556732e+00,+3.698505859122e+00,+4.955076197595e+00 }   }
{ {+7.405498622838e-01,+7.455900765336e-01,+8.501573828468e-01,+1.031009254111e+00,+1.292245955857e+00,+1.651564678747e+00 },
  {+7.455900765336e-01,+8.501328846814e-01,+1.031009254111e+00,+1.292245955857e+00,+1.651564678747e+00,+2.138661094781e+00 },
  {+8.501573828468e-01,+1.031009254111e+00,+1.292221457692e+00,+1.651564678747e+00,+2.138661094781e+00,+2.798271556732e+00 },
  {+1.031009254111e+00,+1.292245955857e+00,+1.651564678747e+00,+2.138636596615e+00,+2.798271556732e+00,+3.698505859122e+00 },
  {+1.292245955857e+00,+1.651564678747e+00,+2.138661094781e+00,+2.798271556732e+00,+3.698481360956e+00,+4.955100695761e+00 },
  {+1.651564678747e+00,+2.138661094781e+00,+2.798271556732e+00,+3.698505859122e+00,+4.955100695761e+00,+6.907480770491e+00 }   }
}
yMat = 
{
{ {+7.098885568673e-05,-1.074174637586e-03,+3.508029393427e-03,-4.220948536711e-03,+2.030722804813e-03,-3.066415233699e-04 },
  {-1.074174637586e-03,+1.625397593568e-02,-5.308208120659e-02,+6.386968518974e-02,-3.072807572114e-02,+4.639975444715e-03 },
  {+3.508029393427e-03,-5.308208120659e-02,+1.733549598186e-01,-2.085850150940e-01,+1.003514596802e-01,-1.515318801551e-02 },
  {-4.220948536711e-03,+6.386968518974e-02,-2.085850150940e-01,+2.509746970451e-01,-1.207453813493e-01,+1.823269408757e-02 },
  {+2.030722804813e-03,-3.072807572114e-02,+1.003514596802e-01,-1.207453813493e-01,+5.809130278403e-02,-8.771854798703e-03 },
  {-3.066415233699e-04,+4.639975444715e-03,-1.515318801551e-02,+1.823269408757e-02,-8.771854798703e-03,+1.324560354510e-03 }   }
{ {+1.853459368095e-03,-1.142475323255e-02,+2.202195958627e-02,-1.685708138497e-02,+4.841050082933e-03,-2.740119488898e-04 },
  {-1.142475323255e-02,+7.042236192038e-02,-1.357437116245e-01,+1.039073196637e-01,-2.984031025227e-02,+1.689014041918e-03 },
  {+2.202195958627e-02,-1.357437116245e-01,+2.616548883496e-01,-2.002881592078e-01,+5.751915100845e-02,-3.255685108872e-03 },
  {-1.685708138497e-02,+1.039073196637e-01,-2.002881592078e-01,+1.533139585960e-01,-4.402900686222e-02,+2.492119224408e-03 },
  {+4.841050082933e-03,-2.984031025227e-02,+5.751915100845e-02,-4.402900686222e-02,+1.264433756083e-02,-7.156917441687e-04 },
  {-2.740119488898e-04,+1.689014041918e-03,-3.255685108872e-03,+2.492119224408e-03,-7.156917441687e-04,+4.050941144265e-05 }   }
}
    main loop time = 0.110000
        total time = 0.110000
  file   read time = 0.000000
