SDPA-GMP start at Wed Jun  5 23:35:13 2024
*SDP Scan Problem: V = x^2 - 2*x^4 + x^8
* K = 6; eval = 9.597989949748744; Domain = R+ with BCs: Neumann
data      is /Users/gorg/qmBoot/data/K=6_BC-Neumann_V_0.0_0.0_1.0_0.0_-2.0_0.0_0.0_0.0_1.0/e=9.597989949748744_K=6_D=R+.dat
parameter is ./param.sdpa
out       is /Users/gorg/qmBoot/data/K=6_BC-Neumann_V_0.0_0.0_1.0_0.0_-2.0_0.0_0.0_0.0_1.0/e=9.597989949748744_K=6_D=R+.out
DENSE computation
   mu      thetaP  thetaD  objP      objD      alphaP  alphaD  beta 
 0 1.0e+20 1.0e+00 1.0e+00 +0.00e+00 -3.13e+10 1.0e+00 9.0e-01 3.00e-01
 1 1.6e+19 8.6e-88 1.0e-01 +1.60e+10 -3.13e+09 9.0e-01 9.0e-01 3.00e-01
 2 2.5e+18 2.6e-87 1.0e-02 +2.46e+10 -3.13e+08 9.0e-01 9.0e-01 3.00e-01
 3 3.8e+17 4.3e-87 1.0e-03 +3.79e+10 -3.13e+07 9.0e-01 9.0e-01 3.00e-01
 4 5.8e+16 5.2e-87 1.0e-04 +5.84e+10 -3.13e+06 9.0e-01 9.0e-01 3.00e-01
 5 9.0e+15 8.6e-87 1.0e-05 +9.00e+10 -3.13e+05 9.0e-01 9.0e-01 3.00e-01
 6 1.4e+15 1.2e-86 1.0e-06 +1.39e+11 -3.13e+04 9.0e-01 9.0e-01 3.00e-01
 7 2.1e+14 1.4e-86 1.0e-07 +2.13e+11 -3.13e+03 9.0e-01 9.0e-01 3.00e-01
 8 3.3e+13 1.4e-86 1.0e-08 +3.29e+11 -3.14e+02 9.0e-01 9.0e-01 3.00e-01
 9 5.1e+12 1.5e-86 1.0e-09 +5.05e+11 -3.16e+01 9.0e-01 9.0e-01 3.00e-01
10 8.6e+11 1.8e-86 1.0e-10 +7.66e+11 -3.35e+00 8.8e-01 8.8e-01 3.00e-01
11 2.2e+11 1.8e-86 1.2e-11 +1.03e+12 -5.32e-01 2.0e+00 9.1e-01 3.00e-01
12 5.1e+10 2.1e-86 1.1e-12 +4.65e+11 -2.71e-01 1.3e+00 1.0e+00 3.00e-01
13 1.0e+10 2.5e-86 8.6e-94 +1.25e+11 -4.63e-01 9.6e-01 9.6e-01 1.00e-01
14 1.4e+09 2.8e-86 1.1e-93 +1.65e+10 -4.65e-01 9.9e-01 9.9e-01 1.00e-01
15 1.5e+08 2.8e-86 3.4e-93 +1.84e+09 -4.67e-01 1.0e+00 1.0e+00 1.00e-01
16 1.6e+07 3.0e-86 6.2e-93 +1.86e+08 -4.69e-01 1.0e+00 1.0e+00 1.00e-01
17 1.6e+06 3.0e-86 2.9e-92 +1.86e+07 -4.71e-01 1.0e+00 1.0e+00 1.00e-01
18 1.6e+05 3.2e-86 9.6e-92 +1.86e+06 -4.73e-01 1.0e+00 1.0e+00 1.00e-01
19 1.6e+04 2.9e-86 2.4e-91 +1.86e+05 -4.74e-01 1.0e+00 1.0e+00 1.00e-01
20 1.6e+03 3.1e-86 8.6e-91 +1.86e+04 -4.75e-01 1.0e+00 1.0e+00 1.00e-01
21 1.6e+02 3.5e-86 3.5e-90 +1.86e+03 -4.76e-01 1.0e+00 1.0e+00 1.00e-01
22 1.6e+01 3.8e-86 6.1e-90 +1.87e+02 -4.77e-01 1.0e+00 6.4e+01 1.00e-01
23 1.6e+00 3.5e-86 2.3e-87 +1.89e+01 -1.98e-01 9.8e-01 9.8e-01 1.00e-01
24 1.8e-01 3.8e-86 1.3e-88 +1.98e+00 -2.05e-01 9.3e-01 1.4e+00 1.00e-01
25 2.7e-02 4.1e-86 3.5e-88 +2.43e-01 -7.73e-02 8.9e-01 1.0e+00 1.00e-01
26 4.7e-03 3.8e-86 7.2e-89 +3.01e-02 -2.61e-02 9.0e-01 8.9e-01 1.00e-01
27 9.0e-04 3.7e-86 7.2e-89 +3.25e-03 -7.52e-03 9.4e-01 9.2e-01 1.00e-01
28 1.5e-04 3.9e-86 2.9e-89 +3.35e-04 -1.46e-03 9.8e-01 9.8e-01 1.00e-01
29 1.8e-05 3.8e-86 1.1e-89 +1.33e-05 -2.03e-04 1.0e+00 9.6e-01 1.00e-01
30 2.4e-06 3.9e-86 4.1e-89 -2.06e-05 -4.91e-05 1.0e+00 9.6e-01 1.00e-01
31 3.0e-07 3.7e-86 1.4e-88 -2.42e-05 -2.79e-05 1.0e+00 9.8e-01 1.00e-01
32 3.5e-08 3.7e-86 2.1e-88 -2.46e-05 -2.50e-05 1.1e+00 9.9e-01 1.00e-01
33 3.6e-09 3.8e-86 1.7e-88 -2.47e-05 -2.47e-05 1.1e+00 9.9e-01 1.00e-01
34 3.7e-10 3.8e-86 2.3e-88 -2.47e-05 -2.47e-05 1.1e+00 9.9e-01 1.00e-01
35 3.7e-11 3.8e-86 3.4e-88 -2.47e-05 -2.47e-05 1.1e+00 9.9e-01 1.00e-01
36 3.7e-12 3.8e-86 5.5e-88 -2.47e-05 -2.47e-05 1.1e+00 9.9e-01 1.00e-01
37 3.7e-13 3.6e-86 7.1e-88 -2.47e-05 -2.47e-05 1.1e+00 9.9e-01 1.00e-01
38 3.7e-14 3.9e-86 8.8e-88 -2.47e-05 -2.47e-05 1.1e+00 9.9e-01 1.00e-01
39 3.7e-15 3.8e-86 6.9e-88 -2.47e-05 -2.47e-05 1.1e+00 9.9e-01 1.00e-01
40 3.7e-16 3.9e-86 6.6e-88 -2.47e-05 -2.47e-05 1.1e+00 9.9e-01 1.00e-01
41 3.7e-17 3.9e-86 7.2e-88 -2.47e-05 -2.47e-05 1.1e+00 9.9e-01 1.00e-01
42 3.7e-18 3.7e-86 5.9e-88 -2.47e-05 -2.47e-05 1.1e+00 9.9e-01 1.00e-01
43 3.7e-19 3.6e-86 7.3e-88 -2.47e-05 -2.47e-05 1.1e+00 9.9e-01 1.00e-01
44 3.7e-20 3.7e-86 7.0e-88 -2.47e-05 -2.47e-05 1.1e+00 9.9e-01 1.00e-01
45 3.7e-21 3.8e-86 6.3e-80 -2.47e-05 -2.47e-05 1.1e+00 9.9e-01 1.00e-01
46 3.7e-22 3.8e-86 1.1e-79 -2.47e-05 -2.47e-05 1.1e+00 9.9e-01 1.00e-01
47 3.7e-23 3.9e-86 4.8e-80 -2.47e-05 -2.47e-05 1.1e+00 9.9e-01 1.00e-01
48 3.7e-24 3.7e-86 2.5e-80 -2.47e-05 -2.47e-05 1.1e+00 9.9e-01 1.00e-01
49 3.7e-25 3.8e-86 1.1e-80 -2.47e-05 -2.47e-05 1.1e+00 9.9e-01 1.00e-01
50 3.7e-26 3.7e-86 2.6e-81 -2.47e-05 -2.47e-05 1.1e+00 9.9e-01 1.00e-01
51 3.7e-27 3.7e-86 7.9e-82 -2.47e-05 -2.47e-05 1.1e+00 9.9e-01 1.00e-01
52 3.7e-28 3.7e-86 9.5e-82 -2.47e-05 -2.47e-05 1.1e+00 9.9e-01 1.00e-01
53 3.7e-29 3.7e-86 7.1e-81 -2.47e-05 -2.47e-05 1.1e+00 9.9e-01 1.00e-01
54 3.7e-30 3.8e-86 6.3e-80 -2.47e-05 -2.47e-05 1.1e+00 9.9e-01 1.00e-01
55 3.7e-31 3.7e-86 5.3e-79 -2.47e-05 -2.47e-05 1.1e+00 9.9e-01 1.00e-01
56 3.7e-32 3.8e-86 5.0e-78 -2.47e-05 -2.47e-05 1.1e+00 9.9e-01 1.00e-01

phase.value = pdOPT     
   Iteration = 56
          mu = 3.6728212392046794e-32
relative gap = 4.4073854870456152e-31
         gap = 4.4073854870456152e-31
      digits = 2.5747781587429451e+01
objValPrimal = -2.4658271193910398e-05
objValDual   = -2.4658271193910398e-05
p.feas.error = 3.7999141642415556e-76
d.feas.error = 5.9562930481883152e-67
relative eps = 8.6361685550944446e-78
total time   = 0.110


Parameters are
maxIteration =    200
epsilonStar  = 1.000e-30
lambdaStar   = 1.000e+10
omegaStar    = 2.000e+00
lowerBound   = -1.000e+05
upperBound   = 1.000e+05
betaStar     = 1.000e-01
betaBar      = 3.000e-01
gammaStar    = 9.000e-01
epsilonDash  = 1.000e-30
precision    =    200

                         Time(sec)  Ratio(% : MainLoop) 
 Predictor time  =       0.040000,  36.363636
 Corrector time  =       0.040000,  36.363636
 Make bMat time  =       0.030000,  27.272727
 Make bDia time  =       0.000000,  0.000000
 Make bF1  time  =       0.030000,  27.272727
 Make bF2  time  =       0.000000,  0.000000
 Make bF3  time  =       0.000000,  0.000000
 Make bPRE time  =       0.030000,  27.272727
 Make rMat time  =       0.020000,  18.181818
 Make gVec Mul   =       0.000000,  0.000000
 Make gVec time  =       0.010000,  9.090909
 Cholesky bMat   =       0.000000,  0.000000
 Ste Pre time    =       0.000000,  0.000000
 Ste Cor time    =       0.030000,  27.272727
 solve           =       0.000000,  0.000000
 sumDz           =       0.000000,  0.000000
 makedX          =       0.020000,  18.181818
 symmetriseDx    =       0.000000,  0.000000
 makedXdZ        =       0.020000,  18.181818
 xMatTime        =       0.000000,  0.000000
 zMatTime        =       0.000000,  0.000000
 invzMatTime     =       0.000000,  0.000000
 xMatzMatTime    =       0.000000,  0.000000
 EigxMatTime     =       0.010000,  9.090909
 EigzMatTime     =       0.020000,  18.181818
 EigxMatzMatTime =       0.000000,  0.000000
 updateRes       =       0.000000,  0.000000
 EigTime         =       0.030000,  27.272727
 sub_total_bMat  =       0.080000,  72.727273
 Main Loop       =       0.110000,  100.000000
 File Check      =       0.000000,  0.000000
 File Change     =       0.000000,  0.000000
 File Read       =       0.000000,  0.000000
 Total           =       0.110000,  100.000000

xVec = 
{+2.465827119391e-05,+7.439366524965e-01,+7.514558095118e-01,+8.597081455917e-01,+1.046072489702e+00,+1.315398038721e+00,+1.686441880306e+00,+2.190426462921e+00}
xMat = 
{
{ {+9.999753417288e-01,+7.439366524965e-01,+7.514558095118e-01,+8.597081455917e-01,+1.046072489702e+00,+1.315398038721e+00 },
  {+7.439366524965e-01,+7.514311512406e-01,+8.597081455917e-01,+1.046072489702e+00,+1.315398038721e+00,+1.686441880306e+00 },
  {+7.514558095118e-01,+8.597081455917e-01,+1.046047831430e+00,+1.315398038721e+00,+1.686441880306e+00,+2.190426462921e+00 },
  {+8.597081455917e-01,+1.046072489702e+00,+1.315398038721e+00,+1.686417222035e+00,+2.190426462921e+00,+2.874302653787e+00 },
  {+1.046072489702e+00,+1.315398038721e+00,+1.686441880306e+00,+2.190426462921e+00,+2.874277995516e+00,+3.809457435864e+00 },
  {+1.315398038721e+00,+1.686441880306e+00,+2.190426462921e+00,+2.874302653787e+00,+3.809457435864e+00,+5.116764594068e+00 }   }
{ {+7.439119942253e-01,+7.514558095118e-01,+8.597081455917e-01,+1.046072489702e+00,+1.315398038721e+00,+1.686441880306e+00 },
  {+7.514558095118e-01,+8.596834873205e-01,+1.046072489702e+00,+1.315398038721e+00,+1.686441880306e+00,+2.190426462921e+00 },
  {+8.597081455917e-01,+1.046072489702e+00,+1.315373380450e+00,+1.686441880306e+00,+2.190426462921e+00,+2.874302653787e+00 },
  {+1.046072489702e+00,+1.315398038721e+00,+1.686441880306e+00,+2.190401804650e+00,+2.874302653787e+00,+3.809457435864e+00 },
  {+1.315398038721e+00,+1.686441880306e+00,+2.190426462921e+00,+2.874302653787e+00,+3.809432777593e+00,+5.116789252339e+00 },
  {+1.686441880306e+00,+2.190426462921e+00,+2.874302653787e+00,+3.809457435864e+00,+5.116789252339e+00,+7.147178821835e+00 }   }
}
yMat = 
{
{ {+7.255561902919e-05,-1.091807104417e-03,+3.553648557620e-03,-4.263528198930e-03,+2.045623233885e-03,-3.080501998957e-04 },
  {-1.091807104417e-03,+1.642936507474e-02,-5.347482102314e-02,+6.415699348660e-02,-3.078226069323e-02,+4.635497584656e-03 },
  {+3.553648557620e-03,-5.347482102314e-02,+1.740515516241e-01,-2.088202269820e-01,+1.001910830863e-01,-1.508776526451e-02 },
  {-4.263528198930e-03,+6.415699348660e-02,-2.088202269820e-01,+2.505343203778e-01,-1.202053329398e-01,+1.810170916484e-02 },
  {+2.045623233885e-03,-3.078226069323e-02,+1.001910830863e-01,-1.202053329398e-01,+5.767402264638e-02,-8.685125349920e-03 },
  {-3.080501998957e-04,+4.635497584656e-03,-1.508776526451e-02,+1.810170916484e-02,-8.685125349920e-03,+1.307892165010e-03 }   }
{ {+1.882125031312e-03,-1.155387048127e-02,+2.220357553492e-02,-1.694873997737e-02,+4.854210588616e-03,-2.740180413767e-04 },
  {-1.155387048127e-02,+7.092617168206e-02,-1.363019096413e-01,+1.040438564183e-01,-2.979872192156e-02,+1.682124676590e-03 },
  {+2.220357553492e-02,-1.363019096413e-01,+2.619373093355e-01,-1.999456051263e-01,+5.726550025829e-02,-3.232612168915e-03 },
  {-1.694873997737e-02,+1.040438564183e-01,-1.999456051263e-01,+1.526252411723e-01,-4.371269267083e-02,+2.467562173148e-03 },
  {+4.854210588616e-03,-2.979872192156e-02,+5.726550025829e-02,-4.371269267083e-02,+1.251955106415e-02,-7.067231218935e-04 },
  {-2.740180413767e-04,+1.682124676590e-03,-3.232612168915e-03,+2.467562173148e-03,-7.067231218935e-04,+3.989420774431e-05 }   }
}
    main loop time = 0.110000
        total time = 0.110000
  file   read time = 0.000000
