SDPA-GMP start at Wed Jun  5 23:35:13 2024
*SDP Scan Problem: V = x^2 - 2*x^4 + x^8
* K = 6; eval = 9.396984924623116; Domain = R+ with BCs: Neumann
data      is /Users/gorg/qmBoot/data/K=6_BC-Neumann_V_0.0_0.0_1.0_0.0_-2.0_0.0_0.0_0.0_1.0/e=9.396984924623116_K=6_D=R+.dat
parameter is ./param.sdpa
out       is /Users/gorg/qmBoot/data/K=6_BC-Neumann_V_0.0_0.0_1.0_0.0_-2.0_0.0_0.0_0.0_1.0/e=9.396984924623116_K=6_D=R+.out
DENSE computation
   mu      thetaP  thetaD  objP      objD      alphaP  alphaD  beta 
 0 1.0e+20 1.0e+00 1.0e+00 +0.00e+00 -3.09e+10 1.0e+00 9.0e-01 3.00e-01
 1 1.6e+19 8.6e-88 1.0e-01 +1.60e+10 -3.09e+09 9.0e-01 9.0e-01 3.00e-01
 2 2.5e+18 1.7e-87 1.0e-02 +2.46e+10 -3.09e+08 9.0e-01 9.0e-01 3.00e-01
 3 3.8e+17 4.3e-87 1.0e-03 +3.79e+10 -3.09e+07 9.0e-01 9.0e-01 3.00e-01
 4 5.8e+16 5.2e-87 1.0e-04 +5.84e+10 -3.09e+06 9.0e-01 9.0e-01 3.00e-01
 5 9.0e+15 7.8e-87 1.0e-05 +9.00e+10 -3.09e+05 9.0e-01 9.0e-01 3.00e-01
 6 1.4e+15 9.5e-87 1.0e-06 +1.39e+11 -3.09e+04 9.0e-01 9.0e-01 3.00e-01
 7 2.1e+14 1.2e-86 1.0e-07 +2.13e+11 -3.09e+03 9.0e-01 9.0e-01 3.00e-01
 8 3.3e+13 1.3e-86 1.0e-08 +3.29e+11 -3.10e+02 9.0e-01 9.0e-01 3.00e-01
 9 5.1e+12 1.4e-86 1.0e-09 +5.05e+11 -3.12e+01 9.0e-01 9.0e-01 3.00e-01
10 8.6e+11 1.5e-86 1.0e-10 +7.66e+11 -3.31e+00 8.8e-01 8.8e-01 3.00e-01
11 2.2e+11 1.6e-86 1.2e-11 +1.03e+12 -5.26e-01 2.0e+00 9.1e-01 3.00e-01
12 5.0e+10 1.8e-86 1.1e-12 +4.65e+11 -2.68e-01 1.3e+00 1.0e+00 3.00e-01
13 1.0e+10 1.8e-86 6.0e-94 +1.24e+11 -4.57e-01 9.6e-01 9.6e-01 1.00e-01
14 1.4e+09 2.0e-86 1.5e-93 +1.64e+10 -4.59e-01 9.9e-01 9.9e-01 1.00e-01
15 1.5e+08 2.4e-86 2.2e-93 +1.83e+09 -4.61e-01 1.0e+00 1.0e+00 1.00e-01
16 1.5e+07 2.6e-86 5.8e-93 +1.86e+08 -4.63e-01 1.0e+00 1.0e+00 1.00e-01
17 1.5e+06 2.6e-86 1.9e-92 +1.86e+07 -4.65e-01 1.0e+00 1.0e+00 1.00e-01
18 1.5e+05 2.5e-86 7.8e-92 +1.86e+06 -4.66e-01 1.0e+00 1.0e+00 1.00e-01
19 1.5e+04 2.8e-86 2.8e-91 +1.86e+05 -4.68e-01 1.0e+00 1.0e+00 1.00e-01
20 1.5e+03 2.9e-86 5.2e-91 +1.86e+04 -4.69e-01 1.0e+00 1.0e+00 1.00e-01
21 1.5e+02 2.9e-86 3.1e-90 +1.86e+03 -4.70e-01 1.0e+00 1.0e+00 1.00e-01
22 1.6e+01 3.3e-86 6.6e-90 +1.86e+02 -4.71e-01 1.0e+00 6.5e+01 1.00e-01
23 1.6e+00 3.4e-86 1.7e-87 +1.88e+01 -1.97e-01 9.8e-01 9.8e-01 1.00e-01
24 1.8e-01 3.6e-86 1.4e-88 +1.97e+00 -2.04e-01 9.3e-01 1.4e+00 1.00e-01
25 2.7e-02 3.4e-86 2.1e-88 +2.43e-01 -7.64e-02 8.9e-01 1.0e+00 1.00e-01
26 4.7e-03 3.2e-86 1.4e-88 +3.01e-02 -2.59e-02 9.0e-01 9.0e-01 1.00e-01
27 8.9e-04 3.3e-86 8.6e-89 +3.26e-03 -7.45e-03 9.4e-01 9.2e-01 1.00e-01
28 1.5e-04 3.4e-86 5.4e-89 +3.38e-04 -1.44e-03 9.8e-01 9.8e-01 1.00e-01
29 1.8e-05 3.3e-86 1.6e-89 +1.37e-05 -2.02e-04 1.0e+00 9.6e-01 1.00e-01
30 2.4e-06 3.2e-86 1.1e-88 -2.04e-05 -4.90e-05 1.0e+00 9.7e-01 1.00e-01
31 3.0e-07 3.4e-86 5.7e-89 -2.41e-05 -2.77e-05 1.0e+00 9.8e-01 1.00e-01
32 3.4e-08 3.4e-86 4.3e-88 -2.45e-05 -2.49e-05 1.1e+00 9.9e-01 1.00e-01
33 3.6e-09 3.2e-86 1.9e-88 -2.45e-05 -2.46e-05 1.1e+00 9.9e-01 1.00e-01
34 3.6e-10 3.4e-86 3.0e-88 -2.46e-05 -2.46e-05 1.1e+00 9.9e-01 1.00e-01
35 3.6e-11 3.3e-86 5.6e-88 -2.46e-05 -2.46e-05 1.1e+00 9.9e-01 1.00e-01
36 3.6e-12 3.3e-86 5.4e-88 -2.46e-05 -2.46e-05 1.1e+00 9.9e-01 1.00e-01
37 3.6e-13 3.3e-86 6.0e-88 -2.46e-05 -2.46e-05 1.1e+00 9.9e-01 1.00e-01
38 3.6e-14 3.4e-86 5.6e-88 -2.46e-05 -2.46e-05 1.1e+00 9.9e-01 1.00e-01
39 3.6e-15 3.2e-86 7.4e-88 -2.46e-05 -2.46e-05 1.1e+00 9.9e-01 1.00e-01
40 3.6e-16 3.3e-86 7.4e-88 -2.46e-05 -2.46e-05 1.1e+00 9.9e-01 1.00e-01
41 3.6e-17 3.3e-86 6.8e-88 -2.46e-05 -2.46e-05 1.1e+00 9.9e-01 1.00e-01
42 3.6e-18 3.4e-86 7.0e-88 -2.46e-05 -2.46e-05 1.1e+00 9.9e-01 1.00e-01
43 3.6e-19 3.3e-86 6.1e-88 -2.46e-05 -2.46e-05 1.1e+00 9.9e-01 1.00e-01
44 3.6e-20 3.4e-86 6.4e-88 -2.46e-05 -2.46e-05 1.1e+00 9.9e-01 1.00e-01
45 3.6e-21 3.3e-86 1.2e-79 -2.46e-05 -2.46e-05 1.1e+00 9.9e-01 1.00e-01
46 3.6e-22 3.3e-86 3.8e-80 -2.46e-05 -2.46e-05 1.1e+00 9.9e-01 1.00e-01
47 3.6e-23 3.3e-86 3.5e-80 -2.46e-05 -2.46e-05 1.1e+00 9.9e-01 1.00e-01
48 3.6e-24 3.2e-86 2.2e-80 -2.46e-05 -2.46e-05 1.1e+00 9.9e-01 1.00e-01
49 3.6e-25 3.3e-86 9.1e-81 -2.46e-05 -2.46e-05 1.1e+00 9.9e-01 1.00e-01
50 3.6e-26 3.3e-86 1.3e-81 -2.46e-05 -2.46e-05 1.1e+00 9.9e-01 1.00e-01
51 3.6e-27 3.3e-86 9.0e-82 -2.46e-05 -2.46e-05 1.1e+00 9.9e-01 1.00e-01
52 3.6e-28 3.2e-86 4.1e-82 -2.46e-05 -2.46e-05 1.1e+00 9.9e-01 1.00e-01
53 3.6e-29 3.2e-86 8.5e-81 -2.46e-05 -2.46e-05 1.1e+00 9.9e-01 1.00e-01
54 3.6e-30 3.4e-86 8.4e-80 -2.46e-05 -2.46e-05 1.1e+00 9.9e-01 1.00e-01
55 3.6e-31 3.3e-86 3.0e-79 -2.46e-05 -2.46e-05 1.1e+00 9.9e-01 1.00e-01
56 3.6e-32 3.4e-86 5.3e-78 -2.46e-05 -2.46e-05 1.1e+00 9.9e-01 1.00e-01

phase.value = pdOPT     
   Iteration = 56
          mu = 3.6257212631668835e-32
relative gap = 4.3508655158002602e-31
         gap = 4.3508655158002602e-31
      digits = 2.5751504370823792e+01
objValPrimal = -2.4551613032094134e-05
objValDual   = -2.4551613032094134e-05
p.feas.error = 3.3681057364868334e-76
d.feas.error = 6.3320679554793026e-67
relative eps = 8.6361685550944446e-78
total time   = 0.110


Parameters are
maxIteration =    200
epsilonStar  = 1.000e-30
lambdaStar   = 1.000e+10
omegaStar    = 2.000e+00
lowerBound   = -1.000e+05
upperBound   = 1.000e+05
betaStar     = 1.000e-01
betaBar      = 3.000e-01
gammaStar    = 9.000e-01
epsilonDash  = 1.000e-30
precision    =    200

                         Time(sec)  Ratio(% : MainLoop) 
 Predictor time  =       0.020000,  18.181818
 Corrector time  =       0.020000,  18.181818
 Make bMat time  =       0.020000,  18.181818
 Make bDia time  =       0.000000,  0.000000
 Make bF1  time  =       0.020000,  18.181818
 Make bF2  time  =       0.000000,  0.000000
 Make bF3  time  =       0.000000,  0.000000
 Make bPRE time  =       0.010000,  9.090909
 Make rMat time  =       0.000000,  0.000000
 Make gVec Mul   =       0.000000,  0.000000
 Make gVec time  =       0.000000,  0.000000
 Cholesky bMat   =       0.000000,  0.000000
 Ste Pre time    =       0.000000,  0.000000
 Ste Cor time    =       0.070000,  63.636364
 solve           =       0.000000,  0.000000
 sumDz           =       0.010000,  9.090909
 makedX          =       0.010000,  9.090909
 symmetriseDx    =       0.000000,  0.000000
 makedXdZ        =       0.020000,  18.181818
 xMatTime        =       0.000000,  0.000000
 zMatTime        =       0.000000,  0.000000
 invzMatTime     =       0.000000,  0.000000
 xMatzMatTime    =       0.000000,  0.000000
 EigxMatTime     =       0.040000,  36.363636
 EigzMatTime     =       0.030000,  27.272727
 EigxMatzMatTime =       0.000000,  0.000000
 updateRes       =       0.000000,  0.000000
 EigTime         =       0.070000,  63.636364
 sub_total_bMat  =       0.090000,  81.818182
 Main Loop       =       0.110000,  100.000000
 File Check      =       0.000000,  0.000000
 File Change     =       0.000000,  0.000000
 File Read       =       0.000000,  0.000000
 Total           =       0.110000,  100.000000

xVec = 
{+2.455161303209e-05,+7.417082761237e-01,+7.475635176091e-01,+8.533650143942e-01,+1.036060868441e+00,+1.299999965666e+00,+1.663231083704e+00,+2.155955999432e+00}
xMat = 
{
{ {+9.999754483870e-01,+7.417082761237e-01,+7.475635176091e-01,+8.533650143942e-01,+1.036060868441e+00,+1.299999965666e+00 },
  {+7.417082761237e-01,+7.475389659961e-01,+8.533650143942e-01,+1.036060868441e+00,+1.299999965666e+00,+1.663231083704e+00 },
  {+7.475635176091e-01,+8.533650143942e-01,+1.036036316828e+00,+1.299999965666e+00,+1.663231083704e+00,+2.155955999432e+00 },
  {+8.533650143942e-01,+1.036060868441e+00,+1.299999965666e+00,+1.663206532091e+00,+2.155955999432e+00,+2.823644620010e+00 },
  {+1.036060868441e+00,+1.299999965666e+00,+1.663231083704e+00,+2.155955999432e+00,+2.823620068397e+00,+3.735491666334e+00 },
  {+1.299999965666e+00,+1.663231083704e+00,+2.155955999432e+00,+2.823644620010e+00,+3.735491666334e+00,+5.008917831072e+00 }   }
{ {+7.416837245107e-01,+7.475635176091e-01,+8.533650143942e-01,+1.036060868441e+00,+1.299999965666e+00,+1.663231083704e+00 },
  {+7.475635176091e-01,+8.533404627812e-01,+1.036060868441e+00,+1.299999965666e+00,+1.663231083704e+00,+2.155955999432e+00 },
  {+8.533650143942e-01,+1.036060868441e+00,+1.299975414053e+00,+1.663231083704e+00,+2.155955999432e+00,+2.823644620010e+00 },
  {+1.036060868441e+00,+1.299999965666e+00,+1.663231083704e+00,+2.155931447819e+00,+2.823644620010e+00,+3.735491666334e+00 },
  {+1.299999965666e+00,+1.663231083704e+00,+2.155955999432e+00,+2.823644620010e+00,+3.735467114721e+00,+5.008942382685e+00 },
  {+1.663231083704e+00,+2.155955999432e+00,+2.823644620010e+00,+3.735491666334e+00,+5.008942382685e+00,+6.987219763818e+00 }   }
}
yMat = 
{
{ {+7.151335108036e-05,-1.080085559051e-03,+3.523342824362e-03,-4.235265608224e-03,+2.035744911958e-03,-3.071183907628e-04 },
  {-1.080085559051e-03,+1.631282546891e-02,-5.321400335306e-02,+6.396636646278e-02,-3.074640816156e-02,+4.638492446105e-03 },
  {+3.523342824362e-03,-5.321400335306e-02,+1.735891895771e-01,-2.086644306912e-01,+1.002977362887e-01,-1.513120783709e-02 },
  {-4.235265608224e-03,+6.396636646278e-02,-2.086644306912e-01,+2.508269365261e-01,-1.205637867962e-01,+1.818860308461e-02 },
  {+2.035744911958e-03,-3.074640816156e-02,+1.002977362887e-01,-1.205637867962e-01,+5.795082014696e-02,-8.742629060435e-03 },
  {-3.071183907628e-04,+4.638492446105e-03,-1.513120783709e-02,+1.818860308461e-02,-8.742629060435e-03,+1.318938415272e-03 }   }
{ {+1.863068902976e-03,-1.146808362465e-02,+2.208299512483e-02,-1.688795324888e-02,+4.845506055023e-03,-2.740164017349e-04 },
  {-1.146808362465e-02,+7.059156095183e-02,-1.359314378387e-01,+1.039534607646e-01,-2.982641627155e-02,+1.686702517873e-03 },
  {+2.208299512483e-02,-1.359314378387e-01,+2.617502084351e-01,-2.001732671656e-01,+5.743388578890e-02,-3.247922207261e-03 },
  {-1.688795324888e-02,+1.039534607646e-01,-2.001732671656e-01,+1.530823494938e-01,-4.392251923355e-02,+2.483845967550e-03 },
  {+4.845506055023e-03,-2.982641627155e-02,+5.743388578890e-02,-4.392251923355e-02,+1.260228695340e-02,-7.126672189424e-04 },
  {-2.740164017349e-04,+1.686702517873e-03,-3.247922207261e-03,+2.483845967550e-03,-7.126672189424e-04,+4.030177751333e-05 }   }
}
    main loop time = 0.110000
        total time = 0.110000
  file   read time = 0.000000
