SDPA-GMP start at Wed Jun  5 23:35:13 2024
*SDP Scan Problem: V = x^2 - 2*x^4 + x^8
* K = 6; eval = 9.095477386934675; Domain = R+ with BCs: Neumann
data      is /Users/gorg/qmBoot/data/K=6_BC-Neumann_V_0.0_0.0_1.0_0.0_-2.0_0.0_0.0_0.0_1.0/e=9.095477386934675_K=6_D=R+.dat
parameter is ./param.sdpa
out       is /Users/gorg/qmBoot/data/K=6_BC-Neumann_V_0.0_0.0_1.0_0.0_-2.0_0.0_0.0_0.0_1.0/e=9.095477386934675_K=6_D=R+.out
DENSE computation
   mu      thetaP  thetaD  objP      objD      alphaP  alphaD  beta 
 0 1.0e+20 1.0e+00 1.0e+00 +0.00e+00 -3.03e+10 1.0e+00 9.0e-01 3.00e-01
 1 1.6e+19 8.6e-88 1.0e-01 +1.60e+10 -3.03e+09 9.0e-01 9.0e-01 3.00e-01
 2 2.5e+18 2.6e-87 1.0e-02 +2.46e+10 -3.03e+08 9.0e-01 9.0e-01 3.00e-01
 3 3.8e+17 4.3e-87 1.0e-03 +3.79e+10 -3.03e+07 9.0e-01 9.0e-01 3.00e-01
 4 5.8e+16 7.8e-87 1.0e-04 +5.84e+10 -3.03e+06 9.0e-01 9.0e-01 3.00e-01
 5 9.0e+15 8.6e-87 1.0e-05 +9.00e+10 -3.03e+05 9.0e-01 9.0e-01 3.00e-01
 6 1.4e+15 1.0e-86 1.0e-06 +1.39e+11 -3.03e+04 9.0e-01 9.0e-01 3.00e-01
 7 2.1e+14 1.2e-86 1.0e-07 +2.13e+11 -3.03e+03 9.0e-01 9.0e-01 3.00e-01
 8 3.3e+13 1.1e-86 1.0e-08 +3.29e+11 -3.04e+02 9.0e-01 9.0e-01 3.00e-01
 9 5.1e+12 1.0e-86 1.0e-09 +5.05e+11 -3.05e+01 9.0e-01 9.0e-01 3.00e-01
10 8.6e+11 1.4e-86 1.0e-10 +7.66e+11 -3.25e+00 8.8e-01 8.8e-01 3.00e-01
11 2.2e+11 1.3e-86 1.2e-11 +1.03e+12 -5.17e-01 2.0e+00 9.1e-01 3.00e-01
12 5.0e+10 1.5e-86 1.1e-12 +4.67e+11 -2.63e-01 1.3e+00 1.0e+00 3.00e-01
13 1.0e+10 2.0e-86 7.9e-94 +1.24e+11 -4.47e-01 9.6e-01 9.6e-01 1.00e-01
14 1.4e+09 2.2e-86 1.2e-93 +1.64e+10 -4.49e-01 9.9e-01 9.9e-01 1.00e-01
15 1.5e+08 2.2e-86 2.4e-93 +1.82e+09 -4.51e-01 1.0e+00 1.0e+00 1.00e-01
16 1.5e+07 2.2e-86 5.4e-93 +1.85e+08 -4.53e-01 1.0e+00 1.0e+00 1.00e-01
17 1.5e+06 2.7e-86 2.0e-92 +1.85e+07 -4.55e-01 1.0e+00 1.0e+00 1.00e-01
18 1.5e+05 2.8e-86 5.2e-92 +1.85e+06 -4.57e-01 1.0e+00 1.0e+00 1.00e-01
19 1.5e+04 2.8e-86 2.0e-91 +1.85e+05 -4.58e-01 1.0e+00 1.0e+00 1.00e-01
20 1.5e+03 3.0e-86 5.0e-91 +1.85e+04 -4.59e-01 1.0e+00 1.0e+00 1.00e-01
21 1.5e+02 3.2e-86 2.8e-90 +1.85e+03 -4.61e-01 1.0e+00 1.0e+00 1.00e-01
22 1.5e+01 3.1e-86 8.2e-90 +1.85e+02 -4.61e-01 1.0e+00 6.6e+01 1.00e-01
23 1.6e+00 3.5e-86 1.9e-87 +1.88e+01 -1.95e-01 9.8e-01 9.8e-01 1.00e-01
24 1.8e-01 3.5e-86 1.4e-88 +1.97e+00 -2.02e-01 9.3e-01 1.4e+00 1.00e-01
25 2.6e-02 3.5e-86 2.5e-88 +2.43e-01 -7.51e-02 8.9e-01 1.1e+00 1.00e-01
26 4.6e-03 3.5e-86 1.4e-88 +3.01e-02 -2.56e-02 9.0e-01 9.0e-01 1.00e-01
27 8.9e-04 3.5e-86 7.5e-89 +3.28e-03 -7.36e-03 9.4e-01 9.2e-01 1.00e-01
28 1.5e-04 3.4e-86 3.3e-89 +3.41e-04 -1.42e-03 9.7e-01 9.8e-01 1.00e-01
29 1.8e-05 3.4e-86 1.6e-89 +1.42e-05 -2.00e-04 1.0e+00 9.6e-01 1.00e-01
30 2.4e-06 3.5e-86 4.5e-89 -2.03e-05 -4.88e-05 1.0e+00 9.7e-01 1.00e-01
31 3.0e-07 3.5e-86 2.2e-88 -2.40e-05 -2.75e-05 1.0e+00 9.8e-01 1.00e-01
32 3.4e-08 3.4e-86 7.8e-89 -2.43e-05 -2.48e-05 1.1e+00 9.9e-01 1.00e-01
33 3.5e-09 3.5e-86 1.7e-88 -2.44e-05 -2.44e-05 1.1e+00 9.9e-01 1.00e-01
34 3.5e-10 3.5e-86 3.1e-88 -2.44e-05 -2.44e-05 1.1e+00 9.9e-01 1.00e-01
35 3.6e-11 3.5e-86 8.7e-90 -2.44e-05 -2.44e-05 1.1e+00 9.9e-01 1.00e-01
36 3.6e-12 3.5e-86 2.1e-89 -2.44e-05 -2.44e-05 1.1e+00 9.9e-01 1.00e-01
37 3.6e-13 3.5e-86 2.2e-88 -2.44e-05 -2.44e-05 1.1e+00 9.9e-01 1.00e-01
38 3.6e-14 3.5e-86 2.2e-88 -2.44e-05 -2.44e-05 1.1e+00 9.9e-01 1.00e-01
39 3.6e-15 3.5e-86 4.8e-88 -2.44e-05 -2.44e-05 1.1e+00 9.9e-01 1.00e-01
40 3.6e-16 3.5e-86 5.6e-88 -2.44e-05 -2.44e-05 1.1e+00 9.9e-01 1.00e-01
41 3.6e-17 3.5e-86 7.5e-88 -2.44e-05 -2.44e-05 1.1e+00 9.9e-01 1.00e-01
42 3.6e-18 3.5e-86 6.7e-88 -2.44e-05 -2.44e-05 1.1e+00 9.9e-01 1.00e-01
43 3.6e-19 3.5e-86 7.8e-88 -2.44e-05 -2.44e-05 1.1e+00 9.9e-01 1.00e-01
44 3.6e-20 3.5e-86 6.8e-88 -2.44e-05 -2.44e-05 1.1e+00 9.9e-01 1.00e-01
45 3.6e-21 3.5e-86 9.2e-80 -2.44e-05 -2.44e-05 1.1e+00 9.9e-01 1.00e-01
46 3.6e-22 3.5e-86 3.5e-80 -2.44e-05 -2.44e-05 1.1e+00 9.9e-01 1.00e-01
47 3.6e-23 3.5e-86 4.4e-80 -2.44e-05 -2.44e-05 1.1e+00 9.9e-01 1.00e-01
48 3.6e-24 3.5e-86 2.1e-80 -2.44e-05 -2.44e-05 1.1e+00 9.9e-01 1.00e-01
49 3.6e-25 3.4e-86 5.8e-81 -2.44e-05 -2.44e-05 1.1e+00 9.9e-01 1.00e-01
50 3.6e-26 3.5e-86 1.5e-81 -2.44e-05 -2.44e-05 1.1e+00 9.9e-01 1.00e-01
51 3.6e-27 3.5e-86 5.9e-82 -2.44e-05 -2.44e-05 1.1e+00 9.9e-01 1.00e-01
52 3.6e-28 3.6e-86 8.7e-82 -2.44e-05 -2.44e-05 1.1e+00 9.9e-01 1.00e-01
53 3.6e-29 3.5e-86 6.9e-81 -2.44e-05 -2.44e-05 1.1e+00 9.9e-01 1.00e-01
54 3.6e-30 3.5e-86 5.0e-80 -2.44e-05 -2.44e-05 1.1e+00 9.9e-01 1.00e-01
55 3.6e-31 3.5e-86 3.6e-79 -2.44e-05 -2.44e-05 1.1e+00 9.9e-01 1.00e-01
56 3.6e-32 3.6e-86 3.6e-78 -2.44e-05 -2.44e-05 1.1e+00 9.9e-01 1.00e-01

phase.value = pdOPT     
   Iteration = 56
          mu = 3.5589556885384961e-32
relative gap = 4.2707468262461954e-31
         gap = 4.2707468262461954e-31
      digits = 2.5756725933586836e+01
objValPrimal = -2.4391008660492403e-05
objValDual   = -2.4391008660492403e-05
p.feas.error = 3.6271907931396667e-76
d.feas.error = 4.2956166217070549e-67
relative eps = 8.6361685550944446e-78
total time   = 0.110


Parameters are
maxIteration =    200
epsilonStar  = 1.000e-30
lambdaStar   = 1.000e+10
omegaStar    = 2.000e+00
lowerBound   = -1.000e+05
upperBound   = 1.000e+05
betaStar     = 1.000e-01
betaBar      = 3.000e-01
gammaStar    = 9.000e-01
epsilonDash  = 1.000e-30
precision    =    200

                         Time(sec)  Ratio(% : MainLoop) 
 Predictor time  =       0.040000,  36.363636
 Corrector time  =       0.030000,  27.272727
 Make bMat time  =       0.040000,  36.363636
 Make bDia time  =       0.000000,  0.000000
 Make bF1  time  =       0.040000,  36.363636
 Make bF2  time  =       0.000000,  0.000000
 Make bF3  time  =       0.000000,  0.000000
 Make bPRE time  =       0.040000,  36.363636
 Make rMat time  =       0.000000,  0.000000
 Make gVec Mul   =       0.000000,  0.000000
 Make gVec time  =       0.010000,  9.090909
 Cholesky bMat   =       0.000000,  0.000000
 Ste Pre time    =       0.000000,  0.000000
 Ste Cor time    =       0.030000,  27.272727
 solve           =       0.000000,  0.000000
 sumDz           =       0.000000,  0.000000
 makedX          =       0.020000,  18.181818
 symmetriseDx    =       0.000000,  0.000000
 makedXdZ        =       0.020000,  18.181818
 xMatTime        =       0.000000,  0.000000
 zMatTime        =       0.010000,  9.090909
 invzMatTime     =       0.000000,  0.000000
 xMatzMatTime    =       0.000000,  0.000000
 EigxMatTime     =       0.020000,  18.181818
 EigzMatTime     =       0.010000,  9.090909
 EigxMatzMatTime =       0.000000,  0.000000
 updateRes       =       0.000000,  0.000000
 EigTime         =       0.030000,  27.272727
 sub_total_bMat  =       0.070000,  63.636364
 Main Loop       =       0.110000,  100.000000
 File Check      =       0.000000,  0.000000
 File Change     =       0.000000,  0.000000
 File Read       =       0.000000,  0.000000
 Total           =       0.110000,  100.000000

xVec = 
{+2.439100866049e-05,+7.382653734528e-01,+7.415864622258e-01,+8.436674178953e-01,+1.020811435505e+00,+1.276624683627e+00,+1.628106407402e+00,+2.103948642701e+00}
xMat = 
{
{ {+9.999756089913e-01,+7.382653734528e-01,+7.415864622258e-01,+8.436674178953e-01,+1.020811435505e+00,+1.276624683627e+00 },
  {+7.382653734528e-01,+7.415620712172e-01,+8.436674178953e-01,+1.020811435505e+00,+1.276624683627e+00,+1.628106407402e+00 },
  {+7.415864622258e-01,+8.436674178953e-01,+1.020787044496e+00,+1.276624683627e+00,+1.628106407402e+00,+2.103948642701e+00 },
  {+8.436674178953e-01,+1.020811435505e+00,+1.276624683627e+00,+1.628082016393e+00,+2.103948642701e+00,+2.747434615102e+00 },
  {+1.020811435505e+00,+1.276624683627e+00,+1.628106407402e+00,+2.103948642701e+00,+2.747410224093e+00,+3.624526810264e+00 },
  {+1.276624683627e+00,+1.628106407402e+00,+2.103948642701e+00,+2.747434615102e+00,+3.624526810264e+00,+4.847556612548e+00 }   }
{ {+7.382409824441e-01,+7.415864622258e-01,+8.436674178953e-01,+1.020811435505e+00,+1.276624683627e+00,+1.628106407402e+00 },
  {+7.415864622258e-01,+8.436430268867e-01,+1.020811435505e+00,+1.276624683627e+00,+1.628106407402e+00,+2.103948642701e+00 },
  {+8.436674178953e-01,+1.020811435505e+00,+1.276600292618e+00,+1.628106407402e+00,+2.103948642701e+00,+2.747434615102e+00 },
  {+1.020811435505e+00,+1.276624683627e+00,+1.628106407402e+00,+2.103924251693e+00,+2.747434615102e+00,+3.624526810264e+00 },
  {+1.276624683627e+00,+1.628106407402e+00,+2.103948642701e+00,+2.747434615102e+00,+3.624502419256e+00,+4.847581003557e+00 },
  {+1.628106407402e+00,+2.103948642701e+00,+2.747434615102e+00,+3.624526810264e+00,+4.847581003557e+00,+6.748486136646e+00 }   }
}
yMat = 
{
{ {+6.993296881398e-05,-1.062249464840e-03,+3.477071276654e-03,-4.191930609503e-03,+2.020506888342e-03,-3.056650251270e-04 },
  {-1.062249464840e-03,+1.613507827122e-02,-5.281510517107e-02,+6.367348794293e-02,-3.069056551217e-02,+4.642910416475e-03 },
  {+3.477071276654e-03,-5.281510517107e-02,+1.728801860978e-01,-2.084230337025e-01,+1.004597199988e-01,-1.519768282645e-02 },
  {-4.191930609503e-03,+6.367348794293e-02,-2.084230337025e-01,+2.512732196688e-01,-1.211134721662e-01,+1.832221049406e-02 },
  {+2.020506888342e-03,-3.069056551217e-02,+1.004597199988e-01,-1.211134721662e-01,+5.837658768206e-02,-8.831289437133e-03 },
  {-3.056650251270e-04,+4.642910416475e-03,-1.519768282645e-02,+1.832221049406e-02,-8.831289437133e-03,+1.336009455489e-03 }   }
{ {+1.834072194337e-03,-1.133718934580e-02,+2.189834638920e-02,-1.679434569999e-02,+4.831922337514e-03,-2.739953945756e-04 },
  {-1.133718934580e-02,+7.008004519098e-02,-1.353631008316e-01,+1.038130765668e-01,-2.986819091079e-02,+1.693683420846e-03 },
  {+2.189834638920e-02,-1.353631008316e-01,+2.614605772130e-01,-2.005201325521e-01,+5.769189969694e-02,-3.271433958810e-03 },
  {-1.679434569999e-02,+1.038130765668e-01,-2.005201325521e-01,+1.537835033767e-01,-4.424524529749e-02,+2.508937974698e-03 },
  {+4.831922337514e-03,-2.986819091079e-02,+5.769189969694e-02,-4.424524529749e-02,+1.272985520846e-02,-7.218497022712e-04 },
  {-2.739953945756e-04,+1.693683420846e-03,-3.271433958810e-03,+2.508937974698e-03,-7.218497022712e-04,+4.093267237813e-05 }   }
}
    main loop time = 0.110000
        total time = 0.110000
  file   read time = 0.000000
